"STATION","DATE","LATITUDE","LONGITUDE","ELEVATION","NAME","TEMP","TEMP_ATTRIBUTES","DEWP","DEWP_ATTRIBUTES","SLP","SLP_ATTRIBUTES","STP","STP_ATTRIBUTES","VISIB","VISIB_ATTRIBUTES","WDSP","WDSP_ATTRIBUTES","MXSPD","GUST","MAX","MAX_ATTRIBUTES","MIN","MIN_ATTRIBUTES","PRCP","PRCP_ATTRIBUTES","SNDP","FRSHTT"
"03609099999","2023-01-01","51.5666666","-3.9833333","32.0","MUMBLES HEAD, UK","  49.4","24","  45.7","24","1005.2","24","000.0","24","999.9"," 0"," 24.1","24"," 34.0","999.9","  50.9"," ","  47.3"," "," 0.23","G","999.9","000000"
"03609099999","2023-01-02","51.5666666","-3.9833333","32.0","MUMBLES HEAD, UK","  44.3","24","  38.9","24","1017.1","24","011.8","24","999.9"," 0","  8.9","24"," 15.9","999.9","  49.1"," ","  41.2"," "," 0.01","G","999.9","000000"
"03609099999","2023-01-03","51.5666666","-3.9833333","32.0","MUMBLES HEAD, UK","  49.6","24","  48.6","24","1014.2","24","008.9","24","999.9"," 0"," 25.9","24"," 35.9","999.9","  51.8"," ","  41.7"," "," 0.02","G","999.9","000000"
"03609099999","2023-01-04","51.5666666","-3.9833333","32.0","MUMBLES HEAD, UK","  51.1","24","  50.1","24","1015.4","24","010.2","24","999.9"," 0"," 25.3","24"," 35.0","999.9","  51.8"," ","  50.2"," "," 0.42","G","999.9","000000"
"03609099999","2023-01-05","51.5666666","-3.9833333","32.0","MUMBLES HEAD, UK","  50.5","24","  49.8","24","1017.3","24","012.0","24","999.9"," 0"," 21.9","24"," 35.9","999.9","  51.8"," ","  46.6","*"," 0.09","G","999.9","000000"
"03609099999","2023-01-06","51.5666666","-3.9833333","32.0","MUMBLES HEAD, UK","  49.6","24","  48.0","24","1011.1","24","005.9","24","999.9"," 0"," 19.1","24"," 25.1","999.9","  52.2","*","  46.4"," "," 0.20","G","999.9","000000"
"03609099999","2023-01-07","51.5666666","-3.9833333","32.0","MUMBLES HEAD, UK","  49.6","24","  47.0","24"," 995.0","24","989.9","24","999.9"," 0"," 26.0","24"," 35.9","999.9","  52.5"," ","  43.9"," "," 0.43","G","999.9","000000"
"03609099999","2023-01-08","51.5666666","-3.9833333","32.0","MUMBLES HEAD, UK","  46.1","24","  42.5","24"," 989.5","24","984.4","24","999.9"," 0"," 22.1","24"," 29.9","999.9","  49.5"," ","  42.8"," "," 0.28","G","999.9","000000"
"03609099999","2023-01-09","51.5666666","-3.9833333","32.0","MUMBLES HEAD, UK","  45.8","24","  38.5","24","1004.1","24","998.9","24","999.9"," 0"," 13.9","24"," 19.0","999.9","  48.2"," ","  42.8"," "," 0.21","G","999.9","000000"
"03609099999","2023-01-10","51.5666666","-3.9833333","32.0","MUMBLES HEAD, UK","  49.6","24","  47.7","24","1005.4","24","000.2","24","999.9"," 0"," 25.1","24"," 41.0","999.9","  52.2"," ","  44.4"," "," 0.16","G","999.9","000000"
"03609099999","2023-01-11","51.5666666","-3.9833333","32.0","MUMBLES HEAD, UK","  48.7","24","  44.9","24","1007.5","23","002.3","23","999.9"," 0"," 29.4","24"," 47.0","999.9","  51.8"," ","  43.9"," "," 0.31","G","999.9","000000"
"03609099999","2023-01-12","51.5666666","-3.9833333","32.0","MUMBLES HEAD, UK","  49.7","24","  46.6","24","1002.5","24","997.3","24","999.9"," 0"," 33.7","24"," 47.0","999.9","  51.6"," ","  44.6"," "," 0.72","G","999.9","000000"
"03609099999","2023-01-13","51.5666666","-3.9833333","32.0","MUMBLES HEAD, UK","  48.3","24","  41.2","24","1010.4","24","005.2","24","999.9"," 0"," 22.6","24"," 34.0","999.9","  50.4"," ","  44.6"," "," 0.14","G","999.9","000000"
"03609099999","2023-01-14","51.5666666","-3.9833333","32.0","MUMBLES HEAD, UK","  47.2","24","  42.7","24"," 999.6","24","994.5","24","999.9"," 0"," 22.0","24"," 42.0","999.9","  51.4"," ","  42.1"," "," 0.54","G","999.9","000000"
"03609099999","2023-01-15","51.5666666","-3.9833333","32.0","MUMBLES HEAD, UK","  44.7","24","  37.0","24"," 997.9","24","992.7","24","999.9"," 0"," 17.4","24"," 32.1","999.9","  47.5"," ","  40.8","*"," 0.04","G","999.9","000000"
"03609099999","2023-01-16","51.5666666","-3.9833333","32.0","MUMBLES HEAD, UK","  38.7","24","  30.1","24"," 990.1","24","984.9","24","999.9"," 0","  7.6","24"," 15.0","999.9","  46.4"," ","  34.2"," "," 0.02","G","999.9","000000"
"03609099999","2023-01-17","51.5666666","-3.9833333","32.0","MUMBLES HEAD, UK","  35.5","24","  27.9","24"," 991.4","24","986.1","24","999.9"," 0","  7.2","24"," 11.1","999.9","  41.0"," ","  32.0"," "," 0.00","G","999.9","000000"
"03609099999","2023-01-18","51.5666666","-3.9833333","32.0","MUMBLES HEAD, UK","  37.5","24","  33.7","24","1001.5","24","996.2","24","999.9"," 0","  9.1","24"," 17.1","999.9","  42.1"," ","  34.7"," "," 0.00","G","999.9","000000"
"03609099999","2023-01-19","51.5666666","-3.9833333","32.0","MUMBLES HEAD, UK","  37.8","24","  33.6","24","1010.3","24","004.9","24","999.9"," 0","  4.9","24","  8.0","999.9","  43.3"," ","  34.3"," "," 0.24","G","999.9","000000"
"03609099999","2023-01-20","51.5666666","-3.9833333","32.0","MUMBLES HEAD, UK","  39.0","24","  31.1","24","1021.8","24","016.4","24","999.9"," 0","  6.8","24","  9.9","999.9","  45.0"," ","  35.1"," "," 0.00","G","999.9","000000"
"03609099999","2023-01-21","51.5666666","-3.9833333","32.0","MUMBLES HEAD, UK","  38.1","23","  34.3","23","1032.3","23","026.9","23","999.9"," 0"," 12.3","23"," 18.1","999.9","  40.6"," ","  35.6"," "," 0.00","G","999.9","000000"
"03609099999","2023-01-22","51.5666666","-3.9833333","32.0","MUMBLES HEAD, UK","  40.6","24","  36.9","24","1034.4","24","029.0","24","999.9"," 0"," 13.1","24"," 19.0","999.9","  43.0"," ","  37.8"," "," 0.00","G","999.9","000000"
"03609099999","2023-01-23","51.5666666","-3.9833333","32.0","MUMBLES HEAD, UK","  40.6","24","  37.0","24","1037.3","24","031.9","24","999.9"," 0","  7.4","24"," 13.0","999.9","  44.2"," ","  37.4"," "," 0.00","G","999.9","000000"
"03609099999","2023-01-24","51.5666666","-3.9833333","32.0","MUMBLES HEAD, UK","  38.9","23","  36.4","23","1039.9","23","034.4","23","999.9"," 0","  5.3","23","  8.9","999.9","  44.1"," ","  35.2"," "," 0.00","G","999.9","000000"
"03609099999","2023-01-25","51.5666666","-3.9833333","32.0","MUMBLES HEAD, UK","  42.4","24","  41.2","24","1035.0","24","029.5","24","999.9"," 0","  5.6","24"," 11.1","999.9","  48.4"," ","  37.2"," "," 0.00","G","999.9","000000"
"03609099999","2023-01-26","51.5666666","-3.9833333","32.0","MUMBLES HEAD, UK","  43.1","24","  35.2","24","1034.2","24","028.8","24","999.9"," 0","  6.2","24"," 15.0","999.9","  48.4"," ","  37.6"," "," 0.04","G","999.9","000000"
"03609099999","2023-01-27","51.5666666","-3.9833333","32.0","MUMBLES HEAD, UK","  41.3","24","  32.9","24","1033.6","24","028.2","24","999.9"," 0","  6.2","24","  8.9","999.9","  45.9"," ","  38.7"," "," 0.00","G","999.9","000000"
"03609099999","2023-01-28","51.5666666","-3.9833333","32.0","MUMBLES HEAD, UK","  41.3","23","  34.5","23","1033.8","23","028.3","23","999.9"," 0","  4.0","23"," 12.0","999.9","  46.4"," ","  38.1"," "," 0.00","G","999.9","000000"
"03609099999","2023-01-29","51.5666666","-3.9833333","32.0","MUMBLES HEAD, UK","  46.3","23","  44.9","23","1028.1","23","022.8","23","999.9"," 0"," 11.4","23"," 20.0","999.9","  48.6"," ","  40.3"," "," 0.03","G","999.9","000000"
"03609099999","2023-01-30","51.5666666","-3.9833333","32.0","MUMBLES HEAD, UK","  45.9","23","  39.2","23","1027.8","23","022.4","23","999.9"," 0","  9.6","23"," 15.9","999.9","  50.0"," ","  43.0"," "," 0.08","G","999.9","000000"
"03609099999","2023-01-31","51.5666666","-3.9833333","32.0","MUMBLES HEAD, UK","  47.8","23","  41.5","23","1027.5","23","022.2","23","999.9"," 0"," 14.4","23"," 22.0","999.9","  52.0"," ","  43.2"," "," 0.00","G","999.9","000000"
"03609099999","2023-02-01","51.5666666","-3.9833333","32.0","MUMBLES HEAD, UK","  48.0","23","  40.7","23","1027.8","23","022.5","23","999.9"," 0"," 15.3","23"," 20.0","999.9","  51.4"," ","  45.1"," "," 0.01","G","999.9","000000"
"03609099999","2023-02-02","51.5666666","-3.9833333","32.0","MUMBLES HEAD, UK","  47.7","23","  47.0","23","1029.4","23","024.1","23","999.9"," 0"," 17.2","23"," 22.9","999.9","  48.9"," ","  46.8"," "," 0.02","G","999.9","000000"
"03609099999","2023-02-03","51.5666666","-3.9833333","32.0","MUMBLES HEAD, UK","  48.4","23","  47.5","23","1033.7","23","028.3","23","999.9"," 0"," 14.1","23"," 20.0","999.9","  50.5"," ","  47.3"," "," 0.03","G","999.9","000000"
"03609099999","2023-02-04","51.5666666","-3.9833333","32.0","MUMBLES HEAD, UK","  47.8","23","  44.3","23","1039.0","23","033.6","23","999.9"," 0","  8.3","23"," 15.0","999.9","  49.3"," ","  46.8"," "," 0.01","G","999.9","000000"
"03609099999","2023-02-05","51.5666666","-3.9833333","32.0","MUMBLES HEAD, UK","  43.2","23","  35.8","23","1046.2","23","040.7","23","999.9"," 0","  8.5","23"," 14.0","999.9","  49.3"," ","  40.8"," "," 0.00","G","999.9","000000"
"03609099999","2023-02-06","51.5666666","-3.9833333","32.0","MUMBLES HEAD, UK","  41.5","23","  36.8","23","1042.2","23","036.7","23","999.9"," 0","  5.8","23"," 12.0","999.9","  49.3"," ","  35.8"," "," 0.00","G","999.9","000000"
"03609099999","2023-02-07","51.5666666","-3.9833333","32.0","MUMBLES HEAD, UK","  41.0","24","  37.2","24","1039.0","24","033.5","24","999.9"," 0","  6.1","24","  8.9","999.9","  50.2"," ","  37.0"," "," 0.00","G","999.9","000000"
"03609099999","2023-02-08","51.5666666","-3.9833333","32.0","MUMBLES HEAD, UK","  41.0","23","  37.0","23","1034.4","23","028.9","23","999.9"," 0","  9.0","23"," 20.0","999.9","  46.8"," ","  35.2"," "," 0.00","G","999.9","000000"
"03609099999","2023-02-09","51.5666666","-3.9833333","32.0","MUMBLES HEAD, UK","  44.8","24","  37.6","24","1033.9","24","028.5","24","999.9"," 0","  6.9","24"," 15.9","999.9","  50.7"," ","  39.4","*"," 0.01","G","999.9","000000"
"03609099999","2023-02-10","51.5666666","-3.9833333","32.0","MUMBLES HEAD, UK","  43.0","24","  41.3","24","1037.5","24","032.1","24","999.9"," 0","  8.4","24"," 15.9","999.9","  48.4"," ","  36.0"," "," 0.00","G","999.9","000000"
"03609099999","2023-02-11","51.5666666","-3.9833333","32.0","MUMBLES HEAD, UK","  46.9","24","  45.5","24","1037.6","24","032.2","24","999.9"," 0","  5.2","24","  9.9","999.9","  48.2"," ","  46.0"," "," 0.03","G","999.9","000000"
"03609099999","2023-02-12","51.5666666","-3.9833333","32.0","MUMBLES HEAD, UK","  45.8","24","  41.6","24","1036.3","24","030.9","24","999.9"," 0"," 12.4","24"," 20.0","999.9","  48.7"," ","  43.9"," "," 0.00","G","999.9","000000"
"03609099999","2023-02-13","51.5666666","-3.9833333","32.0","MUMBLES HEAD, UK","  45.3","23","  40.9","23","1032.3","23","026.9","23","999.9"," 0"," 16.4","23"," 20.0","999.9","  48.6"," ","  42.6","*"," 0.00","G","999.9","000000"
"03609099999","2023-02-14","51.5666666","-3.9833333","32.0","MUMBLES HEAD, UK","  45.8","24","  42.4","24","1028.7","24","023.3","24","999.9"," 0"," 13.2","24"," 17.1","999.9","  50.7"," ","  41.2"," "," 0.00","G","999.9","000000"
"03609099999","2023-02-15","51.5666666","-3.9833333","32.0","MUMBLES HEAD, UK","  45.8","24","  43.7","24","1022.4","24","017.1","24","999.9"," 0"," 12.1","24"," 17.1","999.9","  49.1"," ","  42.6"," "," 0.00","G","999.9","000000"
"03609099999","2023-02-16","51.5666666","-3.9833333","32.0","MUMBLES HEAD, UK","  47.5","24","  47.3","24","1019.8","24","014.6","24","999.9"," 0"," 17.7","24"," 22.9","999.9","  48.6"," ","  45.7"," "," 0.16","G","999.9","000000"
"03609099999","2023-02-17","51.5666666","-3.9833333","32.0","MUMBLES HEAD, UK","  48.4","24","  48.3","24","1023.4","24","018.1","24","999.9"," 0"," 19.1","24"," 26.0","999.9","  50.2"," ","  47.3"," "," 0.07","G","999.9","000000"
"03609099999","2023-02-18","51.5666666","-3.9833333","32.0","MUMBLES HEAD, UK","  49.0","24","  48.1","24","1023.3","24","018.0","24","999.9"," 0"," 20.5","24"," 27.0","999.9","  50.4"," ","  47.3"," "," 0.08","G","999.9","000000"
"03609099999","2023-02-19","51.5666666","-3.9833333","32.0","MUMBLES HEAD, UK","  46.9","24","  44.0","24","1028.9","24","023.6","24","999.9"," 0"," 12.7","24"," 21.0","999.9","  51.8"," ","  44.4"," "," 0.02","G","999.9","000000"
"03609099999","2023-02-20","51.5666666","-3.9833333","32.0","MUMBLES HEAD, UK","  46.9","24","  46.8","24","1025.5","24","020.1","24","999.9"," 0"," 15.5","24"," 22.0","999.9","  47.8"," ","  45.7"," "," 0.03","G","999.9","000000"
"03609099999","2023-02-21","51.5666666","-3.9833333","32.0","MUMBLES HEAD, UK","  45.2","23","  44.0","23","1018.3","23","013.0","23","999.9"," 0","  7.4","23"," 13.0","999.9","  46.8"," ","  44.1"," "," 0.06","G","999.9","000000"
"03609099999","2023-02-22","51.5666666","-3.9833333","32.0","MUMBLES HEAD, UK","  43.8","23","  40.2","23","1014.2","23","008.9","23","999.9"," 0"," 10.5","23"," 15.9","999.9","  47.1"," ","  39.0"," "," 0.06","G","999.9","000000"
"03609099999","2023-02-23","51.5666666","-3.9833333","32.0","MUMBLES HEAD, UK","  43.2","24","  33.3","24","1021.1","24","015.8","24","999.9"," 0"," 13.0","24"," 28.9","999.9","  47.5"," ","  38.5","*"," 0.01","G","999.9","000000"
"03609099999","2023-02-24","51.5666666","-3.9833333","32.0","MUMBLES HEAD, UK","  44.7","24","  38.4","24","1016.4","24","011.1","24","999.9"," 0","  6.4","24"," 12.0","999.9","  52.0"," ","  36.5"," "," 0.00","G","999.9","000000"
"03609099999","2023-02-25","51.5666666","-3.9833333","32.0","MUMBLES HEAD, UK","  41.7","24","  31.6","24","1020.1","24","014.8","24","999.9"," 0"," 13.9","24"," 19.0","999.9","  48.6"," ","  37.6"," "," 0.00","G","999.9","000000"
"03609099999","2023-02-26","51.5666666","-3.9833333","32.0","MUMBLES HEAD, UK","  41.7","24","  31.3","24","1028.9","24","023.5","24","999.9"," 0"," 11.2","24"," 21.0","999.9","  46.9"," ","  36.7"," "," 0.00","G","999.9","000000"
"03609099999","2023-02-27","51.5666666","-3.9833333","32.0","MUMBLES HEAD, UK","  41.1","24","  33.0","24","1033.7","24","028.2","24","999.9"," 0"," 10.9","24"," 15.0","999.9","  45.5"," ","  35.1"," "," 0.00","G","999.9","000000"
"03609099999","2023-02-28","51.5666666","-3.9833333","32.0","MUMBLES HEAD, UK","  44.4","24","  36.0","24","1035.3","24","029.9","24","999.9"," 0"," 10.7","24"," 17.1","999.9","  48.4"," ","  41.2"," "," 0.00","G","999.9","000000"
"03609099999","2023-03-01","51.5666666","-3.9833333","32.0","MUMBLES HEAD, UK","  44.5","24","  36.5","24","1031.3","24","025.9","24","999.9"," 0"," 12.5","24"," 20.0","999.9","  46.8"," ","  42.1"," "," 0.00","G","999.9","000000"
"03609099999","2023-03-02","51.5666666","-3.9833333","32.0","MUMBLES HEAD, UK","  42.9","22","  34.4","22","1027.4","22","022.0","22","999.9"," 0","  8.3","22"," 15.0","999.9","  48.2"," ","  39.7"," "," 0.00","G","999.9","000000"
"03609099999","2023-03-03","51.5666666","-3.9833333","32.0","MUMBLES HEAD, UK","  39.6","16","  31.4","16","1031.6","16","026.2","16","999.9"," 0","  6.9","16"," 11.1","999.9","  41.9"," ","  33.8"," "," 0.00","F","999.9","000000"
"03609099999","2023-03-04","51.5666666","-3.9833333","32.0","MUMBLES HEAD, UK","  41.6","24","  30.3","24","1031.5","24","026.1","24","999.9"," 0","  6.7","24","  9.9","999.9","  43.9"," ","  39.0"," "," 0.00","G","999.9","000000"
"03609099999","2023-03-05","51.5666666","-3.9833333","32.0","MUMBLES HEAD, UK","  40.8","24","  32.4","24","1021.3","24","015.9","24","999.9"," 0","  4.4","24","  8.9","999.9","  43.2"," ","  38.5"," "," 0.00","G","999.9","000000"
"03609099999","2023-03-06","51.5666666","-3.9833333","32.0","MUMBLES HEAD, UK","  44.5","24","  40.7","24","1007.6","24","002.4","24","999.9"," 0"," 12.3","24"," 25.1","999.9","  47.7"," ","  41.9"," "," 0.00","G","999.9","000000"
"03609099999","2023-03-07","51.5666666","-3.9833333","32.0","MUMBLES HEAD, UK","  40.6","24","  35.4","24","1000.7","24","995.4","24","999.9"," 0","  8.1","24"," 20.0","999.9","  46.6"," ","  36.7"," "," 0.17","G","999.9","000000"
"03609099999","2023-03-08","51.5666666","-3.9833333","32.0","MUMBLES HEAD, UK","  36.4","23","  34.6","23"," 989.4","23","984.2","23","999.9"," 0"," 20.0","23"," 28.0","999.9","  41.5"," ","  33.4"," "," 0.16","G","999.9","000000"
"03609099999","2023-03-09","51.5666666","-3.9833333","32.0","MUMBLES HEAD, UK","  40.9","24","  40.4","24"," 988.2","24","983.0","24","999.9"," 0"," 15.9","24"," 25.1","999.9","  46.0"," ","  35.8"," "," 0.25","G","999.9","000000"
"03609099999","2023-03-10","51.5666666","-3.9833333","32.0","MUMBLES HEAD, UK","  40.1","24","  33.5","24","1001.2","24","995.9","24","999.9"," 0","  9.6","24"," 15.9","999.9","  45.9"," ","  36.3"," "," 1.18","G","999.9","000000"
"03609099999","2023-03-11","51.5666666","-3.9833333","32.0","MUMBLES HEAD, UK","  41.2","24","  39.1","24","1007.2","24","001.9","24","999.9"," 0"," 18.6","24"," 25.1","999.9","  49.3","*","  36.1"," "," 0.00","G","999.9","000000"
"03609099999","2023-03-12","51.5666666","-3.9833333","32.0","MUMBLES HEAD, UK","  48.7","24","  48.1","24","1004.5","24","999.3","24","999.9"," 0"," 19.0","24"," 34.0","999.9","  50.5"," ","  43.0"," "," 0.28","G","999.9","000000"
"03609099999","2023-03-13","51.5666666","-3.9833333","32.0","MUMBLES HEAD, UK","  49.5","24","  47.5","24"," 987.7","24","982.6","24","999.9"," 0"," 32.2","24"," 45.1","999.9","  52.2"," ","  44.4","*"," 0.49","G","999.9","000000"
"03609099999","2023-03-14","51.5666666","-3.9833333","32.0","MUMBLES HEAD, UK","  43.2","24","  35.7","24","1006.7","24","001.4","24","999.9"," 0"," 12.4","24"," 22.0","999.9","  50.0"," ","  38.3"," "," 0.10","G","999.9","000000"
"03609099999","2023-03-15","51.5666666","-3.9833333","32.0","MUMBLES HEAD, UK","  42.5","23","  41.0","23","1013.5","23","008.2","23","999.9"," 0"," 11.6","23"," 21.0","999.9","  48.2","*","  36.0"," "," 0.06","G","999.9","000000"
"03609099999","2023-03-16","51.5666666","-3.9833333","32.0","MUMBLES HEAD, UK","  48.2","24","  47.5","24","1003.0","24","997.8","24","999.9"," 0"," 15.1","24"," 20.0","999.9","  49.3"," ","  46.2"," "," 0.43","G","999.9","000000"
"03609099999","2023-03-17","51.5666666","-3.9833333","32.0","MUMBLES HEAD, UK","  49.3","23","  47.2","23","1001.3","23","996.1","23","999.9"," 0"," 11.4","23"," 17.1","999.9","  52.0"," ","  47.1"," "," 0.18","G","999.9","000000"
"03609099999","2023-03-18","51.5666666","-3.9833333","32.0","MUMBLES HEAD, UK","  48.3","24","  47.0","24","1006.6","24","001.4","24","999.9"," 0","  9.7","24"," 18.1","999.9","  52.9"," ","  45.3","*"," 0.05","G","999.9","000000"
"03609099999","2023-03-19","51.5666666","-3.9833333","32.0","MUMBLES HEAD, UK","  45.0","23","  39.7","23","1018.2","23","012.9","23","999.9"," 0","  9.5","23"," 15.9","999.9","  50.2"," ","  41.0"," "," 0.01","G","999.9","000000"
"03609099999","2023-03-20","51.5666666","-3.9833333","32.0","MUMBLES HEAD, UK","  48.5","24","  48.3","24","1015.2","24","009.9","24","999.9"," 0"," 15.0","24"," 22.0","999.9","  49.8"," ","  44.4"," "," 0.07","G","999.9","000000"
"03609099999","2023-03-21","51.5666666","-3.9833333","32.0","MUMBLES HEAD, UK","  49.5","23","  48.2","23","1006.5","23","001.3","23","999.9"," 0"," 20.6","23"," 28.0","999.9","  53.2"," ","  47.8"," "," 0.50","G","999.9","000000"
"03609099999","2023-03-22","51.5666666","-3.9833333","32.0","MUMBLES HEAD, UK","  50.0","24","  47.1","24"," 996.7","24","991.6","24","999.9"," 0"," 24.7","24"," 36.9","999.9","  53.8"," ","  47.1","*"," 0.40","G","999.9","000000"
"03609099999","2023-03-23","51.5666666","-3.9833333","32.0","MUMBLES HEAD, UK","  49.6","24","  46.0","24"," 994.1","24","989.0","24","999.9"," 0"," 24.7","24"," 32.1","999.9","  54.9"," ","  47.1"," "," 0.06","G","999.9","000000"
"03609099999","2023-03-24","51.5666666","-3.9833333","32.0","MUMBLES HEAD, UK","  49.6","24","  45.4","24"," 996.2","24","991.1","24","999.9"," 0"," 27.1","24"," 34.0","999.9","  54.5"," ","  47.3"," "," 0.00","G","999.9","000000"
"03609099999","2023-03-25","51.5666666","-3.9833333","32.0","MUMBLES HEAD, UK","  49.2","24","  45.7","24","1004.1","24","998.9","24","999.9"," 0"," 20.8","24"," 35.0","999.9","  52.3"," ","  46.9"," "," 0.01","G","999.9","000000"
"03609099999","2023-03-26","51.5666666","-3.9833333","32.0","MUMBLES HEAD, UK","  47.1","24","  42.2","24","1008.8","24","003.6","24","999.9"," 0","  8.1","24"," 19.0","999.9","  53.2"," ","  43.7"," "," 0.43","G","999.9","000000"
"03609099999","2023-03-27","51.5666666","-3.9833333","32.0","MUMBLES HEAD, UK","  46.2","24","  40.2","24","1024.7","24","019.4","24","999.9"," 0","  8.7","24"," 15.9","999.9","  50.4"," ","  41.5"," "," 0.03","G","999.9","000000"
"03609099999","2023-03-28","51.5666666","-3.9833333","32.0","MUMBLES HEAD, UK","  48.5","24","  46.4","24","1015.3","24","010.0","24","999.9"," 0"," 15.5","24"," 22.9","999.9","  50.5"," ","  46.9"," "," 0.02","G","999.9","000000"
"03609099999","2023-03-29","51.5666666","-3.9833333","32.0","MUMBLES HEAD, UK","  50.3","24","  50.0","24","1005.5","24","000.3","24","999.9"," 0"," 15.5","24"," 34.0","999.9","  52.7"," ","  48.6"," "," 0.13","G","999.9","000000"
"03609099999","2023-03-30","51.5666666","-3.9833333","32.0","MUMBLES HEAD, UK","  51.1","24","  49.1","24","1000.2","24","995.0","24","999.9"," 0"," 22.2","24"," 33.0","999.9","  55.0"," ","  49.1"," "," 0.54","G","999.9","000000"
"03609099999","2023-03-31","51.5666666","-3.9833333","32.0","MUMBLES HEAD, UK","  49.8","24","  49.1","24"," 990.2","24","985.1","24","999.9"," 0"," 16.3","24"," 26.0","999.9","  52.2"," ","  49.1"," "," 0.30","G","999.9","000000"
"03609099999","2023-04-01","51.5666666","-3.9833333","32.0","MUMBLES HEAD, UK","  50.4","24","  45.6","24","1009.7","24","004.5","24","999.9"," 0"," 10.4","24"," 14.0","999.9","  57.6"," ","  45.1","*"," 0.30","G","999.9","000000"
"03609099999","2023-04-02","51.5666666","-3.9833333","32.0","MUMBLES HEAD, UK","  47.5","24","  40.6","24","1027.8","24","022.4","24","999.9"," 0","  6.7","24"," 11.1","999.9","  53.1"," ","  42.1"," "," 0.04","G","999.9","000000"
"03609099999","2023-04-03","51.5666666","-3.9833333","32.0","MUMBLES HEAD, UK","  45.8","24","  38.1","24","1029.5","23","024.1","23","999.9"," 0"," 13.8","24"," 22.0","999.9","  50.0"," ","  40.6"," "," 0.00","G","999.9","000000"
"03609099999","2023-04-04","51.5666666","-3.9833333","32.0","MUMBLES HEAD, UK","  46.4","22","  38.7","22","1027.2","22","021.9","22","999.9"," 0"," 10.2","22"," 17.1","999.9","  52.5"," ","  41.0"," "," 0.00","G","999.9","000000"
"03609099999","2023-04-05","51.5666666","-3.9833333","32.0","MUMBLES HEAD, UK","  47.9","24","  46.8","24","1020.0","24","014.7","24","999.9"," 0"," 13.5","24"," 20.0","999.9","  49.5"," ","  46.6"," "," 0.02","G","999.9","000000"
"03609099999","2023-04-06","51.5666666","-3.9833333","32.0","MUMBLES HEAD, UK","  49.5","24","  43.7","24","1016.9","24","011.7","24","999.9"," 0"," 10.6","24"," 21.0","999.9","  55.6"," ","  45.0","*"," 0.42","G","999.9","000000"
"03609099999","2023-04-07","51.5666666","-3.9833333","32.0","MUMBLES HEAD, UK","  47.8","24","  37.3","24","1022.3","24","017.0","24","999.9"," 0","  4.0","24","  7.0","999.9","  54.9"," ","  39.7"," "," 0.02","G","999.9","000000"
"03609099999","2023-04-08","51.5666666","-3.9833333","32.0","MUMBLES HEAD, UK","  49.8","24","  41.0","24","1024.6","24","019.3","24","999.9"," 0"," 10.8","24"," 17.1","999.9","  56.5"," ","  43.7"," "," 0.00","G","999.9","000000"
"03609099999","2023-04-09","51.5666666","-3.9833333","32.0","MUMBLES HEAD, UK","  50.1","24","  45.5","24","1018.7","24","013.4","24","999.9"," 0"," 17.6","24"," 24.1","999.9","  55.6"," ","  45.3"," "," 0.00","G","999.9","000000"
"03609099999","2023-04-10","51.5666666","-3.9833333","32.0","MUMBLES HEAD, UK","  50.3","24","  46.6","24","1009.8","24","004.5","24","999.9"," 0"," 23.0","24"," 33.0","999.9","  52.9"," ","  48.4"," "," 0.15","G","999.9","000000"
"03609099999","2023-04-11","51.5666666","-3.9833333","32.0","MUMBLES HEAD, UK","  48.0","23","  43.8","23","1006.2","23","001.0","23","999.9"," 0"," 23.4","23"," 45.1","999.9","  51.3"," ","  44.8"," "," 0.07","G","999.9","000000"
"03609099999","2023-04-12","51.5666666","-3.9833333","32.0","MUMBLES HEAD, UK","  45.3","23","  39.4","23"," 992.4","22","987.2","22","999.9"," 0"," 29.0","23"," 49.0","999.9","  50.0"," ","  38.8"," "," 0.52","G","999.9","000000"
"03609099999","2023-04-13","51.5666666","-3.9833333","32.0","MUMBLES HEAD, UK","  47.3","23","  39.0","23","1003.8","23","998.6","23","999.9"," 0"," 15.6","23"," 25.3","999.9","  51.1"," ","  43.7"," "," 0.24","G","999.9","000000"
"03609099999","2023-04-14","51.5666666","-3.9833333","32.0","MUMBLES HEAD, UK","  46.6","24","  41.2","24","1004.5","24","999.3","24","999.9"," 0"," 12.3","24"," 21.0","999.9","  50.5"," ","  43.2"," "," 0.07","G","999.9","000000"
"03609099999","2023-04-15","51.5666666","-3.9833333","32.0","MUMBLES HEAD, UK","  48.3","24","  42.7","24","1020.8","24","015.5","24","999.9"," 0","  8.0","24"," 19.0","999.9","  56.8"," ","  42.1"," "," 0.09","G","999.9","000000"
"03609099999","2023-04-16","51.5666666","-3.9833333","32.0","MUMBLES HEAD, UK","  49.6","24","  48.1","24","1026.4","24","021.1","24","999.9"," 0","  4.3","24"," 11.1","999.9","  51.4"," ","  48.2"," "," 0.01","G","999.9","000000"
"03609099999","2023-04-17","51.5666666","-3.9833333","32.0","MUMBLES HEAD, UK","  53.0","24","  50.8","24","1028.0","24","022.8","24","999.9"," 0","  4.2","24","  8.9","999.9","  59.5"," ","  50.0"," "," 0.02","G","999.9","000000"
"03609099999","2023-04-18","51.5666666","-3.9833333","32.0","MUMBLES HEAD, UK","  52.8","23","  41.2","23","1027.8","23","022.5","23","999.9"," 0"," 12.4","23"," 22.0","999.9","  60.4"," ","  46.2"," "," 0.01","G","999.9","000000"
"03609099999","2023-04-19","51.5666666","-3.9833333","32.0","MUMBLES HEAD, UK","  53.3","22","  42.6","22","1024.2","22","018.9","22","999.9"," 0"," 18.4","22"," 26.0","999.9","  59.0"," ","  46.8"," "," 0.00","G","999.9","000000"
"03609099999","2023-04-20","51.5666666","-3.9833333","32.0","MUMBLES HEAD, UK","  52.1","24","  35.7","24","1021.7","24","016.4","24","999.9"," 0"," 15.9","24"," 27.0","999.9","  60.1"," ","  43.9"," "," 0.00","G","999.9","000000"
"03609099999","2023-04-21","51.5666666","-3.9833333","32.0","MUMBLES HEAD, UK","  46.6","23","  38.1","23","1013.6","23","008.3","23","999.9"," 0","  9.4","23"," 22.0","999.9","  56.8"," ","  43.9","*"," 0.00","G","999.9","000000"
"03609099999","2023-04-22","51.5666666","-3.9833333","32.0","MUMBLES HEAD, UK","  45.9","24","  41.6","24","1004.9","24","999.7","24","999.9"," 0","  7.4","24"," 11.1","999.9","  51.4"," ","  40.3"," "," 0.00","G","999.9","000000"
"03609099999","2023-04-23","51.5666666","-3.9833333","32.0","MUMBLES HEAD, UK","  48.2","24","  42.7","24","1003.6","24","998.4","24","999.9"," 0","  8.3","24"," 19.0","999.9","  55.0"," ","  43.7"," "," 0.09","G","999.9","000000"
"03609099999","2023-04-24","51.5666666","-3.9833333","32.0","MUMBLES HEAD, UK","  46.7","24","  42.5","24","1011.4","24","006.1","24","999.9"," 0","  6.8","24"," 15.0","999.9","  52.5"," ","  43.5"," "," 0.02","G","999.9","000000"
"03609099999","2023-04-25","51.5666666","-3.9833333","32.0","MUMBLES HEAD, UK","  47.4","22","  35.1","22","1018.6","22","013.4","22","999.9"," 0"," 11.9","22"," 15.9","999.9","  50.9"," ","  42.3"," "," 0.35","G","999.9","000000"
"03609099999","2023-04-26","51.5666666","-3.9833333","32.0","MUMBLES HEAD, UK","  50.1","23","  42.1","23","1017.0","23","011.7","23","999.9"," 0"," 14.7","23"," 19.0","999.9","  55.6"," ","  45.9"," "," 0.00","G","999.9","000000"
"03609099999","2023-04-27","51.5666666","-3.9833333","32.0","MUMBLES HEAD, UK","  50.4","24","  47.8","24","1011.8","24","006.5","24","999.9"," 0"," 17.5","24"," 22.0","999.9","  52.9"," ","  48.6"," "," 0.00","G","999.9","000000"
"03609099999","2023-04-28","51.5666666","-3.9833333","32.0","MUMBLES HEAD, UK","  51.8","22","  51.1","22","1013.6","21","008.3","21","999.9"," 0"," 13.0","22"," 18.1","999.9","  54.3"," ","  48.7","*"," 0.04","F","999.9","000000"
"03609099999","2023-04-29","51.5666666","-3.9833333","32.0","MUMBLES HEAD, UK","  51.6","24","  49.6","24","1020.7","24","015.5","24","999.9"," 0","  3.4","24","  8.0","999.9","  58.3"," ","  45.5"," "," 0.00","G","999.9","000000"
"03609099999","2023-04-30","51.5666666","-3.9833333","32.0","MUMBLES HEAD, UK","  51.0","23","  50.6","23","1020.6","23","015.3","23","999.9"," 0"," 12.0","23"," 18.1","999.9","  56.5"," ","  49.5"," "," 0.20","G","999.9","000000"
"03609099999","2023-05-01","51.5666666","-3.9833333","32.0","MUMBLES HEAD, UK","  55.2","24","  48.8","24","1020.5","24","015.3","24","999.9"," 0","  7.8","24"," 13.0","999.9","  62.8"," ","  50.0"," "," 0.04","G","999.9","000000"
"03609099999","2023-05-02","51.5666666","-3.9833333","32.0","MUMBLES HEAD, UK","  54.2","23","  49.3","23","1025.4","23","020.2","23","999.9"," 0"," 10.9","23"," 15.9","999.9","  61.0"," ","  49.6"," "," 0.00","G","999.9","000000"
"03609099999","2023-05-03","51.5666666","-3.9833333","32.0","MUMBLES HEAD, UK","  55.6","24","  46.5","24","1022.9","24","017.7","24","999.9"," 0"," 19.4","24"," 27.0","999.9","  61.5"," ","  50.2"," "," 0.00","G","999.9","000000"
"03609099999","2023-05-04","51.5666666","-3.9833333","32.0","MUMBLES HEAD, UK","  53.8","24","  48.0","24","1012.1","24","007.0","24","999.9"," 0"," 19.7","24"," 27.0","999.9","  58.6"," ","  50.9"," "," 0.00","G","999.9","000000"
"03609099999","2023-05-05","51.5666666","-3.9833333","32.0","MUMBLES HEAD, UK","  54.4","24","  52.1","24","1012.3","24","007.1","24","999.9"," 0","  9.3","24"," 15.9","999.9","  59.0"," ","  52.5"," "," 0.07","G","999.9","000000"
"03609099999","2023-05-06","51.5666666","-3.9833333","32.0","MUMBLES HEAD, UK","  55.3","24","  53.4","24","1011.8","24","006.6","24","999.9"," 0"," 10.1","24"," 19.0","999.9","  61.3"," ","  52.0"," "," 0.07","G","999.9","000000"
"03609099999","2023-05-07","51.5666666","-3.9833333","32.0","MUMBLES HEAD, UK","  54.5","24","  52.0","24","1018.8","24","013.5","24","999.9"," 0","  5.3","24"," 11.1","999.9","  61.0"," ","  51.3"," "," 0.05","G","999.9","000000"
"03609099999","2023-05-08","51.5666666","-3.9833333","32.0","MUMBLES HEAD, UK","  53.5","24","  52.9","24","1017.4","24","012.1","24","999.9"," 0","  9.8","24"," 17.1","999.9","  55.6"," ","  51.8"," "," 0.37","G","999.9","000000"
"03609099999","2023-05-09","51.5666666","-3.9833333","32.0","MUMBLES HEAD, UK","  54.1","24","  52.6","24","1012.4","24","007.2","24","999.9"," 0"," 10.7","24"," 20.0","999.9","  59.7"," ","  51.8","*"," 0.55","G","999.9","000000"
"03609099999","2023-05-10","51.5666666","-3.9833333","32.0","MUMBLES HEAD, UK","  53.7","24","  50.5","24","1014.5","24","009.3","24","999.9"," 0"," 14.9","24"," 25.1","999.9","  59.5"," ","  50.7"," "," 0.00","G","999.9","000000"
"03609099999","2023-05-11","51.5666666","-3.9833333","32.0","MUMBLES HEAD, UK","  54.2","24","  49.4","24","1017.2","24","011.9","24","999.9"," 0","  8.9","24"," 20.0","999.9","  58.8"," ","  49.6"," "," 0.00","G","999.9","000000"
"03609099999","2023-05-12","51.5666666","-3.9833333","32.0","MUMBLES HEAD, UK","  57.7","23","  49.5","23","1025.0","23","019.8","23","999.9"," 0","  9.5","23"," 15.9","999.9","  64.4"," ","  50.9"," "," 0.00","G","999.9","000000"
"03609099999","2023-05-13","51.5666666","-3.9833333","32.0","MUMBLES HEAD, UK","  54.6","24","  48.3","24","1027.3","24","022.0","24","999.9"," 0","  5.4","24"," 11.1","999.9","  63.9"," ","  49.6"," "," 0.00","G","999.9","000000"
"03609099999","2023-05-14","51.5666666","-3.9833333","32.0","MUMBLES HEAD, UK","  52.7","24","  51.0","24","1022.4","24","017.1","24","999.9"," 0","  7.7","24"," 13.0","999.9","  58.6"," ","  48.9"," "," 0.00","G","999.9","000000"
"03609099999","2023-05-15","51.5666666","-3.9833333","32.0","MUMBLES HEAD, UK","  52.6","23","  40.7","23","1023.9","23","018.7","23","999.9"," 0","  8.1","23"," 12.0","999.9","  58.8"," ","  46.8"," "," 0.00","G","999.9","000000"
"03609099999","2023-05-16","51.5666666","-3.9833333","32.0","MUMBLES HEAD, UK","  52.8","21","  44.5","21","1027.8","21","022.6","21","999.9"," 0","  7.2","21"," 17.1","999.9","  63.9"," ","  45.3"," "," 0.00","G","999.9","000000"
"03609099999","2023-05-17","51.5666666","-3.9833333","32.0","MUMBLES HEAD, UK","  54.9","22","  46.7","22","1030.1","22","024.9","22","999.9"," 0","  8.4","22"," 17.1","999.9","  61.9"," ","  49.1"," "," 0.00","G","999.9","000000"
"03609099999","2023-05-18","51.5666666","-3.9833333","32.0","MUMBLES HEAD, UK","  55.4","22","  47.5","22","1029.3","22","024.1","22","999.9"," 0","  8.8","22"," 17.1","999.9","  60.8"," ","  51.6"," "," 0.00","G","999.9","000000"
"03609099999","2023-05-19","51.5666666","-3.9833333","32.0","MUMBLES HEAD, UK","  56.6","24","  48.3","24","1028.6","24","023.3","24","999.9"," 0","  6.9","24"," 13.0","999.9","  65.1"," ","  48.4"," "," 0.00","G","999.9","000000"
"03609099999","2023-05-20","51.5666666","-3.9833333","32.0","MUMBLES HEAD, UK","  57.0","24","  49.3","24","1026.8","24","021.6","24","999.9"," 0","  8.3","24"," 13.0","999.9","  63.3"," ","  52.5"," "," 0.00","G","999.9","000000"
"03609099999","2023-05-21","51.5666666","-3.9833333","32.0","MUMBLES HEAD, UK","  57.2","24","  46.6","24","1023.7","24","018.5","24","999.9"," 0","  8.2","24"," 14.0","999.9","  63.9"," ","  51.4"," "," 0.00","G","999.9","000000"
"03609099999","2023-05-22","51.5666666","-3.9833333","32.0","MUMBLES HEAD, UK","  59.4","24","  46.7","24","1024.0","24","018.8","24","999.9"," 0","  9.5","24"," 14.0","999.9","  68.5"," ","  52.2"," "," 0.00","G","999.9","000000"
"03609099999","2023-05-23","51.5666666","-3.9833333","32.0","MUMBLES HEAD, UK","  57.0","24","  47.7","24","1028.1","24","022.9","24","999.9"," 0","  7.4","24"," 13.0","999.9","  64.0"," ","  49.8"," "," 0.00","G","999.9","000000"
"03609099999","2023-05-24","51.5666666","-3.9833333","32.0","MUMBLES HEAD, UK","  59.5","24","  46.6","24","1027.7","24","022.5","24","999.9"," 0","  9.9","24"," 17.1","999.9","  69.6"," ","  49.6"," "," 0.00","G","999.9","000000"
"03609099999","2023-05-25","51.5666666","-3.9833333","32.0","MUMBLES HEAD, UK","  59.4","23","  50.5","23","1030.2","23","025.0","23","999.9"," 0","  7.1","23"," 12.0","999.9","  66.6"," ","  52.0"," "," 0.00","G","999.9","000000"
"03609099999","2023-05-26","51.5666666","-3.9833333","32.0","MUMBLES HEAD, UK","  61.3","24","  50.1","24","1031.3","24","026.1","24","999.9"," 0","  7.6","24"," 13.0","999.9","  67.5"," ","  56.3"," "," 0.00","G","999.9","000000"
"03609099999","2023-05-27","51.5666666","-3.9833333","32.0","MUMBLES HEAD, UK","  59.4","24","  44.7","24","1027.1","24","021.9","24","999.9"," 0","  7.2","24"," 13.0","999.9","  67.5"," ","  53.1"," "," 0.00","G","999.9","000000"
"03609099999","2023-05-28","51.5666666","-3.9833333","32.0","MUMBLES HEAD, UK","  63.2","24","  51.6","24","1024.2","24","019.0","24","999.9"," 0","  8.1","24"," 14.0","999.9","  71.4"," ","  57.2"," "," 0.00","G","999.9","000000"
"03609099999","2023-05-29","51.5666666","-3.9833333","32.0","MUMBLES HEAD, UK","  59.4","24","  45.8","24","1027.9","24","022.7","24","999.9"," 0"," 12.4","24"," 19.0","999.9","  67.6"," ","  52.3"," "," 0.00","G","999.9","000000"
"03609099999","2023-05-30","51.5666666","-3.9833333","32.0","MUMBLES HEAD, UK","  58.7","24","  48.0","24","1029.4","24","024.2","24","999.9"," 0","  9.4","24"," 15.9","999.9","  66.4"," ","  50.9"," "," 0.00","G","999.9","000000"
"03609099999","2023-05-31","51.5666666","-3.9833333","32.0","MUMBLES HEAD, UK","  58.4","24","  48.9","24","1027.4","24","022.2","24","999.9"," 0"," 11.0","24"," 18.1","999.9","  66.6"," ","  53.2"," "," 0.00","G","999.9","000000"
"03609099999","2023-06-01","51.5666666","-3.9833333","32.0","MUMBLES HEAD, UK","  57.6","23","  49.9","23","1025.3","23","020.1","23","999.9"," 0"," 11.6","23"," 20.0","999.9","  64.0"," ","  52.3"," "," 0.00","G","999.9","000000"
"03609099999","2023-06-02","51.5666666","-3.9833333","32.0","MUMBLES HEAD, UK","  58.5","24","  47.4","24","1024.9","24","019.7","24","999.9"," 0"," 11.5","24"," 20.0","999.9","  64.4"," ","  51.6"," "," 0.00","G","999.9","000000"
"03609099999","2023-06-03","51.5666666","-3.9833333","32.0","MUMBLES HEAD, UK","  59.8","24","  47.3","24","1024.2","24","019.0","24","999.9"," 0","  9.8","24"," 19.0","999.9","  67.6"," ","  50.4"," "," 0.00","G","999.9","000000"
"03609099999","2023-06-04","51.5666666","-3.9833333","32.0","MUMBLES HEAD, UK","  62.4","24","  47.5","24","1024.3","24","019.1","24","999.9"," 0","  7.9","24"," 13.0","999.9","  69.3"," ","  55.4"," "," 0.00","G","999.9","000000"
"03609099999","2023-06-05","51.5666666","-3.9833333","32.0","MUMBLES HEAD, UK","  58.5","24","  49.1","24","1024.5","24","019.3","24","999.9"," 0"," 10.6","24"," 20.0","999.9","  68.5"," ","  54.5"," "," 0.00","G","999.9","000000"
"03609099999","2023-06-06","51.5666666","-3.9833333","32.0","MUMBLES HEAD, UK","  57.7","24","  47.3","24","1023.8","24","018.6","24","999.9"," 0"," 15.3","24"," 19.0","999.9","  63.9"," ","  51.6"," "," 0.00","G","999.9","000000"
"03609099999","2023-06-07","51.5666666","-3.9833333","32.0","MUMBLES HEAD, UK","  59.9","24","  50.0","24","1021.2","24","016.0","24","999.9"," 0"," 11.9","24"," 21.0","999.9","  66.6"," ","  50.9"," "," 0.00","G","999.9","000000"
"03609099999","2023-06-08","51.5666666","-3.9833333","32.0","MUMBLES HEAD, UK","  62.8","23","  52.1","23","1016.8","23","011.7","23","999.9"," 0"," 14.8","23"," 20.0","999.9","  70.5"," ","  53.6"," "," 0.00","G","999.9","000000"
"03609099999","2023-06-09","51.5666666","-3.9833333","32.0","MUMBLES HEAD, UK","  64.9","24","  54.4","24","1012.8","24","007.7","24","999.9"," 0"," 13.3","24"," 17.1","999.9","  73.6"," ","  56.7"," "," 0.00","G","999.9","000000"
"03609099999","2023-06-10","51.5666666","-3.9833333","32.0","MUMBLES HEAD, UK","  63.8","24","  57.7","24","1013.5","24","008.4","24","999.9"," 0","  8.0","24"," 14.0","999.9","  72.5"," ","  59.9"," "," 0.00","G","999.9","000000"
"03609099999","2023-06-11","51.5666666","-3.9833333","32.0","MUMBLES HEAD, UK","  63.3","24","  59.8","24","1015.8","24","010.7","24","999.9"," 0","  8.6","24"," 15.0","999.9","  70.0"," ","  60.6"," "," 0.00","G","999.9","000000"
"03609099999","2023-06-12","51.5666666","-3.9833333","32.0","MUMBLES HEAD, UK","  62.1","24","  60.2","24","1015.6","24","010.4","24","999.9"," 0","  8.0","24"," 14.0","999.9","  65.3"," ","  59.2","*"," 0.06","G","999.9","000000"
"03609099999","2023-06-13","51.5666666","-3.9833333","32.0","MUMBLES HEAD, UK","  66.9","24","  58.6","24","1014.9","24","009.9","24","999.9"," 0","  6.5","24"," 15.0","999.9","  78.3"," ","  58.1"," "," 0.00","G","999.9","000000"
"03609099999","2023-06-14","51.5666666","-3.9833333","32.0","MUMBLES HEAD, UK","  67.4","24","  49.7","24","1018.1","24","013.0","24","999.9"," 0","  8.1","24"," 13.0","999.9","  78.3"," ","  62.1"," "," 0.00","G","999.9","000000"
"03609099999","2023-06-15","51.5666666","-3.9833333","32.0","MUMBLES HEAD, UK","  67.9","20","  52.9","20","1020.2","20","015.1","20","999.9"," 0","  5.9","20"," 13.0","999.9","  75.9"," ","  62.4"," "," 0.00","G","999.9","000000"
"03609099999","2023-06-16","51.5666666","-3.9833333","32.0","MUMBLES HEAD, UK","  66.9","24","  55.6","24","1018.7","24","013.6","24","999.9"," 0","  6.2","24"," 13.0","999.9","  75.4"," ","  60.1"," "," 0.00","G","999.9","000000"
"03609099999","2023-06-17","51.5666666","-3.9833333","32.0","MUMBLES HEAD, UK","  65.4","23","  57.3","23","1013.7","23","008.6","23","999.9"," 0","  8.2","23"," 15.0","999.9","  71.4"," ","  59.7"," "," 0.00","G","999.9","000000"
"03609099999","2023-06-18","51.5666666","-3.9833333","32.0","MUMBLES HEAD, UK","  62.9","21","  59.7","21","1009.4","21","004.3","21","999.9"," 0","  5.7","21","  9.9","999.9","  70.3"," ","  59.7"," "," 0.00","G","999.9","000000"
"03609099999","2023-06-19","51.5666666","-3.9833333","32.0","MUMBLES HEAD, UK","  63.4","24","  59.0","24","1010.0","24","004.9","24","999.9"," 0","  9.4","24"," 15.0","999.9","  68.5"," ","  60.1"," "," 0.00","G","999.9","000000"
"03609099999","2023-06-20","51.5666666","-3.9833333","32.0","MUMBLES HEAD, UK","  62.7","23","  58.9","23","1009.1","23","004.1","23","999.9"," 0","  8.6","23"," 15.9","999.9","  67.6"," ","  59.5"," "," 0.00","G","999.9","000000"
"03609099999","2023-06-21","51.5666666","-3.9833333","32.0","MUMBLES HEAD, UK","  64.1","24","  59.6","24","1016.2","24","011.1","24","999.9"," 0","  8.9","24"," 13.0","999.9","  71.6"," ","  60.4"," "," 0.00","G","999.9","000000"
"03609099999","2023-06-22","51.5666666","-3.9833333","32.0","MUMBLES HEAD, UK","  64.0","22","  59.2","22","1020.8","22","015.7","22","999.9"," 0"," 11.8","22"," 22.0","999.9","  68.0"," ","  58.1"," "," 0.00","G","999.9","000000"
"03609099999","2023-06-23","51.5666666","-3.9833333","32.0","MUMBLES HEAD, UK","  64.2","24","  60.2","24","1024.2","24","019.1","24","999.9"," 0"," 10.6","24"," 20.0","999.9","  70.2"," ","  59.9"," "," 0.00","G","999.9","000000"
"03609099999","2023-06-24","51.5666666","-3.9833333","32.0","MUMBLES HEAD, UK","  66.5","24","  62.5","24","1022.2","24","017.1","24","999.9"," 0","  9.8","24"," 15.9","999.9","  75.4"," ","  63.1"," "," 0.00","G","999.9","000000"
"03609099999","2023-06-25","51.5666666","-3.9833333","32.0","MUMBLES HEAD, UK","  65.3","23","  58.2","23","1014.5","23","009.4","23","999.9"," 0"," 17.0","23"," 26.0","999.9","  70.5"," ","  61.0","*"," 0.00","G","999.9","000000"
"03609099999","2023-06-26","51.5666666","-3.9833333","32.0","MUMBLES HEAD, UK","  62.0","24","  53.3","24","1021.5","24","016.4","24","999.9"," 0"," 13.6","24"," 22.0","999.9","  65.7"," ","  57.7"," "," 0.00","G","999.9","000000"
"03609099999","2023-06-27","51.5666666","-3.9833333","32.0","MUMBLES HEAD, UK","  62.4","24","  60.2","24","1021.1","24","016.0","24","999.9"," 0"," 15.8","24"," 22.9","999.9","  64.9"," ","  59.7"," "," 0.00","G","999.9","000000"
"03609099999","2023-06-28","51.5666666","-3.9833333","32.0","MUMBLES HEAD, UK","  62.3","24","  61.5","24","1017.7","24","012.6","24","999.9"," 0"," 13.7","24"," 19.0","999.9","  64.0"," ","  58.1","*"," 0.00","G","999.9","000000"
"03609099999","2023-06-29","51.5666666","-3.9833333","32.0","MUMBLES HEAD, UK","  61.3","23","  50.7","23","1019.0","23","013.9","23","999.9"," 0","  9.1","23"," 22.9","999.9","  69.8"," ","  55.4"," "," 0.00","G","999.9","000000"
"03609099999","2023-06-30","51.5666666","-3.9833333","32.0","MUMBLES HEAD, UK","  61.1","24","  58.7","24","1011.4","24","006.3","24","999.9"," 0"," 17.8","24"," 24.1","999.9","  63.5"," ","  57.9"," "," 0.00","G","999.9","000000"
"03609099999","2023-07-01","51.5666666","-3.9833333","32.0","MUMBLES HEAD, UK","  61.7","24","  54.2","24","1009.4","24","004.3","24","999.9"," 0"," 16.1","24"," 28.0","999.9","  64.6"," ","  58.5","*"," 0.01","G","999.9","000000"
"03609099999","2023-07-02","51.5666666","-3.9833333","32.0","MUMBLES HEAD, UK","  59.4","24","  49.0","24","1013.6","24","008.4","24","999.9"," 0"," 15.6","24"," 26.0","999.9","  64.6"," ","  54.1"," "," 0.00","G","999.9","000000"
"03609099999","2023-07-03","51.5666666","-3.9833333","32.0","MUMBLES HEAD, UK","  58.8","24","  50.2","24","1012.1","24","007.0","24","999.9"," 0"," 19.9","24"," 34.0","999.9","  63.1"," ","  54.7"," "," 0.00","G","999.9","000000"
"03609099999","2023-07-04","51.5666666","-3.9833333","32.0","MUMBLES HEAD, UK","  57.1","23","  51.6","23","1010.6","23","005.4","23","999.9"," 0","  9.4","23"," 14.0","999.9","  60.4"," ","  54.9"," "," 0.00","G","999.9","000000"
"03609099999","2023-07-05","51.5666666","-3.9833333","32.0","MUMBLES HEAD, UK","  59.1","24","  51.8","24","1013.3","24","008.1","24","999.9"," 0"," 16.3","24"," 25.1","999.9","  63.3"," ","  55.2"," "," 0.00","G","999.9","000000"
"03609099999","2023-07-06","51.5666666","-3.9833333","32.0","MUMBLES HEAD, UK","  61.8","22","  54.7","22","1014.6","22","009.4","22","999.9"," 0"," 15.3","22"," 22.9","999.9","  68.2"," ","  55.9"," "," 0.00","G","999.9","000000"
"03609099999","2023-07-07","51.5666666","-3.9833333","32.0","MUMBLES HEAD, UK","  66.7","24","  56.4","23","1013.1","24","008.1","24","999.9"," 0"," 17.1","24"," 22.0","999.9","  72.1"," ","  61.5"," "," 0.00","G","999.9","000000"
"03609099999","2023-07-08","51.5666666","-3.9833333","32.0","MUMBLES HEAD, UK","  64.7","24","  57.3","24","1013.8","24","008.7","24","999.9"," 0"," 10.6","24"," 22.9","999.9","  70.3"," ","  60.8","*"," 0.00","G","999.9","000000"
"03609099999","2023-07-09","51.5666666","-3.9833333","32.0","MUMBLES HEAD, UK","  62.9","24","  56.5","24","1018.3","24","013.1","24","999.9"," 0"," 11.2","24"," 17.1","999.9","  69.3"," ","  59.5"," "," 0.01","G","999.9","000000"
"03609099999","2023-07-10","51.5666666","-3.9833333","32.0","MUMBLES HEAD, UK","  62.1","24","  57.4","24","1016.1","24","010.9","24","999.9"," 0"," 17.8","24"," 27.0","999.9","  66.0"," ","  59.4","*"," 0.09","G","999.9","000000"
"03609099999","2023-07-11","51.5666666","-3.9833333","32.0","MUMBLES HEAD, UK","  61.5","24","  57.8","24","1009.4","24","004.3","24","999.9"," 0"," 19.2","24"," 28.9","999.9","  64.8"," ","  58.3"," "," 0.35","G","999.9","000000"
"03609099999","2023-07-12","51.5666666","-3.9833333","32.0","MUMBLES HEAD, UK","  61.1","23","  54.5","23","1012.6","23","007.5","23","999.9"," 0"," 19.3","23"," 26.0","999.9","  64.6"," ","  57.4"," "," 0.43","G","999.9","000000"
"03609099999","2023-07-13","51.5666666","-3.9833333","32.0","MUMBLES HEAD, UK","  61.6","23","  55.8","23","1016.3","23","011.1","23","999.9"," 0"," 16.5","23"," 26.0","999.9","  64.8"," ","  59.0"," "," 0.05","G","999.9","000000"
"03609099999","2023-07-14","51.5666666","-3.9833333","32.0","MUMBLES HEAD, UK","  61.1","24","  57.6","24","1004.1","24","999.0","24","999.9"," 0"," 23.7","24"," 35.9","999.9","  64.9"," ","  58.1"," "," 0.17","G","999.9","000000"
"03609099999","2023-07-15","51.5666666","-3.9833333","32.0","MUMBLES HEAD, UK","  61.3","24","  56.2","24"," 997.7","24","992.6","24","999.9"," 0"," 30.6","24"," 36.9","999.9","  64.6"," ","  58.6"," "," 0.56","G","999.9","000000"
"03609099999","2023-07-16","51.5666666","-3.9833333","32.0","MUMBLES HEAD, UK","  60.5","24","  52.9","24","1009.6","24","004.4","24","999.9"," 0"," 21.9","24"," 28.0","999.9","  63.9"," ","  56.7"," "," 0.09","G","999.9","000000"
"03609099999","2023-07-17","51.5666666","-3.9833333","32.0","MUMBLES HEAD, UK","  60.7","24","  52.1","24","1018.5","24","013.3","24","999.9"," 0"," 15.1","23"," 22.9","999.9","  64.0"," ","  57.4"," "," 0.17","G","999.9","000000"
"03609099999","2023-07-18","51.5666666","-3.9833333","32.0","MUMBLES HEAD, UK","  59.9","24","  54.5","24","1017.9","24","012.7","24","999.9"," 0"," 10.2","24"," 22.9","999.9","  64.2"," ","  56.3"," "," 0.03","G","999.9","000000"
"03609099999","2023-07-19","51.5666666","-3.9833333","32.0","MUMBLES HEAD, UK","  61.7","24","  54.4","24","1017.6","24","012.4","24","999.9"," 0","  9.3","24"," 21.0","999.9","  68.5"," ","  57.0"," "," 0.39","G","999.9","000000"
"03609099999","2023-07-20","51.5666666","-3.9833333","32.0","MUMBLES HEAD, UK","  60.2","23","  50.2","23","1017.5","23","012.3","23","999.9"," 0","  5.2","23","  8.0","999.9","  67.3"," ","  54.0"," "," 0.00","G","999.9","000000"
"03609099999","2023-07-21","51.5666666","-3.9833333","32.0","MUMBLES HEAD, UK","  59.3","24","  50.5","24","1016.2","24","011.0","24","999.9"," 0"," 11.2","24"," 22.0","999.9","  65.8"," ","  53.8"," "," 0.00","G","999.9","000000"
"03609099999","2023-07-22","51.5666666","-3.9833333","32.0","MUMBLES HEAD, UK","  61.0","24","  58.2","24","1007.2","23","002.1","23","999.9"," 0"," 28.6","24"," 35.0","999.9","  62.8"," ","  58.1"," "," 0.02","G","999.9","000000"
"03609099999","2023-07-23","51.5666666","-3.9833333","32.0","MUMBLES HEAD, UK","  62.0","24","  57.7","24","1003.4","24","998.3","24","999.9"," 0"," 18.5","24"," 26.0","999.9","  65.8"," ","  60.1"," "," 0.76","G","999.9","000000"
"03609099999","2023-07-24","51.5666666","-3.9833333","32.0","MUMBLES HEAD, UK","  60.0","23","  52.3","23","1007.4","23","002.3","23","999.9"," 0","  9.6","23"," 19.0","999.9","  65.3"," ","  55.9","*"," 1.02","G","999.9","000000"
"03609099999","2023-07-25","51.5666666","-3.9833333","32.0","MUMBLES HEAD, UK","  60.0","24","  48.9","24","1012.9","24","007.8","24","999.9"," 0","  8.3","24"," 21.0","999.9","  68.4"," ","  54.0"," "," 0.00","G","999.9","000000"
"03609099999","2023-07-26","51.5666666","-3.9833333","32.0","MUMBLES HEAD, UK","  58.7","24","  54.7","24","1010.8","24","005.6","24","999.9"," 0"," 15.6","24"," 33.0","999.9","  64.2"," ","  52.9"," "," 0.00","G","999.9","000000"
"03609099999","2023-07-27","51.5666666","-3.9833333","32.0","MUMBLES HEAD, UK","  62.5","22","  60.4","22","1004.1","22","999.0","22","999.9"," 0"," 18.6","22"," 28.0","999.9","  65.8"," ","  60.4"," "," 0.91","G","999.9","000000"
"03609099999","2023-07-28","51.5666666","-3.9833333","32.0","MUMBLES HEAD, UK","  62.0","24","  58.0","24","1005.9","24","000.9","24","999.9"," 0"," 15.5","24"," 24.1","999.9","  66.6"," ","  59.4"," "," 0.02","G","999.9","000000"
"03609099999","2023-07-29","51.5666666","-3.9833333","32.0","MUMBLES HEAD, UK","  62.3","24","  54.8","24","1006.7","24","001.6","24","999.9"," 0"," 25.1","24"," 31.1","999.9","  64.8"," ","  58.3"," "," 0.06","G","999.9","000000"
"03609099999","2023-07-30","51.5666666","-3.9833333","32.0","MUMBLES HEAD, UK","  61.5","24","  58.0","24","1010.2","24","005.1","24","999.9"," 0"," 23.7","24"," 33.0","999.9","  63.3"," ","  58.8"," "," 0.02","G","999.9","000000"
"03609099999","2023-07-31","51.5666666","-3.9833333","32.0","MUMBLES HEAD, UK","  62.1","24","  57.7","24","1004.7","24","999.7","24","999.9"," 0"," 22.1","24"," 33.0","999.9","  64.0"," ","  60.8"," "," 0.33","G","999.9","000000"
"03609099999","2023-08-01","51.5666666","-3.9833333","32.0","MUMBLES HEAD, UK","  61.3","24","  55.0","24","1001.9","24","996.9","24","999.9"," 0"," 14.1","24"," 24.1","999.9","  65.3"," ","  58.5"," "," 0.01","G","999.9","000000"
"03609099999","2023-08-02","51.5666666","-3.9833333","32.0","MUMBLES HEAD, UK","  61.6","24","  57.9","24"," 988.7","24","983.7","24","999.9"," 0"," 17.0","24"," 31.1","999.9","  66.4"," ","  58.3"," "," 0.06","G","999.9","000000"
"03609099999","2023-08-03","51.5666666","-3.9833333","32.0","MUMBLES HEAD, UK","  61.6","24","  53.6","24","1008.7","24","003.6","24","999.9"," 0","  9.8","24"," 15.9","999.9","  66.4"," ","  58.6"," "," 0.42","G","999.9","000000"
"03609099999","2023-08-04","51.5666666","-3.9833333","32.0","MUMBLES HEAD, UK","  59.8","24","  49.8","24","1020.1","24","014.9","24","999.9"," 0","  8.6","24"," 15.0","999.9","  65.3"," ","  56.1"," "," 0.00","G","999.9","000000"
"03609099999","2023-08-05","51.5666666","-3.9833333","32.0","MUMBLES HEAD, UK","  59.4","24","  53.3","24","1009.3","24","004.2","24","999.9"," 0"," 17.0","24"," 31.1","999.9","  67.5"," ","  54.7"," "," 0.00","G","999.9","000000"
"03609099999","2023-08-06","51.5666666","-3.9833333","32.0","MUMBLES HEAD, UK","  59.6","24","  52.1","24","1020.2","24","015.1","24","999.9"," 0"," 10.9","24"," 24.1","999.9","  67.3"," ","  53.6"," "," 0.00","G","999.9","000000"
"03609099999","2023-08-07","51.5666666","-3.9833333","32.0","MUMBLES HEAD, UK","  58.7","21","  52.4","21","1021.3","21","016.1","21","999.9"," 0","  8.9","21"," 19.0","999.9","  63.5"," ","  54.0"," "," 0.00","G","999.9","000000"
"03609099999","2023-08-08","51.5666666","-3.9833333","32.0","MUMBLES HEAD, UK","  61.1","24","  58.9","24","1015.4","24","010.2","24","999.9"," 0"," 15.6","24"," 26.0","999.9","  64.4"," ","  57.6"," "," 0.00","G","999.9","000000"
"03609099999","2023-08-09","51.5666666","-3.9833333","32.0","MUMBLES HEAD, UK","  62.0","24","  58.6","24","1018.7","24","013.5","24","999.9"," 0","  3.9","24","  7.0","999.9","  68.0"," ","  55.9"," "," 0.00","E","999.9","000000"
"03609099999","2023-08-10","51.5666666","-3.9833333","32.0","MUMBLES HEAD, UK","  65.8","23","  61.1","23","1017.6","23","012.5","23","999.9"," 0"," 11.4","23"," 18.1","999.9","  71.2"," ","  61.5"," "," 0.00","G","999.9","000000"
"03609099999","2023-08-11","51.5666666","-3.9833333","32.0","MUMBLES HEAD, UK","  64.6","24","  59.9","24","1016.9","24","011.8","24","999.9"," 0"," 19.6","24"," 25.1","999.9","  69.1"," ","  62.8"," "," 0.09","G","999.9","000000"
"03609099999","2023-08-12","51.5666666","-3.9833333","32.0","MUMBLES HEAD, UK","  62.8","24","  58.9","24","1012.7","24","007.6","24","999.9"," 0"," 26.7","24"," 32.1","999.9","  66.0"," ","  60.1"," "," 0.02","G","999.9","000000"
"03609099999","2023-08-13","51.5666666","-3.9833333","32.0","MUMBLES HEAD, UK","  62.3","24","  56.6","24","1012.5","24","007.4","24","999.9"," 0"," 19.9","24"," 27.0","999.9","  65.7"," ","  59.7"," "," 0.18","G","999.9","000000"
"03609099999","2023-08-14","51.5666666","-3.9833333","32.0","MUMBLES HEAD, UK","  63.1","24","  58.8","24","1008.7","24","003.6","24","999.9"," 0"," 19.5","24"," 31.1","999.9","  66.6"," ","  59.5"," "," 0.92","G","999.9","000000"
"03609099999","2023-08-15","51.5666666","-3.9833333","32.0","MUMBLES HEAD, UK","  63.5","24","  57.5","24","1017.1","24","012.0","24","999.9"," 0"," 10.8","24"," 19.0","999.9","  68.4"," ","  58.6","*"," 0.01","G","999.9","000000"
"03609099999","2023-08-16","51.5666666","-3.9833333","32.0","MUMBLES HEAD, UK","  63.7","24","  55.1","24","1021.5","24","016.4","24","999.9"," 0","  6.9","24"," 11.1","999.9","  72.1"," ","  55.2"," "," 0.00","G","999.9","000000"
"03609099999","2023-08-17","51.5666666","-3.9833333","32.0","MUMBLES HEAD, UK","  66.4","20","  57.3","20","1017.8","20","012.7","20","999.9"," 0"," 15.0","20"," 22.0","999.9","  72.3"," ","  62.2"," "," 0.00","G","999.9","000000"
"03609099999","2023-08-18","51.5666666","-3.9833333","32.0","MUMBLES HEAD, UK","  65.3","24","  61.1","24","1009.6","24","004.6","24","999.9"," 0"," 22.7","24"," 31.1","999.9","  69.3"," ","  64.0"," "," 0.00","G","999.9","000000"
"03609099999","2023-08-19","51.5666666","-3.9833333","32.0","MUMBLES HEAD, UK","  64.9","24","  59.8","24","1011.9","24","006.8","24","999.9"," 0"," 25.7","24"," 35.0","999.9","  68.7"," ","  62.8"," "," 0.42","G","999.9","000000"
"03609099999","2023-08-20","51.5666666","-3.9833333","32.0","MUMBLES HEAD, UK","  64.5","24","  59.3","24","1021.5","24","016.4","24","999.9"," 0"," 15.2","24"," 20.0","999.9","  70.5"," ","  61.7"," "," 0.01","G","999.9","000000"
"03609099999","2023-08-21","51.5666666","-3.9833333","32.0","MUMBLES HEAD, UK","  64.6","24","  60.1","24","1022.4","24","017.3","24","999.9"," 0"," 16.5","24"," 24.1","999.9","  69.1"," ","  62.4"," "," 0.00","G","999.9","000000"
"03609099999","2023-08-22","51.5666666","-3.9833333","32.0","MUMBLES HEAD, UK","  63.2","24","  59.2","24","1021.3","24","016.1","24","999.9"," 0"," 16.9","24"," 21.0","999.9","  66.6"," ","  60.8","*"," 0.04","G","999.9","000000"
"03609099999","2023-08-23","51.5666666","-3.9833333","32.0","MUMBLES HEAD, UK","  64.2","24","  57.1","24","1020.1","24","015.0","24","999.9"," 0","  5.4","24"," 12.0","999.9","  69.1"," ","  59.7"," "," 0.02","G","999.9","000000"
"03609099999","2023-08-24","51.5666666","-3.9833333","32.0","MUMBLES HEAD, UK","  62.4","22","  54.2","22","1014.3","22","009.2","22","999.9"," 0","  6.2","22"," 13.0","999.9","  68.0"," ","  56.5","*"," 0.00","G","999.9","000000"
"03609099999","2023-08-25","51.5666666","-3.9833333","32.0","MUMBLES HEAD, UK","  58.4","23","  53.7","23","1011.1","23","005.9","23","999.9"," 0","  7.6","23"," 17.1","999.9","  64.2"," ","  54.5"," "," 0.00","G","999.9","000000"
"03609099999","2023-08-26","51.5666666","-3.9833333","32.0","MUMBLES HEAD, UK","  58.6","24","  53.0","24","1010.1","24","005.0","24","999.9"," 0","  7.3","24"," 11.1","999.9","  64.8"," ","  55.4"," "," 0.48","G","999.9","000000"
"03609099999","2023-08-27","51.5666666","-3.9833333","32.0","MUMBLES HEAD, UK","  58.8","23","  52.8","23","1013.4","23","008.2","23","999.9"," 0","  8.8","23"," 14.0","999.9","  63.9"," ","  55.2"," "," 0.07","G","999.9","000000"
"03609099999","2023-08-28","51.5666666","-3.9833333","32.0","MUMBLES HEAD, UK","  60.1","24","  52.5","24","1016.9","24","011.8","24","999.9"," 0","  7.1","24"," 12.0","999.9","  65.3"," ","  57.4"," "," 0.00","G","999.9","000000"
"03609099999","2023-08-29","51.5666666","-3.9833333","32.0","MUMBLES HEAD, UK","  60.1","24","  54.8","24","1013.0","24","007.9","24","999.9"," 0","  9.8","24"," 19.0","999.9","  67.1"," ","  57.0"," "," 0.00","G","999.9","000000"
"03609099999","2023-08-30","51.5666666","-3.9833333","32.0","MUMBLES HEAD, UK","  58.7","24","  50.8","24","1011.2","24","006.1","24","999.9"," 0","  8.8","24"," 13.0","999.9","  64.2"," ","  54.1"," "," 0.10","G","999.9","000000"
"03609099999","2023-08-31","51.5666666","-3.9833333","32.0","MUMBLES HEAD, UK","  57.9","23","  54.2","23","1008.8","23","003.6","23","999.9"," 0"," 10.9","23"," 20.0","999.9","  62.2"," ","  54.3"," "," 0.05","G","999.9","000000"
"03609099999","2023-09-01","51.5666666","-3.9833333","32.0","MUMBLES HEAD, UK","  62.5","24","  57.1","24","1011.7","24","006.6","24","999.9"," 0","  5.9","24"," 11.1","999.9","  68.7"," ","  58.5"," "," 0.13","G","999.9","000000"
"03609099999","2023-09-02","51.5666666","-3.9833333","32.0","MUMBLES HEAD, UK","  64.1","24","  57.9","24","1021.7","24","016.6","24","999.9"," 0","  6.3","24","  9.9","999.9","  71.1"," ","  58.1"," "," 0.02","G","999.9","000000"
"03609099999","2023-09-03","51.5666666","-3.9833333","32.0","MUMBLES HEAD, UK","  66.7","24","  57.5","24","1026.7","24","021.6","24","999.9"," 0","  5.9","24"," 12.0","999.9","  73.8"," ","  59.9"," "," 0.00","G","999.9","000000"
"03609099999","2023-09-04","51.5666666","-3.9833333","32.0","MUMBLES HEAD, UK","  71.1","24","  61.1","24","1021.3","24","016.2","24","999.9"," 0"," 12.5","24"," 15.9","999.9","  77.7"," ","  64.9"," "," 0.00","G","999.9","000000"
"03609099999","2023-09-05","51.5666666","-3.9833333","32.0","MUMBLES HEAD, UK","  70.8","23","  58.6","23","1016.7","23","011.6","23","999.9"," 0"," 10.5","23"," 17.1","999.9","  77.7"," ","  64.8"," "," 0.00","G","999.9","000000"
"03609099999","2023-09-06","51.5666666","-3.9833333","32.0","MUMBLES HEAD, UK","  69.5","24","  62.5","24","1019.0","24","014.0","24","999.9"," 0","  5.1","24"," 12.0","999.9","  75.9"," ","  63.3"," "," 0.00","G","999.9","000000"
"03609099999","2023-09-07","51.5666666","-3.9833333","32.0","MUMBLES HEAD, UK","  72.7","21","  64.8","21","1016.9","21","011.9","21","999.9"," 0","  6.0","21"," 11.1","999.9","  77.4"," ","  68.7"," "," 0.00","G","999.9","000000"
"03609099999","2023-09-08","51.5666666","-3.9833333","32.0","MUMBLES HEAD, UK","  69.1","23","  65.0","23","1017.2","23","012.1","23","999.9"," 0","  4.9","23"," 11.1","999.9","  76.8"," ","  65.5"," "," 0.00","G","999.9","000000"
"03609099999","2023-09-09","51.5666666","-3.9833333","32.0","MUMBLES HEAD, UK","  68.1","24","  64.3","24","1016.5","24","011.4","24","999.9"," 0","  3.7","24","  8.9","999.9","  72.7"," ","  65.3"," "," 0.00","G","999.9","000000"
"03609099999","2023-09-10","51.5666666","-3.9833333","32.0","MUMBLES HEAD, UK","  69.2","24","  64.1","24","1014.8","24","009.7","24","999.9"," 0","  8.2","24"," 22.9","999.9","  76.8"," ","  65.5"," "," 0.00","G","999.9","000000"
"03609099999","2023-09-11","51.5666666","-3.9833333","32.0","MUMBLES HEAD, UK","  65.5","24","  61.7","24","1013.8","24","008.7","24","999.9"," 0"," 15.4","24"," 22.0","999.9","  70.3"," ","  63.9"," "," 0.17","G","999.9","000000"
"03609099999","2023-09-12","51.5666666","-3.9833333","32.0","MUMBLES HEAD, UK","  63.2","24","  58.1","24","1015.3","24","010.1","24","999.9"," 0","  8.8","24"," 15.9","999.9","  70.7"," ","  58.1","*"," 0.15","G","999.9","000000"
"03609099999","2023-09-13","51.5666666","-3.9833333","32.0","MUMBLES HEAD, UK","  61.4","24","  51.4","24","1022.5","24","017.4","24","999.9"," 0","  9.6","24"," 14.0","999.9","  67.3"," ","  56.1"," "," 0.01","G","999.9","000000"
"03609099999","2023-09-14","51.5666666","-3.9833333","32.0","MUMBLES HEAD, UK","  62.5","21","  58.2","21","1020.0","21","014.8","21","999.9"," 0"," 16.8","21"," 24.1","999.9","  65.3"," ","  60.6"," "," 0.00","G","999.9","000000"
"03609099999","2023-09-15","51.5666666","-3.9833333","32.0","MUMBLES HEAD, UK","  65.1","24","  57.8","24","1014.2","24","009.1","24","999.9"," 0","  8.6","24"," 13.0","999.9","  70.7"," ","  59.4"," "," 0.02","G","999.9","000000"
"03609099999","2023-09-16","51.5666666","-3.9833333","32.0","MUMBLES HEAD, UK","  62.7","24","  57.4","24","1013.6","24","008.5","24","999.9"," 0","  9.1","24"," 14.0","999.9","  67.1"," ","  60.6"," "," 0.00","G","999.9","000000"
"03609099999","2023-09-17","51.5666666","-3.9833333","32.0","MUMBLES HEAD, UK","  62.4","24","  59.3","24","1008.8","24","003.7","24","999.9"," 0"," 16.1","24"," 31.1","999.9","  65.5"," ","  59.2"," "," 0.34","G","999.9","000000"
"03609099999","2023-09-18","51.5666666","-3.9833333","32.0","MUMBLES HEAD, UK","  60.6","24","  53.2","24","1003.4","24","998.3","24","999.9"," 0"," 15.8","24"," 27.0","999.9","  65.5"," ","  56.7"," "," 0.43","G","999.9","000000"
"03609099999","2023-09-19","51.5666666","-3.9833333","32.0","MUMBLES HEAD, UK","  61.8","14","  57.7","14","1004.0","13","998.9","13","999.9"," 0"," 37.1","14"," 42.9","999.9","  63.7","*","  56.7"," "," 0.16","G","999.9","000000"
"03609099999","2023-09-20","51.5666666","-3.9833333","32.0","MUMBLES HEAD, UK","  61.2","23","  55.4","23"," 994.8","23","989.8","23","999.9"," 0"," 27.0","23"," 38.1","999.9","  63.9"," ","  56.7"," "," 0.31","G","999.9","000000"
"03609099999","2023-09-21","51.5666666","-3.9833333","32.0","MUMBLES HEAD, UK","  56.3","24","  50.2","24"," 995.3","24","990.2","24","999.9"," 0"," 11.0","24"," 24.1","999.9","  62.1"," ","  52.7"," "," 0.28","G","999.9","000000"
"03609099999","2023-09-22","51.5666666","-3.9833333","32.0","MUMBLES HEAD, UK","  54.0","23","  47.5","23","1004.2","23","999.1","23","999.9"," 0","  9.1","23"," 15.9","999.9","  60.8"," ","  50.4"," "," 0.65","G","999.9","000000"
"03609099999","2023-09-23","51.5666666","-3.9833333","32.0","MUMBLES HEAD, UK","  56.7","24","  47.9","24","1015.4","24","010.2","24","999.9"," 0"," 12.7","24"," 25.1","999.9","  63.0"," ","  50.0"," "," 0.06","G","999.9","000000"
"03609099999","2023-09-24","51.5666666","-3.9833333","32.0","MUMBLES HEAD, UK","  63.4","24","  59.1","24","1012.8","24","007.7","24","999.9"," 0"," 27.5","24"," 35.0","999.9","  65.8"," ","  58.1"," "," 0.14","G","999.9","000000"
"03609099999","2023-09-25","51.5666666","-3.9833333","32.0","MUMBLES HEAD, UK","  62.8","24","  56.7","24","1017.3","24","012.2","24","999.9"," 0"," 21.2","24"," 26.0","999.9","  66.6"," ","  61.2"," "," 0.08","G","999.9","000000"
"03609099999","2023-09-26","51.5666666","-3.9833333","32.0","MUMBLES HEAD, UK","  62.0","24","  55.3","24","1015.5","24","010.4","24","999.9"," 0"," 19.0","24"," 28.0","999.9","  64.9"," ","  60.3","*"," 0.01","G","999.9","000000"
"03609099999","2023-09-27","51.5666666","-3.9833333","32.0","MUMBLES HEAD, UK","  61.8","24","  56.5","24","1010.0","22","004.9","22","999.9"," 0"," 27.4","24"," 45.1","999.9","  66.0"," ","  58.1"," "," 0.00","G","999.9","000000"
"03609099999","2023-09-28","51.5666666","-3.9833333","32.0","MUMBLES HEAD, UK","  60.6","19","  53.8","19","1010.9","19","005.7","19","999.9"," 0"," 20.5","19"," 35.0","999.9","  63.3"," ","  59.2"," "," 0.07","G","999.9","000000"
"03609099999","2023-09-29","51.5666666","-3.9833333","32.0","MUMBLES HEAD, UK","  58.7","24","  52.4","24","1020.1","24","014.8","24","999.9"," 0"," 10.8","24"," 22.9","999.9","  63.1"," ","  53.8"," "," 0.13","G","999.9","000000"
"03609099999","2023-09-30","51.5666666","-3.9833333","32.0","MUMBLES HEAD, UK","  61.3","24","  55.8","24","1022.4","24","017.2","24","999.9"," 0"," 18.3","24"," 28.0","999.9","  63.9"," ","  57.6"," "," 0.00","G","999.9","000000"
"03609099999","2023-10-01","51.5666666","-3.9833333","32.0","MUMBLES HEAD, UK","  62.6","24","  61.0","24","1019.3","24","014.1","24","999.9"," 0"," 15.6","24"," 22.9","999.9","  64.0"," ","  59.9"," "," 0.00","G","999.9","000000"
"03609099999","2023-10-02","51.5666666","-3.9833333","32.0","MUMBLES HEAD, UK","  58.1","24","  55.7","24","1016.3","24","011.2","24","999.9"," 0","  6.2","24"," 15.9","999.9","  61.9"," ","  54.1"," "," 0.11","G","999.9","000000"
"03609099999","2023-10-03","51.5666666","-3.9833333","32.0","MUMBLES HEAD, UK","  57.4","23","  51.4","23","1021.0","23","015.8","23","999.9"," 0"," 13.7","23"," 24.1","999.9","  61.9"," ","  53.1"," "," 0.14","G","999.9","000000"
"03609099999","2023-10-04","51.5666666","-3.9833333","32.0","MUMBLES HEAD, UK","  58.8","23","  51.2","23","1026.1","23","020.8","23","999.9"," 0"," 19.9","23"," 27.0","999.9","  62.1"," ","  55.4"," "," 0.06","G","999.9","000000"
"03609099999","2023-10-05","51.5666666","-3.9833333","32.0","MUMBLES HEAD, UK","  60.9","20","  54.6","20","1023.8","20","018.6","20","999.9"," 0"," 22.4","20"," 28.0","999.9","  64.4"," ","  55.4"," "," 0.06","G","999.9","000000"
"03609099999","2023-10-06","51.5666666","-3.9833333","32.0","MUMBLES HEAD, UK","  61.7","24","  57.6","24","1023.5","24","018.3","24","999.9"," 0"," 21.7","24"," 26.0","999.9","  62.8"," ","  60.6"," "," 0.00","G","999.9","000000"
"03609099999","2023-10-07","51.5666666","-3.9833333","32.0","MUMBLES HEAD, UK","  61.9","24","  57.9","24","1024.3","24","019.1","24","999.9"," 0"," 12.9","24"," 25.1","999.9","  64.9"," ","  59.2","*"," 0.00","G","999.9","000000"
"03609099999","2023-10-08","51.5666666","-3.9833333","32.0","MUMBLES HEAD, UK","  61.7","24","  53.1","24","1024.8","24","019.6","24","999.9"," 0","  4.2","24","  8.9","999.9","  68.9"," ","  56.3"," "," 0.00","G","999.9","000000"
"03609099999","2023-10-09","51.5666666","-3.9833333","32.0","MUMBLES HEAD, UK","  60.7","24","  57.5","24","1022.9","24","017.8","24","999.9"," 0","  4.8","24","  9.9","999.9","  66.6"," ","  59.0"," "," 0.00","G","999.9","000000"
"03609099999","2023-10-10","51.5666666","-3.9833333","32.0","MUMBLES HEAD, UK","  60.4","24","  57.7","24","1018.1","24","012.9","24","999.9"," 0"," 15.1","24"," 24.1","999.9","  63.5"," ","  58.6"," "," 0.00","G","999.9","000000"
"03609099999","2023-10-11","51.5666666","-3.9833333","32.0","MUMBLES HEAD, UK","  61.0","24","  59.5","24","1012.5","24","007.3","24","999.9"," 0"," 18.1","24"," 25.1","999.9","  62.1"," ","  59.0"," "," 0.14","G","999.9","000000"
"03609099999","2023-10-12","51.5666666","-3.9833333","32.0","MUMBLES HEAD, UK","  56.9","23","  54.9","23","1011.5","23","006.4","23","999.9"," 0","  9.2","23"," 13.0","999.9","  61.9"," ","  53.6"," "," 0.34","G","999.9","000000"
"03609099999","2023-10-13","51.5666666","-3.9833333","32.0","MUMBLES HEAD, UK","  57.9","24","  53.8","24","1002.1","24","997.0","24","999.9"," 0"," 19.9","24"," 39.0","999.9","  64.0"," ","  50.7"," "," 1.28","G","999.9","000000"
"03609099999","2023-10-14","51.5666666","-3.9833333","32.0","MUMBLES HEAD, UK","  50.8","24","  41.8","24","1019.9","24","014.6","24","999.9"," 0","  8.9","24"," 13.0","999.9","  56.8"," ","  47.3","*"," 0.13","G","999.9","000000"
"03609099999","2023-10-15","51.5666666","-3.9833333","32.0","MUMBLES HEAD, UK","  48.9","24","  39.4","24","1026.9","24","021.6","24","999.9"," 0","  6.7","24"," 15.0","999.9","  55.4"," ","  43.7"," "," 0.00","G","999.9","000000"
"03609099999","2023-10-16","51.5666666","-3.9833333","32.0","MUMBLES HEAD, UK","  49.8","24","  40.1","24","1020.3","24","015.0","24","999.9"," 0"," 19.1","24"," 26.0","999.9","  53.2"," ","  45.5"," "," 0.00","G","999.9","000000"
"03609099999","2023-10-17","51.5666666","-3.9833333","32.0","MUMBLES HEAD, UK","  54.3","22","  44.2","22","1010.7","22","005.5","22","999.9"," 0"," 28.6","22"," 32.1","999.9","  57.4"," ","  51.8"," "," 0.00","G","999.9","000000"
"03609099999","2023-10-18","51.5666666","-3.9833333","32.0","MUMBLES HEAD, UK","  56.6","24","  51.4","24"," 991.4","24","986.3","24","999.9"," 0"," 21.9","24"," 32.1","999.9","  59.7"," ","  53.1"," "," 0.01","G","999.9","000000"
"03609099999","2023-10-19","51.5666666","-3.9833333","32.0","MUMBLES HEAD, UK","  59.3","24","  56.8","24"," 979.9","24","974.9","24","999.9"," 0"," 15.5","24"," 26.0","999.9","  62.1"," ","  55.2"," "," 0.56","G","999.9","000000"
"03609099999","2023-10-20","51.5666666","-3.9833333","32.0","MUMBLES HEAD, UK","  56.4","24","  54.0","24"," 977.3","24","972.3","24","999.9"," 0","  9.9","24"," 20.0","999.9","  59.0"," ","  55.0"," "," 0.14","G","999.9","000000"
"03609099999","2023-10-21","51.5666666","-3.9833333","32.0","MUMBLES HEAD, UK","  52.3","24","  46.6","24"," 986.6","24","981.5","24","999.9"," 0","  9.8","24"," 19.0","999.9","  57.2"," ","  49.3"," "," 0.30","G","999.9","000000"
"03609099999","2023-10-22","51.5666666","-3.9833333","32.0","MUMBLES HEAD, UK","  53.2","24","  47.6","24","1004.1","24","999.0","24","999.9"," 0"," 11.1","24"," 22.0","999.9","  59.4"," ","  47.5"," "," 0.04","G","999.9","000000"
"03609099999","2023-10-23","51.5666666","-3.9833333","32.0","MUMBLES HEAD, UK","  55.9","23","  51.7","23","1004.3","23","999.2","23","999.9"," 0"," 21.2","23"," 25.1","999.9","  60.8"," ","  52.9"," "," 0.20","G","999.9","000000"
"03609099999","2023-10-24","51.5666666","-3.9833333","32.0","MUMBLES HEAD, UK","  54.7","24","  48.3","24","1000.0","24","994.9","24","999.9"," 0"," 13.5","24"," 18.1","999.9","  59.5"," ","  51.3","*"," 0.28","G","999.9","000000"
"03609099999","2023-10-25","51.5666666","-3.9833333","32.0","MUMBLES HEAD, UK","  52.4","24","  47.2","24"," 996.4","24","991.3","24","999.9"," 0"," 10.6","24"," 19.0","999.9","  57.6"," ","  49.1"," "," 0.33","G","999.9","000000"
"03609099999","2023-10-26","51.5666666","-3.9833333","32.0","MUMBLES HEAD, UK","  55.4","24","  51.6","24"," 989.7","24","984.7","24","999.9"," 0"," 14.9","24"," 21.0","999.9","  61.7"," ","  52.0"," "," 0.06","G","999.9","000000"
"03609099999","2023-10-27","51.5666666","-3.9833333","32.0","MUMBLES HEAD, UK","  54.7","24","  49.9","24"," 987.9","24","982.8","24","999.9"," 0"," 16.0","24"," 22.9","999.9","  57.9"," ","  50.5"," "," 0.29","G","999.9","000000"
"03609099999","2023-10-28","51.5666666","-3.9833333","32.0","MUMBLES HEAD, UK","  55.0","24","  50.5","24"," 984.0","24","978.9","24","999.9"," 0"," 22.1","24"," 28.9","999.9","  57.7"," ","  52.3"," "," 0.61","G","999.9","000000"
"03609099999","2023-10-29","51.5666666","-3.9833333","32.0","MUMBLES HEAD, UK","  55.2","24","  48.4","24"," 984.5","24","979.4","24","999.9"," 0"," 27.5","24"," 34.0","999.9","  58.5"," ","  51.8"," "," 0.16","G","999.9","000000"
"03609099999","2023-10-30","51.5666666","-3.9833333","32.0","MUMBLES HEAD, UK","  55.3","24","  50.4","24"," 992.7","24","987.6","24","999.9"," 0"," 18.1","24"," 28.9","999.9","  59.9"," ","  51.8"," "," 0.20","G","999.9","000000"
"03609099999","2023-10-31","51.5666666","-3.9833333","32.0","MUMBLES HEAD, UK","  55.0","24","  51.0","24"," 998.4","24","993.3","24","999.9"," 0"," 12.2","24"," 20.0","999.9","  59.2"," ","  51.4"," "," 0.39","G","999.9","000000"
"03609099999","2023-11-01","51.5666666","-3.9833333","32.0","MUMBLES HEAD, UK","  54.3","24","  48.3","24"," 985.7","24","980.7","24","999.9"," 0"," 28.6","24"," 39.0","999.9","  58.5"," ","  49.1"," "," 0.77","G","999.9","000000"
"03609099999","2023-11-02","51.5666666","-3.9833333","32.0","MUMBLES HEAD, UK","  50.7","24","  44.5","24"," 970.1","24","965.1","24","999.9"," 0"," 17.3","24"," 32.1","999.9","  53.8"," ","  48.0"," "," 0.32","G","999.9","000000"
"03609099999","2023-11-03","51.5666666","-3.9833333","32.0","MUMBLES HEAD, UK","  51.5","24","  45.5","24"," 982.9","24","977.8","24","999.9"," 0"," 10.8","24"," 21.0","999.9","  55.8"," ","  49.6"," "," 0.43","G","999.9","000000"
"03609099999","2023-11-04","51.5666666","-3.9833333","32.0","MUMBLES HEAD, UK","  50.8","24","  46.6","24"," 966.8","24","961.8","24","999.9"," 0"," 20.7","24"," 38.1","999.9","  57.2"," ","  46.8"," "," 0.34","G","999.9","000000"
"03609099999","2023-11-05","51.5666666","-3.9833333","32.0","MUMBLES HEAD, UK","  51.0","24","  44.7","24"," 983.2","24","978.1","24","999.9"," 0"," 15.2","24"," 29.9","999.9","  55.6"," ","  47.3"," "," 0.36","G","999.9","000000"
"03609099999","2023-11-06","51.5666666","-3.9833333","32.0","MUMBLES HEAD, UK","  51.0","20","  44.0","20"," 998.4","20","993.2","20","999.9"," 0"," 11.1","20"," 21.0","999.9","  55.4"," ","  47.8"," "," 0.26","G","999.9","000000"
"03609099999","2023-11-07","51.5666666","-3.9833333","32.0","MUMBLES HEAD, UK","  51.2","24","  44.0","24","1009.2","24","004.0","24","999.9"," 0"," 11.8","24"," 24.1","999.9","  55.2"," ","  48.6"," "," 0.02","G","999.9","000000"
"03609099999","2023-11-08","51.5666666","-3.9833333","32.0","MUMBLES HEAD, UK","  52.0","24","  45.1","24","1003.2","24","998.0","24","999.9"," 0"," 19.6","24"," 35.0","999.9","  55.8"," ","  49.3"," "," 0.08","G","999.9","000000"
"03609099999","2023-11-09","51.5666666","-3.9833333","32.0","MUMBLES HEAD, UK","  49.6","24","  43.4","24"," 995.2","24","990.1","24","999.9"," 0"," 23.2","24"," 38.1","999.9","  53.2"," ","  43.3"," "," 0.34","G","999.9","000000"
"03609099999","2023-11-10","51.5666666","-3.9833333","32.0","MUMBLES HEAD, UK","  48.6","23","  42.8","23"," 998.6","23","993.4","23","999.9"," 0"," 10.5","23"," 34.0","999.9","  53.8"," ","  45.1"," "," 0.39","G","999.9","000000"
"03609099999","2023-11-11","51.5666666","-3.9833333","32.0","MUMBLES HEAD, UK","  48.2","24","  43.4","24","1007.0","24","001.8","24","999.9"," 0"," 10.1","24"," 24.1","999.9","  52.3"," ","  43.2"," "," 0.02","G","999.9","000000"
"03609099999","2023-11-12","51.5666666","-3.9833333","32.0","MUMBLES HEAD, UK","  50.8","24","  48.0","24","1001.1","24","995.9","24","999.9"," 0"," 20.1","24"," 28.0","999.9","  55.2"," ","  46.2"," "," 0.03","G","999.9","000000"
"03609099999","2023-11-13","51.5666666","-3.9833333","32.0","MUMBLES HEAD, UK","  55.4","24","  50.4","24"," 997.0","24","991.9","24","999.9"," 0"," 32.9","24"," 44.1","999.9","  57.6"," ","  52.3"," "," 0.75","G","999.9","000000"
"03609099999","2023-11-14","51.5666666","-3.9833333","32.0","MUMBLES HEAD, UK","  54.1","23","  49.3","23","1004.9","23","999.8","23","999.9"," 0"," 20.9","23"," 34.0","999.9","  56.1"," ","  50.0"," "," 0.07","G","999.9","000000"
"03609099999","2023-11-15","51.5666666","-3.9833333","32.0","MUMBLES HEAD, UK","  50.2","23","  42.6","23","1017.8","23","012.6","23","999.9"," 0","  9.1","23"," 13.0","999.9","  54.3"," ","  46.9","*"," 0.45","G","999.9","000000"
"03609099999","2023-11-16","51.5666666","-3.9833333","32.0","MUMBLES HEAD, UK","  48.5","24","  41.8","24","1014.8","24","009.5","24","999.9"," 0"," 11.3","24"," 20.0","999.9","  52.5"," ","  46.0"," "," 0.01","G","999.9","000000"
"03609099999","2023-11-17","51.5666666","-3.9833333","32.0","MUMBLES HEAD, UK","  49.1","24","  44.2","24","1019.2","24","014.0","24","999.9"," 0","  9.8","24"," 22.0","999.9","  54.1"," ","  45.7"," "," 0.17","G","999.9","000000"
"03609099999","2023-11-18","51.5666666","-3.9833333","32.0","MUMBLES HEAD, UK","  55.2","24","  53.3","24","1008.8","24","003.6","24","999.9"," 0"," 25.7","24"," 33.0","999.9","  56.1"," ","  48.9"," "," 0.74","G","999.9","000000"
"03609099999","2023-11-19","51.5666666","-3.9833333","32.0","MUMBLES HEAD, UK","  54.5","24","  49.4","24","1007.3","23","002.1","23","999.9"," 0"," 32.6","24"," 42.0","999.9","  55.9"," ","  51.4"," "," 0.12","G","999.9","000000"
"03609099999","2023-11-20","51.5666666","-3.9833333","32.0","MUMBLES HEAD, UK","  52.0","24","  47.9","24","1011.4","24","006.2","24","999.9"," 0"," 14.3","24"," 33.0","999.9","  54.9"," ","  49.1"," "," 0.08","G","999.9","000000"
"03609099999","2023-11-21","51.5666666","-3.9833333","32.0","MUMBLES HEAD, UK","  49.7","24","  42.3","24","1026.9","24","021.6","24","999.9"," 0","  6.9","24"," 13.0","999.9","  52.0"," ","  45.9"," "," 0.01","G","999.9","000000"
"03609099999","2023-11-22","51.5666666","-3.9833333","32.0","MUMBLES HEAD, UK","  51.1","23","  46.4","23","1031.8","23","026.5","23","999.9"," 0","  8.1","23"," 13.0","999.9","  54.1","*","  45.5"," "," 0.00","G","999.9","000000"
"03609099999","2023-11-23","51.5666666","-3.9833333","32.0","MUMBLES HEAD, UK","  53.2","24","  48.7","24","1028.9","24","023.6","24","999.9"," 0"," 11.6","24"," 20.0","999.9","  54.9"," ","  51.6"," "," 0.00","G","999.9","000000"
"03609099999","2023-11-24","51.5666666","-3.9833333","32.0","MUMBLES HEAD, UK","  47.9","24","  39.7","24","1025.1","24","019.8","24","999.9"," 0","  8.9","24"," 13.0","999.9","  54.9"," ","  41.5","*"," 0.02","G","999.9","000000"
"03609099999","2023-11-25","51.5666666","-3.9833333","32.0","MUMBLES HEAD, UK","  40.0","24","  33.4","24","1023.3","24","017.9","24","999.9"," 0","  6.5","24"," 11.1","999.9","  45.9"," ","  35.1"," "," 0.00","G","999.9","000000"
"03609099999","2023-11-26","51.5666666","-3.9833333","32.0","MUMBLES HEAD, UK","  46.1","24","  43.2","24","1013.8","24","008.5","24","999.9"," 0"," 14.6","24"," 19.0","999.9","  52.3"," ","  40.1"," "," 0.00","G","999.9","000000"
"03609099999","2023-11-27","51.5666666","-3.9833333","32.0","MUMBLES HEAD, UK","  47.7","24","  43.4","24","1004.4","24","999.2","24","999.9"," 0","  8.1","24"," 13.0","999.9","  52.3"," ","  41.2","*"," 0.20","G","999.9","000000"
"03609099999","2023-11-28","51.5666666","-3.9833333","32.0","MUMBLES HEAD, UK","  44.0","24","  37.0","24","1011.3","24","006.1","24","999.9"," 0","  6.0","24","  8.9","999.9","  49.6"," ","  40.3"," "," 0.02","G","999.9","000000"
"03609099999","2023-11-29","51.5666666","-3.9833333","32.0","MUMBLES HEAD, UK","  41.6","24","  36.8","24","1005.2","24","000.0","24","999.9"," 0","  8.1","24"," 14.0","999.9","  46.8"," ","  39.0"," "," 0.00","G","999.9","000000"
"03609099999","2023-11-30","51.5666666","-3.9833333","32.0","MUMBLES HEAD, UK","  37.2","24","  29.8","24","1003.5","24","998.2","24","999.9"," 0"," 15.3","24"," 21.0","999.9","  42.4"," ","  34.5"," "," 0.00","G","999.9","000000"
"03609099999","2023-12-01","51.5666666","-3.9833333","32.0","MUMBLES HEAD, UK","  35.9","24","  28.6","24","1010.4","24","005.1","24","999.9"," 0","  8.1","24"," 13.0","999.9","  40.6"," ","  32.0"," "," 0.00","G","999.9","000000"
"03609099999","2023-12-02","51.5666666","-3.9833333","32.0","MUMBLES HEAD, UK","  38.5","24","  34.1","24","1014.8","24","009.4","24","999.9"," 0"," 13.4","24"," 26.0","999.9","  46.0"," ","  33.1"," "," 0.00","G","999.9","000000"
"03609099999","2023-12-03","51.5666666","-3.9833333","32.0","MUMBLES HEAD, UK","  45.6","24","  43.3","24","1007.1","24","001.9","24","999.9"," 0"," 12.8","24"," 22.9","999.9","  48.6"," ","  40.8"," "," 0.06","G","999.9","000000"
"03609099999","2023-12-04","51.5666666","-3.9833333","32.0","MUMBLES HEAD, UK","  44.1","24","  41.2","24"," 997.1","24","991.9","24","999.9"," 0"," 10.3","24"," 22.0","999.9","  47.7"," ","  41.4"," "," 1.02","G","999.9","000000"
"03609099999","2023-12-05","51.5666666","-3.9833333","32.0","MUMBLES HEAD, UK","  43.4","24","  37.7","24","1011.9","24","006.6","24","999.9"," 0","  7.1","24"," 11.1","999.9","  45.3"," ","  41.4"," "," 0.08","G","999.9","000000"
"03609099999","2023-12-06","51.5666666","-3.9833333","32.0","MUMBLES HEAD, UK","  43.5","24","  38.7","24","1014.6","24","009.3","24","999.9"," 0"," 21.3","24"," 28.0","999.9","  46.0","*","  41.9"," "," 0.00","G","999.9","000000"
"03609099999","2023-12-07","51.5666666","-3.9833333","32.0","MUMBLES HEAD, UK","  49.9","24","  47.4","24","1000.8","24","995.7","24","999.9"," 0"," 23.3","24"," 32.1","999.9","  53.2"," ","  43.5"," "," 0.30","G","999.9","000000"
"03609099999","2023-12-08","51.5666666","-3.9833333","32.0","MUMBLES HEAD, UK","  50.5","24","  45.7","24","1002.3","24","997.1","24","999.9"," 0"," 24.4","24"," 31.1","999.9","  52.0"," ","  47.1"," "," 0.61","G","999.9","000000"
"03609099999","2023-12-09","51.5666666","-3.9833333","32.0","MUMBLES HEAD, UK","  51.3","24","  45.3","24"," 996.8","24","991.7","24","999.9"," 0"," 22.6","24"," 31.1","999.9","  53.8"," ","  48.2"," "," 0.81","G","999.9","000000"
"03609099999","2023-12-10","51.5666666","-3.9833333","32.0","MUMBLES HEAD, UK","  51.7","24","  46.8","24","1000.9","23","995.8","23","999.9"," 0"," 25.6","24"," 41.0","999.9","  54.0"," ","  49.3"," "," 0.31","G","999.9","000000"
"03609099999","2023-12-11","51.5666666","-3.9833333","32.0","MUMBLES HEAD, UK","  51.2","24","  46.3","24","1003.9","24","998.7","24","999.9"," 0"," 14.0","24"," 28.9","999.9","  54.1"," ","  48.6"," "," 0.21","G","999.9","000000"
"03609099999","2023-12-12","51.5666666","-3.9833333","32.0","MUMBLES HEAD, UK","  50.0","23","  47.5","23"," 996.1","23","990.9","23","999.9"," 0"," 14.6","23"," 26.0","999.9","  52.2"," ","  47.8","*"," 0.29","G","999.9","000000"
"03609099999","2023-12-13","51.5666666","-3.9833333","32.0","MUMBLES HEAD, UK","  46.2","24","  40.3","24","1008.3","24","003.0","24","999.9"," 0","  6.8","24"," 11.1","999.9","  50.0"," ","  40.1","*"," 0.22","G","999.9","000000"
"03609099999","2023-12-14","51.5666666","-3.9833333","32.0","MUMBLES HEAD, UK","  47.6","24","  42.5","24","1022.9","24","017.5","24","999.9"," 0","  7.3","24"," 18.1","999.9","  53.1"," ","  39.6"," "," 0.05","G","999.9","000000"
"03609099999","2023-12-15","51.5666666","-3.9833333","32.0","MUMBLES HEAD, UK","  50.0","24","  43.2","24","1036.3","24","031.0","24","999.9"," 0"," 10.0","24"," 18.1","999.9","  52.2"," ","  47.3"," "," 0.08","G","999.9","000000"
"03609099999","2023-12-16","51.5666666","-3.9833333","32.0","MUMBLES HEAD, UK","  50.2","23","  49.5","23","1038.9","23","033.5","23","999.9"," 0"," 18.2","23"," 22.9","999.9","  51.1"," ","  49.6"," "," 0.00","G","999.9","000000"
"03609099999","2023-12-17","51.5666666","-3.9833333","32.0","MUMBLES HEAD, UK","  50.7","24","  47.4","24","1033.5","24","028.1","24","999.9"," 0"," 21.5","24"," 27.0","999.9","  51.6"," ","  49.5"," "," 0.10","G","999.9","000000"
"03609099999","2023-12-18","51.5666666","-3.9833333","32.0","MUMBLES HEAD, UK","  51.9","24","  49.9","24","1027.2","24","021.9","24","999.9"," 0"," 25.1","24"," 28.0","999.9","  52.5"," ","  51.1"," "," 0.00","G","999.9","000000"
"03609099999","2023-12-19","51.5666666","-3.9833333","32.0","MUMBLES HEAD, UK","  48.3","21","  45.3","21","1023.1","21","017.8","21","999.9"," 0"," 11.1","21"," 22.9","999.9","  52.5"," ","  45.0"," "," 0.98","G","999.9","000000"
"03609099999","2023-12-20","51.5666666","-3.9833333","32.0","MUMBLES HEAD, UK","  49.7","24","  45.7","24","1021.9","24","016.6","24","999.9"," 0"," 14.7","24"," 21.0","999.9","  52.0"," ","  45.3"," "," 0.26","G","999.9","000000"
"03609099999","2023-12-21","51.5666666","-3.9833333","32.0","MUMBLES HEAD, UK","  53.0","24","  47.5","24","1014.7","23","009.5","23","999.9"," 0"," 16.1","24"," 22.0","999.9","  55.6"," ","  51.3"," "," 0.02","G","999.9","000000"
"03609099999","2023-12-22","51.5666666","-3.9833333","32.0","MUMBLES HEAD, UK","  51.6","24","  44.1","24","1018.2","24","012.9","24","999.9"," 0"," 16.2","24"," 20.0","999.9","  53.1"," ","  49.8"," "," 0.01","G","999.9","000000"
"03609099999","2023-12-23","51.5666666","-3.9833333","32.0","MUMBLES HEAD, UK","  51.0","24","  47.3","24","1016.3","24","011.0","24","999.9"," 0"," 24.4","24"," 35.9","999.9","  52.9"," ","  49.5"," "," 0.00","G","999.9","000000"
"03609099999","2023-12-24","51.5666666","-3.9833333","32.0","MUMBLES HEAD, UK","  52.7","24","  51.8","24","1008.0","24","002.8","24","999.9"," 0"," 30.4","24"," 33.0","999.9","  53.4"," ","  50.5"," "," 0.36","G","999.9","000000"
"03609099999","2023-12-25","51.5666666","-3.9833333","32.0","MUMBLES HEAD, UK","  51.3","24","  49.4","24","1008.3","24","003.1","24","999.9"," 0"," 19.6","24"," 27.0","999.9","  53.1"," ","  48.9"," "," 0.10","G","999.9","000000"
"03609099999","2023-12-26","51.5666666","-3.9833333","32.0","MUMBLES HEAD, UK","  47.3","24","  40.3","24","1015.4","24","010.1","24","999.9"," 0"," 10.4","24"," 26.0","999.9","  51.4"," ","  45.1"," "," 0.28","G","999.9","000000"
"03609099999","2023-12-27","51.5666666","-3.9833333","32.0","MUMBLES HEAD, UK","  51.5","24","  48.2","24","1000.9","24","995.7","24","999.9"," 0"," 31.7","24"," 46.0","999.9","  54.7"," ","  45.9"," "," 0.56","G","999.9","000000"
"03609099999","2023-12-28","51.5666666","-3.9833333","32.0","MUMBLES HEAD, UK","  51.8","24","  46.0","24","1002.5","24","997.3","24","999.9"," 0"," 37.2","24"," 49.0","999.9","  53.4"," ","  48.9"," "," 0.44","G","999.9","000000"
"03609099999","2023-12-29","51.5666666","-3.9833333","32.0","MUMBLES HEAD, UK","  48.9","24","  41.9","24","1007.4","24","002.2","24","999.9"," 0"," 17.8","24"," 34.0","999.9","  52.0"," ","  45.5"," "," 0.06","G","999.9","000000"
"03609099999","2023-12-30","51.5666666","-3.9833333","32.0","MUMBLES HEAD, UK","  49.2","24","  44.5","24"," 999.7","24","994.5","24","999.9"," 0"," 20.1","24"," 33.0","999.9","  53.4"," ","  45.7"," "," 0.17","G","999.9","000000"
"03609099999","2023-12-31","51.5666666","-3.9833333","32.0","MUMBLES HEAD, UK","  48.0","24","  42.6","24"," 987.4","24","982.3","24","999.9"," 0"," 28.7","24"," 39.0","999.9","  50.5"," ","  43.9"," "," 0.32","G","999.9","000000"
