"STATION","DATE","LATITUDE","LONGITUDE","ELEVATION","NAME","TEMP","TEMP_ATTRIBUTES","DEWP","DEWP_ATTRIBUTES","SLP","SLP_ATTRIBUTES","STP","STP_ATTRIBUTES","VISIB","VISIB_ATTRIBUTES","WDSP","WDSP_ATTRIBUTES","MXSPD","GUST","MAX","MAX_ATTRIBUTES","MIN","MIN_ATTRIBUTES","PRCP","PRCP_ATTRIBUTES","SNDP","FRSHTT"
"03809099999","2023-01-01","50.086092","-5.255711","81.38","CULDROSE, UK","  50.3","24","  44.6","24","9999.9"," 0","999.9"," 0","  6.1","24"," 10.0","24"," 17.1"," 27.0","  53.6","*","  44.6","*"," 0.43","G","999.9","010000"
"03809099999","2023-01-02","50.086092","-5.255711","81.38","CULDROSE, UK","  44.7","24","  38.9","24","9999.9"," 0","999.9"," 0","  6.5","24","  3.7","24"," 12.0","999.9","  51.4"," ","  37.0"," "," 0.02","G","999.9","000000"
"03809099999","2023-01-03","50.086092","-5.255711","81.38","CULDROSE, UK","  52.6","24","  50.5","24","9999.9"," 0","999.9"," 0","  4.2","24"," 17.5","24"," 27.0"," 40.0","  53.8"," ","  40.8"," "," 0.08","G","999.9","010000"
"03809099999","2023-01-04","50.086092","-5.255711","81.38","CULDROSE, UK","  53.1","24","  52.1","24","9999.9"," 0","999.9"," 0","  3.6","24"," 16.3","24"," 20.0"," 28.9","  54.1"," ","  51.8","*"," 0.61","G","999.9","110000"
"03809099999","2023-01-05","50.086092","-5.255711","81.38","CULDROSE, UK","  52.5","24","  51.0","24","9999.9"," 0","999.9"," 0","  3.9","24"," 13.2","24"," 21.0"," 34.0","  54.3"," ","  46.4","*"," 0.02","G","999.9","110000"
"03809099999","2023-01-06","50.086092","-5.255711","81.38","CULDROSE, UK","  51.1","24","  48.7","24","9999.9"," 0","999.9"," 0","  5.1","24"," 13.2","24"," 27.0"," 39.0","  54.1"," ","  46.4"," "," 0.12","G","999.9","010000"
"03809099999","2023-01-07","50.086092","-5.255711","81.38","CULDROSE, UK","  50.5","24","  46.4","24","9999.9"," 0","999.9"," 0","  5.4","24"," 16.2","24"," 22.9"," 36.9","  54.1"," ","  45.5"," "," 0.48","G","999.9","010000"
"03809099999","2023-01-08","50.086092","-5.255711","81.38","CULDROSE, UK","  46.8","24","  41.5","24","9999.9"," 0","999.9"," 0","  5.5","24"," 16.0","24"," 24.1"," 36.9","  50.5"," ","  42.8"," "," 0.09","G","999.9","010000"
"03809099999","2023-01-09","50.086092","-5.255711","81.38","CULDROSE, UK","  45.9","24","  38.6","24","9999.9"," 0","999.9"," 0","  6.1","24"," 13.8","24"," 26.0"," 39.0","  50.0","*","  41.5"," "," 0.42","G","999.9","010000"
"03809099999","2023-01-10","50.086092","-5.255711","81.38","CULDROSE, UK","  51.8","24","  49.7","24","9999.9"," 0","999.9"," 0","  3.4","24"," 15.6","24"," 24.1"," 38.1","  54.5"," ","  43.7"," "," 0.34","G","999.9","110000"
"03809099999","2023-01-11","50.086092","-5.255711","81.38","CULDROSE, UK","  50.8","24","  45.2","24","9999.9"," 0","999.9"," 0","  5.3","24"," 21.1","24"," 31.1"," 45.1","  53.6","*","  47.3"," "," 0.06","G","999.9","010000"
"03809099999","2023-01-12","50.086092","-5.255711","81.38","CULDROSE, UK","  51.0","24","  47.5","24","9999.9"," 0","999.9"," 0","  3.3","24"," 21.9","24"," 28.9"," 45.1","  52.7"," ","  46.0"," "," 0.02","G","999.9","010000"
"03809099999","2023-01-13","50.086092","-5.255711","81.38","CULDROSE, UK","  49.0","24","  42.2","24","9999.9"," 0","999.9"," 0","  6.0","24"," 15.3","24"," 22.9"," 38.1","  51.8","*","  44.6"," "," 0.59","G","999.9","010000"
"03809099999","2023-01-14","50.086092","-5.255711","81.38","CULDROSE, UK","  48.2","24","  44.1","24","9999.9"," 0","999.9"," 0","  4.4","24"," 15.3","24"," 22.9"," 36.9","  53.6","*","  39.2","*"," 0.72","G","999.9","010000"
"03809099999","2023-01-15","50.086092","-5.255711","81.38","CULDROSE, UK","  43.8","24","  38.6","24","9999.9"," 0","999.9"," 0","  6.2","24"," 14.6","24"," 22.0"," 34.0","  46.6"," ","  38.8"," "," 0.24","G","999.9","010000"
"03809099999","2023-01-16","50.086092","-5.255711","81.38","CULDROSE, UK","  40.8","24","  35.9","24","9999.9"," 0","999.9"," 0","  6.8","24","  9.2","24"," 17.1"," 27.0","  44.6"," ","  36.1"," "," 0.69","G","999.9","010000"
"03809099999","2023-01-17","50.086092","-5.255711","81.38","CULDROSE, UK","  36.3","24","  30.7","24","9999.9"," 0","999.9"," 0","  4.7","24","  9.5","24"," 15.0","999.9","  41.0","*","  32.0","*"," 0.55","G","999.9","011000"
"03809099999","2023-01-18","50.086092","-5.255711","81.38","CULDROSE, UK","  40.9","24","  32.1","24","9999.9"," 0","999.9"," 0","  7.4","24"," 13.3","24"," 24.1"," 36.9","  45.0"," ","  34.7"," "," 0.13","G","999.9","011100"
"03809099999","2023-01-19","50.086092","-5.255711","81.38","CULDROSE, UK","  39.4","24","  31.8","24","9999.9"," 0","999.9"," 0","  6.9","24","  4.6","24"," 12.0","999.9","  46.4","*","  32.9"," "," 0.13","G","999.9","010000"
"03809099999","2023-01-20","50.086092","-5.255711","81.38","CULDROSE, UK","  42.2","24","  36.5","24","9999.9"," 0","999.9"," 0","  8.3","24","  3.9","24","  8.0","999.9","  50.4"," ","  32.5"," "," 0.00","G","999.9","010000"
"03809099999","2023-01-21","50.086092","-5.255711","81.38","CULDROSE, UK","  44.0","24","  36.5","24","9999.9"," 0","999.9"," 0","  7.2","24","  5.8","24","  8.9","999.9","  48.2","*","  37.6"," "," 0.01","G","999.9","000000"
"03809099999","2023-01-22","50.086092","-5.255711","81.38","CULDROSE, UK","  45.0","24","  39.1","24","9999.9"," 0","999.9"," 0","  7.1","24","  6.0","24","  8.9","999.9","  48.4"," ","  40.8"," "," 0.00","G","999.9","010000"
"03809099999","2023-01-23","50.086092","-5.255711","81.38","CULDROSE, UK","  42.9","24","  37.0","24","9999.9"," 0","999.9"," 0","  6.4","24","  4.7","24","  8.0","999.9","  49.6"," ","  35.4","*"," 0.00","G","999.9","010000"
"03809099999","2023-01-24","50.086092","-5.255711","81.38","CULDROSE, UK","  36.0","24","  33.3","24","9999.9"," 0","999.9"," 0","  5.1","24","  4.5","24","  7.0","999.9","  44.8"," ","  28.4","*"," 0.00","F","999.9","100000"
"03809099999","2023-01-25","50.086092","-5.255711","81.38","CULDROSE, UK","  41.2","24","  39.9","24","9999.9"," 0","999.9"," 0","  3.8","24","  6.4","24"," 14.0","999.9","  49.1"," ","  28.0"," "," 0.00","G","999.9","111000"
"03809099999","2023-01-26","50.086092","-5.255711","81.38","CULDROSE, UK","  42.8","24","  37.0","24","9999.9"," 0","999.9"," 0","  6.5","24","  9.3","24"," 15.0","999.9","  49.1"," ","  37.8"," "," 0.04","G","999.9","000000"
"03809099999","2023-01-27","50.086092","-5.255711","81.38","CULDROSE, UK","  39.1","24","  32.5","24","9999.9"," 0","999.9"," 0","  6.7","24","  5.2","24","  9.9","999.9","  44.8"," ","  31.5"," "," 0.00","G","999.9","000000"
"03809099999","2023-01-28","50.086092","-5.255711","81.38","CULDROSE, UK","  39.9","24","  33.3","24","9999.9"," 0","999.9"," 0","  6.7","24","  2.2","24","  4.1","999.9","  44.6","*","  34.5"," "," 0.00","G","999.9","000000"
"03809099999","2023-01-29","50.086092","-5.255711","81.38","CULDROSE, UK","  45.4","24","  42.5","24","9999.9"," 0","999.9"," 0","  6.2","24","  6.7","24"," 11.1","999.9","  48.2","*","  41.9"," "," 0.00","G","999.9","010000"
"03809099999","2023-01-30","50.086092","-5.255711","81.38","CULDROSE, UK","  46.8","24","  40.7","24","9999.9"," 0","999.9"," 0","  6.3","24","  6.2","24"," 11.1","999.9","  50.0","*","  42.8","*"," 0.04","G","999.9","010000"
"03809099999","2023-01-31","50.086092","-5.255711","81.38","CULDROSE, UK","  47.6","24","  42.2","24","9999.9"," 0","999.9"," 0","  6.4","24","  9.5","24"," 17.1"," 22.9","  52.2"," ","  40.5"," "," 0.01","G","999.9","010000"
"03809099999","2023-02-01","50.086092","-5.255711","81.38","CULDROSE, UK","  47.8","24","  38.8","24","9999.9"," 0","999.9"," 0","  6.4","24"," 10.6","24"," 15.9"," 26.0","  50.0"," ","  44.6","*"," 0.00","G","999.9","000000"
"03809099999","2023-02-02","50.086092","-5.255711","81.38","CULDROSE, UK","  48.7","24","  45.3","24","9999.9"," 0","999.9"," 0","  5.9","24"," 11.4","24"," 17.1"," 26.0","  50.9"," ","  46.4","*"," 0.00","G","999.9","010000"
"03809099999","2023-02-03","50.086092","-5.255711","81.38","CULDROSE, UK","  48.7","24","  44.5","24","9999.9"," 0","999.9"," 0","  6.2","24","  9.1","24"," 15.0","999.9","  51.8"," ","  47.5"," "," 0.04","G","999.9","010000"
"03809099999","2023-02-04","50.086092","-5.255711","81.38","CULDROSE, UK","  48.3","24","  42.3","24","9999.9"," 0","999.9"," 0","  7.8","24","  4.5","24","  8.9","999.9","  50.0"," ","  42.8","*"," 0.00","G","999.9","000000"
"03809099999","2023-02-05","50.086092","-5.255711","81.38","CULDROSE, UK","  44.0","24","  39.9","24","9999.9"," 0","999.9"," 0","  6.2","24","  6.3","24"," 13.0","999.9","  48.7"," ","  35.6","*"," 0.00","G","999.9","000000"
"03809099999","2023-02-06","50.086092","-5.255711","81.38","CULDROSE, UK","  43.1","24","  38.4","24","9999.9"," 0","999.9"," 0","  6.6","24","  6.4","24"," 12.0"," 20.0","  50.0","*","  34.0"," "," 0.00","G","999.9","000000"
"03809099999","2023-02-07","50.086092","-5.255711","81.38","CULDROSE, UK","  40.7","24","  37.4","24","9999.9"," 0","999.9"," 0","  5.6","24","  7.2","24"," 13.0","999.9","  49.6"," ","  34.9"," "," 0.00","G","999.9","000000"
"03809099999","2023-02-08","50.086092","-5.255711","81.38","CULDROSE, UK","  41.7","24","  36.2","24","9999.9"," 0","999.9"," 0","  6.3","24","  4.8","24","  9.9","999.9","  48.4"," ","  31.8"," "," 0.01","G","999.9","000000"
"03809099999","2023-02-09","50.086092","-5.255711","81.38","CULDROSE, UK","  46.3","24","  40.9","24","9999.9"," 0","999.9"," 0","  5.9","24","  4.8","24","  8.9","999.9","  50.4"," ","  35.6","*"," 0.01","G","999.9","010000"
"03809099999","2023-02-10","50.086092","-5.255711","81.38","CULDROSE, UK","  44.0","24","  41.9","24","9999.9"," 0","999.9"," 0","  4.9","24","  3.7","24","  8.9","999.9","  50.5"," ","  34.7"," "," 0.02","G","999.9","110000"
"03809099999","2023-02-11","50.086092","-5.255711","81.38","CULDROSE, UK","  46.5","24","  44.6","24","9999.9"," 0","999.9"," 0","  5.2","24","  4.3","24","  8.9","999.9","  51.4"," ","  41.4"," "," 0.01","G","999.9","110000"
"03809099999","2023-02-12","50.086092","-5.255711","81.38","CULDROSE, UK","  47.2","24","  41.8","24","9999.9"," 0","999.9"," 0","  7.6","24"," 11.6","24"," 18.1","999.9","  49.8"," ","  41.2"," "," 0.00","G","999.9","000000"
"03809099999","2023-02-13","50.086092","-5.255711","81.38","CULDROSE, UK","  46.4","24","  42.1","24","9999.9"," 0","999.9"," 0","  5.0","24","  5.3","24","  8.9","999.9","  51.1"," ","  41.0","*"," 0.00","G","999.9","000000"
"03809099999","2023-02-14","50.086092","-5.255711","81.38","CULDROSE, UK","  49.6","24","  44.6","24","9999.9"," 0","999.9"," 0","  5.7","24","  7.1","24"," 11.1","999.9","  55.6"," ","  40.5"," "," 0.00","G","999.9","010000"
"03809099999","2023-02-15","50.086092","-5.255711","81.38","CULDROSE, UK","  49.6","24","  47.4","24","9999.9"," 0","999.9"," 0","  5.4","24","  9.1","24"," 14.0"," 24.1","  52.0"," ","  41.9"," "," 0.00","G","999.9","010000"
"03809099999","2023-02-16","50.086092","-5.255711","81.38","CULDROSE, UK","  50.9","24","  50.0","24","9999.9"," 0","999.9"," 0","  1.0","24"," 12.1","24"," 17.1"," 27.0","  52.5"," ","  48.2"," "," 0.17","G","999.9","110000"
"03809099999","2023-02-17","50.086092","-5.255711","81.38","CULDROSE, UK","  50.6","24","  49.9","24","9999.9"," 0","999.9"," 0","  1.9","24"," 12.1","24"," 15.0","999.9","  51.8","*","  49.1"," "," 0.02","G","999.9","110000"
"03809099999","2023-02-18","50.086092","-5.255711","81.38","CULDROSE, UK","  50.4","24","  48.7","24","9999.9"," 0","999.9"," 0","  5.0","24"," 12.1","24"," 17.1"," 26.0","  51.8","*","  48.2","*"," 0.04","G","999.9","110000"
"03809099999","2023-02-19","50.086092","-5.255711","81.38","CULDROSE, UK","  47.6","24","  45.0","24","9999.9"," 0","999.9"," 0","  6.0","24","  6.4","24"," 13.0","999.9","  51.3"," ","  45.3"," "," 0.00","G","999.9","010000"
"03809099999","2023-02-20","50.086092","-5.255711","81.38","CULDROSE, UK","  46.8","24","  45.2","24","9999.9"," 0","999.9"," 0","  4.6","24","  7.4","24"," 11.1","999.9","  48.2","*","  44.6","*"," 0.01","G","999.9","010000"
"03809099999","2023-02-21","50.086092","-5.255711","81.38","CULDROSE, UK","  45.6","24","  41.4","24","9999.9"," 0","999.9"," 0","  6.7","24","  2.3","24","  5.1","999.9","  47.3"," ","  43.7"," "," 0.00","G","999.9","010000"
"03809099999","2023-02-22","50.086092","-5.255711","81.38","CULDROSE, UK","  44.6","24","  37.5","24","9999.9"," 0","999.9"," 0","  5.4","24"," 11.9","24"," 21.0"," 28.0","  48.2"," ","  36.9","*"," 0.04","G","999.9","011000"
"03809099999","2023-02-23","50.086092","-5.255711","81.38","CULDROSE, UK","  41.5","24","  36.7","24","9999.9"," 0","999.9"," 0","  6.1","24"," 12.1","24"," 20.0"," 32.1","  48.4"," ","  35.6","*"," 0.39","G","999.9","010000"
"03809099999","2023-02-24","50.086092","-5.255711","81.38","CULDROSE, UK","  42.1","24","  38.1","24","9999.9"," 0","999.9"," 0","  6.9","24","  8.1","24"," 17.1","999.9","  49.6"," ","  29.5"," "," 0.01","G","999.9","010000"
"03809099999","2023-02-25","50.086092","-5.255711","81.38","CULDROSE, UK","  42.0","24","  33.1","24","9999.9"," 0","999.9"," 0","  6.2","24"," 10.8","24"," 15.9","999.9","  46.9"," ","  35.6"," "," 0.02","G","999.9","010000"
"03809099999","2023-02-26","50.086092","-5.255711","81.38","CULDROSE, UK","  38.8","24","  30.3","24","9999.9"," 0","999.9"," 0","  6.9","24","  9.8","24"," 17.1","999.9","  46.6"," ","  32.0","*"," 0.00","G","999.9","000000"
"03809099999","2023-02-27","50.086092","-5.255711","81.38","CULDROSE, UK","  39.4","24","  30.3","24","9999.9"," 0","999.9"," 0","  7.1","24","  9.1","24"," 20.0"," 32.1","  46.4","*","  30.2","*"," 0.00","G","999.9","000000"
"03809099999","2023-02-28","50.086092","-5.255711","81.38","CULDROSE, UK","  40.7","24","  33.7","24","9999.9"," 0","999.9"," 0","  7.0","24","  9.9","24"," 15.9","999.9","  49.1"," ","  32.0"," "," 0.00","G","999.9","000000"
"03809099999","2023-03-01","50.086092","-5.255711","81.38","CULDROSE, UK","  41.8","24","  35.0","24","9999.9"," 0","999.9"," 0","  6.7","24","  8.9","24"," 13.0","999.9","  44.8"," ","  38.1"," "," 0.00","G","999.9","000000"
"03809099999","2023-03-02","50.086092","-5.255711","81.38","CULDROSE, UK","  41.6","22","  34.3","22","9999.9"," 0","999.9"," 0","  6.8","22","  6.2","22"," 11.1","999.9","  47.3"," ","  34.7"," "," 0.00","G","999.9","010000"
"03809099999","2023-03-03","50.086092","-5.255711","81.38","CULDROSE, UK","  39.6","18","  33.1","18","9999.9"," 0","999.9"," 0","  6.0","18","  5.5","18"," 11.1","999.9","  42.8"," ","  30.2"," "," 0.00","F","999.9","000000"
"03809099999","2023-03-04","50.086092","-5.255711","81.38","CULDROSE, UK","  40.3","24","  31.2","24","9999.9"," 0","999.9"," 0","  6.7","24","  6.0","24","  8.9","999.9","  43.7"," ","  37.4","*"," 0.00","G","999.9","000000"
"03809099999","2023-03-05","50.086092","-5.255711","81.38","CULDROSE, UK","  39.6","24","  32.2","24","9999.9"," 0","999.9"," 0","  6.4","24","  2.6","24","  5.1","999.9","  42.8"," ","  36.9"," "," 0.00","G","999.9","010000"
"03809099999","2023-03-06","50.086092","-5.255711","81.38","CULDROSE, UK","  42.2","24","  33.6","24","9999.9"," 0","999.9"," 0","  6.7","24","  7.1","24"," 15.0","999.9","  46.4","*","  35.6"," "," 0.00","G","999.9","010000"
"03809099999","2023-03-07","50.086092","-5.255711","81.38","CULDROSE, UK","  44.5","24","  38.7","24","9999.9"," 0","999.9"," 0","  7.0","24","  8.0","24"," 21.0"," 32.1","  49.5"," ","  40.1"," "," 0.02","G","999.9","010000"
"03809099999","2023-03-08","50.086092","-5.255711","81.38","CULDROSE, UK","  49.6","24","  47.8","24","9999.9"," 0","999.9"," 0","  2.8","24"," 14.9","24"," 22.0"," 38.1","  51.8"," ","  43.2"," "," 0.54","G","999.9","010000"
"03809099999","2023-03-09","50.086092","-5.255711","81.38","CULDROSE, UK","  51.2","24","  49.6","24","9999.9"," 0","999.9"," 0","  2.0","24"," 16.1","24"," 21.0"," 32.1","  53.6","*","  49.5","*"," 0.17","G","999.9","010000"
"03809099999","2023-03-10","50.086092","-5.255711","81.38","CULDROSE, UK","  41.8","24","  36.5","24","9999.9"," 0","999.9"," 0","  5.6","24"," 14.4","24"," 28.0"," 44.1","  50.5"," ","  38.5"," "," 0.24","G","999.9","010000"
"03809099999","2023-03-11","50.086092","-5.255711","81.38","CULDROSE, UK","  46.7","24","  45.3","24","9999.9"," 0","999.9"," 0","  3.1","24"," 10.2","24"," 15.0","999.9","  52.3"," ","  38.5"," "," 0.35","G","999.9","010000"
"03809099999","2023-03-12","50.086092","-5.255711","81.38","CULDROSE, UK","  50.9","24","  49.7","24","9999.9"," 0","999.9"," 0","  2.4","24"," 12.5","24"," 21.0"," 31.1","  53.6","*","  49.1"," "," 0.06","G","999.9","110000"
"03809099999","2023-03-13","50.086092","-5.255711","81.38","CULDROSE, UK","  51.7","24","  48.3","24","9999.9"," 0","999.9"," 0","  2.8","24"," 18.0","24"," 31.1"," 42.9","  55.4","*","  44.6","*"," 0.35","G","999.9","010000"
"03809099999","2023-03-14","50.086092","-5.255711","81.38","CULDROSE, UK","  45.7","24","  35.8","24","9999.9"," 0","999.9"," 0","  6.5","24"," 13.8","24"," 22.9"," 35.9","  50.2"," ","  41.9"," "," 0.11","G","999.9","010000"
"03809099999","2023-03-15","50.086092","-5.255711","81.38","CULDROSE, UK","  47.2","24","  44.5","24","9999.9"," 0","999.9"," 0","  4.6","24"," 10.1","24"," 21.0"," 31.1","  51.8","*","  39.9"," "," 0.00","G","999.9","010000"
"03809099999","2023-03-16","50.086092","-5.255711","81.38","CULDROSE, UK","  51.2","24","  49.8","24","9999.9"," 0","999.9"," 0","  2.9","24"," 14.5","24"," 20.0"," 32.1","  51.8"," ","  50.0"," "," 0.13","G","999.9","110000"
"03809099999","2023-03-17","50.086092","-5.255711","81.38","CULDROSE, UK","  51.8","24","  50.2","24","9999.9"," 0","999.9"," 0","  3.3","24"," 11.9","24"," 20.0"," 31.1","  54.3"," ","  50.0","*"," 0.26","G","999.9","010000"
"03809099999","2023-03-18","50.086092","-5.255711","81.38","CULDROSE, UK","  49.8","24","  47.3","24","9999.9"," 0","999.9"," 0","  3.6","24","  5.8","24"," 11.1","999.9","  55.4"," ","  43.3"," "," 0.06","G","999.9","110000"
"03809099999","2023-03-19","50.086092","-5.255711","81.38","CULDROSE, UK","  46.5","24","  40.7","24","9999.9"," 0","999.9"," 0","  6.6","24","  6.0","24"," 12.0","999.9","  50.9"," ","  36.1"," "," 0.02","G","999.9","010000"
"03809099999","2023-03-20","50.086092","-5.255711","81.38","CULDROSE, UK","  50.4","24","  49.7","24","9999.9"," 0","999.9"," 0","  2.5","24"," 11.8","24"," 15.9"," 21.0","  51.8","*","  48.2","*"," 0.16","G","999.9","010000"
"03809099999","2023-03-21","50.086092","-5.255711","81.38","CULDROSE, UK","  51.5","24","  49.2","24","9999.9"," 0","999.9"," 0","  4.5","24"," 15.6","24"," 22.0"," 33.0","  54.1"," ","  49.5"," "," 0.39","G","999.9","010000"
"03809099999","2023-03-22","50.086092","-5.255711","81.38","CULDROSE, UK","  51.3","24","  49.1","24","9999.9"," 0","999.9"," 0","  3.0","24"," 16.1","24"," 22.0"," 35.9","  53.6","*","  48.2","*"," 0.43","G","999.9","010000"
"03809099999","2023-03-23","50.086092","-5.255711","81.38","CULDROSE, UK","  50.3","24","  46.7","24","9999.9"," 0","999.9"," 0","  4.7","24"," 13.5","24"," 20.0"," 33.0","  53.6","*","  48.2"," "," 0.02","G","999.9","010000"
"03809099999","2023-03-24","50.086092","-5.255711","81.38","CULDROSE, UK","  50.2","24","  45.3","24","9999.9"," 0","999.9"," 0","  5.8","24"," 15.5","24"," 22.9"," 35.9","  53.6"," ","  46.4","*"," 0.19","G","999.9","010000"
"03809099999","2023-03-25","50.086092","-5.255711","81.38","CULDROSE, UK","  50.3","24","  45.8","24","9999.9"," 0","999.9"," 0","  5.8","24"," 13.4","24"," 19.0"," 28.9","  54.0"," ","  45.9"," "," 0.06","G","999.9","010000"
"03809099999","2023-03-26","50.086092","-5.255711","81.38","CULDROSE, UK","  48.8","24","  43.6","24","9999.9"," 0","999.9"," 0","  6.5","24","  8.5","24"," 15.9"," 31.1","  53.6"," ","  42.8","*"," 0.46","G","999.9","010000"
"03809099999","2023-03-27","50.086092","-5.255711","81.38","CULDROSE, UK","  46.6","24","  40.3","24","9999.9"," 0","999.9"," 0","  6.2","24","  5.5","24","  9.9","999.9","  54.5"," ","  34.5"," "," 0.00","G","999.9","110000"
"03809099999","2023-03-28","50.086092","-5.255711","81.38","CULDROSE, UK","  50.8","24","  48.9","24","9999.9"," 0","999.9"," 0","  3.5","24"," 11.3","24"," 21.0"," 31.1","  53.6","*","  47.7"," "," 0.02","G","999.9","110000"
"03809099999","2023-03-29","50.086092","-5.255711","81.38","CULDROSE, UK","  52.4","24","  51.7","24","9999.9"," 0","999.9"," 0","  1.4","24"," 13.8","24"," 21.0"," 35.9","  53.6","*","  49.8"," "," 0.45","G","999.9","110000"
"03809099999","2023-03-30","50.086092","-5.255711","81.38","CULDROSE, UK","  52.5","24","  50.1","24","9999.9"," 0","999.9"," 0","  2.8","24"," 14.5","24"," 21.0"," 32.1","  55.4"," ","  50.0","*"," 0.29","G","999.9","010000"
"03809099999","2023-03-31","50.086092","-5.255711","81.38","CULDROSE, UK","  50.9","24","  47.7","24","9999.9"," 0","999.9"," 0","  4.4","24"," 22.8","24"," 34.0"," 49.9","  53.6","*","  48.2","*"," 0.57","G","999.9","010000"
"03809099999","2023-04-01","50.086092","-5.255711","81.38","CULDROSE, UK","  50.0","24","  46.2","24","9999.9"," 0","999.9"," 0","  6.4","24"," 13.2","24"," 17.1"," 26.0","  53.6","*","  47.3"," "," 0.14","G","999.9","010000"
"03809099999","2023-04-02","50.086092","-5.255711","81.38","CULDROSE, UK","  48.6","24","  43.4","24","9999.9"," 0","999.9"," 0","  6.1","24","  6.3","24"," 11.1","999.9","  53.4"," ","  42.8","*"," 0.06","G","999.9","010000"
"03809099999","2023-04-03","50.086092","-5.255711","81.38","CULDROSE, UK","  47.2","24","  39.8","24","9999.9"," 0","999.9"," 0","  6.9","24"," 10.6","24"," 18.1"," 28.0","  51.1"," ","  41.7"," "," 0.00","G","999.9","000000"
"03809099999","2023-04-04","50.086092","-5.255711","81.38","CULDROSE, UK","  48.3","24","  41.3","24","9999.9"," 0","999.9"," 0","  6.6","24","  6.6","24","  9.9"," 17.1","  54.5"," ","  42.8"," "," 0.00","G","999.9","000000"
"03809099999","2023-04-05","50.086092","-5.255711","81.38","CULDROSE, UK","  49.4","24","  47.2","24","9999.9"," 0","999.9"," 0","  4.6","24","  7.7","24"," 13.0","999.9","  51.8","*","  46.6"," "," 0.04","G","999.9","110000"
"03809099999","2023-04-06","50.086092","-5.255711","81.38","CULDROSE, UK","  50.7","17","  45.8","17","9999.9"," 0","999.9"," 0","  6.0","16"," 10.1","16"," 17.1"," 21.0","  55.4","*","  46.4","*"," 0.18","G","999.9","000000"
"03809099999","2023-04-11","50.086092","-5.255711","81.38","CULDROSE, UK","  50.7","11","  46.4","11","9999.9"," 0","999.9"," 0","  4.2","11"," 17.2","11"," 27.0"," 39.0","  55.4","*","  48.2","*","99.99"," ","999.9","010000"
"03809099999","2023-04-12","50.086092","-5.255711","81.38","CULDROSE, UK","  46.7"," 6","  36.2"," 6","9999.9"," 0","999.9"," 0","  4.8"," 6"," 25.5"," 6"," 36.9"," 54.0","  50.0","*","  42.8","*","99.99"," ","999.9","010000"
"03809099999","2023-04-13","50.086092","-5.255711","81.38","CULDROSE, UK","  47.7","24","  40.8","24","1008.9"," 5","999.6"," 5","  6.1","19"," 10.5","24"," 18.1","999.9","  52.3"," ","  40.5"," "," 0.28","G","999.9","010000"
"03809099999","2023-04-14","50.086092","-5.255711","81.38","CULDROSE, UK","  49.2","24","  45.1","24","9999.9"," 0","999.9"," 0","  5.1","24","  9.7","24"," 18.1","999.9","  55.8"," ","  44.6","*"," 0.29","G","999.9","010000"
"03809099999","2023-04-15","50.086092","-5.255711","81.38","CULDROSE, UK","  49.8","24","  42.9","24","9999.9"," 0","999.9"," 0","  6.7","24","  5.0","24","  8.9","999.9","  55.9"," ","  42.8"," "," 0.03","G","999.9","000000"
"03809099999","2023-04-16","50.086092","-5.255711","81.38","CULDROSE, UK","  51.6","24","  49.6","24","9999.9"," 0","999.9"," 0","  4.7","24","  6.0","24","  9.9","999.9","  55.9"," ","  49.8"," "," 0.00","G","999.9","110000"
"03809099999","2023-04-17","50.086092","-5.255711","81.38","CULDROSE, UK","  52.3","24","  47.4","24","9999.9"," 0","999.9"," 0","  5.4","24","  7.1","24"," 13.0","999.9","  60.3"," ","  44.2"," "," 0.01","G","999.9","100000"
"03809099999","2023-04-18","50.086092","-5.255711","81.38","CULDROSE, UK","  49.7","24","  44.2","24","9999.9"," 0","999.9"," 0","  5.7","24"," 10.4","24"," 18.1"," 28.0","  55.6"," ","  44.4"," "," 0.00","G","999.9","010000"
"03809099999","2023-04-19","50.086092","-5.255711","81.38","CULDROSE, UK","  50.6","24","  44.5","24","9999.9"," 0","999.9"," 0","  5.5","24"," 15.0","24"," 24.1"," 32.1","  55.9"," ","  42.4"," "," 0.00","G","999.9","010000"
"03809099999","2023-04-20","50.086092","-5.255711","81.38","CULDROSE, UK","  49.7","24","  38.9","24","9999.9"," 0","999.9"," 0","  6.6","24"," 17.8","24"," 28.0"," 36.9","  55.4","*","  42.8","*"," 0.00","G","999.9","000000"
"03809099999","2023-04-21","50.086092","-5.255711","81.38","CULDROSE, UK","  47.6","24","  40.1","24","9999.9"," 0","999.9"," 0","  6.9","24","  9.6","24"," 15.9","999.9","  53.6"," ","  41.4"," "," 0.00","G","999.9","010000"
"03809099999","2023-04-22","50.086092","-5.255711","81.38","CULDROSE, UK","  47.5","24","  44.8","24","9999.9"," 0","999.9"," 0","  5.0","24","  5.9","24"," 11.1","999.9","  51.8"," ","  44.1","*"," 0.13","G","999.9","010000"
"03809099999","2023-04-23","50.086092","-5.255711","81.38","CULDROSE, UK","  45.9","24","  41.7","24","9999.9"," 0","999.9"," 0","  5.7","24","  7.2","24"," 19.0","999.9","  52.3"," ","  36.7"," "," 0.81","G","999.9","110000"
"03809099999","2023-04-24","50.086092","-5.255711","81.38","CULDROSE, UK","  48.9","24","  43.3","24","9999.9"," 0","999.9"," 0","  6.5","24"," 10.6","24"," 18.1","999.9","  54.7"," ","  41.0","*"," 0.01","G","999.9","010000"
"03809099999","2023-04-25","50.086092","-5.255711","81.38","CULDROSE, UK","  46.0","24","  39.3","24","9999.9"," 0","999.9"," 0","  6.8","24"," 13.1","24"," 21.0"," 31.1","  51.8"," ","  37.4"," "," 0.02","G","999.9","010000"
"03809099999","2023-04-26","50.086092","-5.255711","81.38","CULDROSE, UK","  49.8","24","  46.4","24","9999.9"," 0","999.9"," 0","  3.7","24"," 11.7","24"," 15.9","999.9","  54.0"," ","  46.4","*"," 0.00","G","999.9","110000"
"03809099999","2023-04-27","50.086092","-5.255711","81.38","CULDROSE, UK","  52.0","24","  51.1","24","9999.9"," 0","999.9"," 0","  2.4","24","  8.6","24"," 15.9","999.9","  55.8"," ","  49.6"," "," 0.02","G","999.9","110000"
"03809099999","2023-04-28","50.086092","-5.255711","81.38","CULDROSE, UK","  52.7","24","  51.1","24","9999.9"," 0","999.9"," 0","  3.5","24","  7.5","24"," 13.0","999.9","  57.2"," ","  50.0","*"," 0.94","G","999.9","110000"
"03809099999","2023-04-29","50.086092","-5.255711","81.38","CULDROSE, UK","  52.8","24","  51.0","24","9999.9"," 0","999.9"," 0","  3.9","24","  3.8","24","  8.0","999.9","  59.2"," ","  49.1"," "," 0.01","G","999.9","110000"
"03809099999","2023-04-30","50.086092","-5.255711","81.38","CULDROSE, UK","  53.1","24","  52.0","24","9999.9"," 0","999.9"," 0","  3.1","24","  5.5","24","  8.9","999.9","  58.3"," ","  49.1","*"," 0.03","G","999.9","110000"
"03809099999","2023-05-01","50.086092","-5.255711","81.38","CULDROSE, UK","  53.5","24","  47.2","24","9999.9"," 0","999.9"," 0","  6.0","24","  6.5","24","  9.9","999.9","  59.9"," ","  46.4","*"," 0.00","G","999.9","110000"
"03809099999","2023-05-02","50.086092","-5.255711","81.38","CULDROSE, UK","  52.9","24","  48.7","24","9999.9"," 0","999.9"," 0","  5.2","24","  8.6","24"," 15.0"," 21.0","  61.0"," ","  42.8","*"," 0.01","G","999.9","100000"
"03809099999","2023-05-03","50.086092","-5.255711","81.38","CULDROSE, UK","  53.6","24","  48.4","24","9999.9"," 0","999.9"," 0","  4.8","24"," 19.7","24"," 28.9"," 42.9","  58.5"," ","  51.1"," "," 0.00","G","999.9","000000"
"03809099999","2023-05-04","50.086092","-5.255711","81.38","CULDROSE, UK","  53.2","24","  51.5","24","9999.9"," 0","999.9"," 0","  3.5","24"," 13.4","24"," 22.0"," 28.0","  55.4"," ","  51.1"," "," 0.00","G","999.9","010000"
"03809099999","2023-05-05","50.086092","-5.255711","81.38","CULDROSE, UK","  55.0","24","  53.1","24","9999.9"," 0","999.9"," 0","  4.1","24","  9.9","24"," 17.1","999.9","  58.5"," ","  53.1"," "," 0.18","G","999.9","110000"
"03809099999","2023-05-06","50.086092","-5.255711","81.38","CULDROSE, UK","  55.4","24","  52.8","24","9999.9"," 0","999.9"," 0","  4.6","24","  5.7","24","  9.9","999.9","  61.5"," ","  50.0","*"," 0.25","G","999.9","110000"
"03809099999","2023-05-07","50.086092","-5.255711","81.38","CULDROSE, UK","  54.4","24","  52.7","24","9999.9"," 0","999.9"," 0","  4.2","24","  5.7","24","  9.9","999.9","  58.8"," ","  47.8"," "," 0.00","G","999.9","110000"
"03809099999","2023-05-08","50.086092","-5.255711","81.38","CULDROSE, UK","  55.0","24","  54.6","24","9999.9"," 0","999.9"," 0","  0.8","24","  8.8","24"," 12.0","999.9","  57.2","*","  52.9","*"," 0.46","G","999.9","110000"
"03809099999","2023-05-09","50.086092","-5.255711","81.38","CULDROSE, UK","  52.9","24","  51.6","24","9999.9"," 0","999.9"," 0","  2.6","24","  9.7","24"," 22.9"," 35.9","  57.2"," ","  47.5"," "," 1.04","G","999.9","110010"
"03809099999","2023-05-10","50.086092","-5.255711","81.38","CULDROSE, UK","  53.9","24","  48.5","24","9999.9"," 0","999.9"," 0","  5.8","24"," 11.6","24"," 18.1"," 26.0","  58.8"," ","  51.1"," "," 0.98","G","999.9","010000"
"03809099999","2023-05-11","50.086092","-5.255711","81.38","CULDROSE, UK","  53.6","24","  47.9","24","9999.9"," 0","999.9"," 0","  6.5","24","  8.5","24"," 15.0","999.9","  59.0"," ","  46.4","*"," 0.02","G","999.9","010000"
"03809099999","2023-05-12","50.086092","-5.255711","81.38","CULDROSE, UK","  55.5","24","  49.3","24","9999.9"," 0","999.9"," 0","  6.3","24","  7.8","24"," 14.0","999.9","  64.4"," ","  44.4"," "," 0.01","G","999.9","010000"
"03809099999","2023-05-13","50.086092","-5.255711","81.38","CULDROSE, UK","  55.3","24","  49.4","24","9999.9"," 0","999.9"," 0","  6.4","24","  5.0","24","  9.9","999.9","  65.1"," ","  46.4"," "," 0.00","G","999.9","010000"
"03809099999","2023-05-14","50.086092","-5.255711","81.38","CULDROSE, UK","  53.5","24","  51.0","24","9999.9"," 0","999.9"," 0","  5.1","24","  6.9","24"," 11.1","999.9","  59.5"," ","  47.7"," "," 0.00","G","999.9","010000"
"03809099999","2023-05-15","50.086092","-5.255711","81.38","CULDROSE, UK","  52.9","24","  43.4","24","9999.9"," 0","999.9"," 0","  6.7","24"," 12.3","24"," 20.0","999.9","  56.8"," ","  48.2","*"," 0.02","G","999.9","010000"
"03809099999","2023-05-16","50.086092","-5.255711","81.38","CULDROSE, UK","  52.2","24","  42.1","24","9999.9"," 0","999.9"," 0","  6.8","24","  7.2","24"," 14.0","999.9","  60.3"," ","  42.4"," "," 0.00","G","999.9","010000"
"03809099999","2023-05-17","50.086092","-5.255711","81.38","CULDROSE, UK","  54.9","24","  45.7","24","9999.9"," 0","999.9"," 0","  6.4","24","  6.8","24"," 11.1","999.9","  71.6","*","  46.4","*"," 0.00","G","999.9","100000"
"03809099999","2023-05-18","50.086092","-5.255711","81.38","CULDROSE, UK","  54.8","23","  47.7","23","9999.9"," 0","999.9"," 0","  6.2","15","  6.0","23"," 11.1","999.9","  62.8"," ","  47.3"," "," 0.01","G","999.9","000000"
"03809099999","2023-05-19","50.086092","-5.255711","81.38","CULDROSE, UK","  55.1","24","  50.3","24","9999.9"," 0","999.9"," 0","  6.2","19","  8.1","24"," 15.0"," 28.0","  62.8"," ","  49.6"," "," 0.00","G","999.9","100000"
"03809099999","2023-05-20","50.086092","-5.255711","81.38","CULDROSE, UK","  57.0","24","  49.0","24","9999.9"," 0","999.9"," 0","  6.3","24","  5.8","24"," 11.1","999.9","  64.6"," ","  48.4"," "," 0.00","G","999.9","000000"
"03809099999","2023-05-21","50.086092","-5.255711","81.38","CULDROSE, UK","  56.5","24","  44.2","24","9999.9"," 0","999.9"," 0","  6.9","24","  5.5","24","  8.9","999.9","  65.3"," ","  47.5"," "," 0.00","G","999.9","000000"
"03809099999","2023-05-22","50.086092","-5.255711","81.38","CULDROSE, UK","  57.2","24","  47.3","24","9999.9"," 0","999.9"," 0","  7.1","24"," 11.6","24"," 24.1"," 35.9","  67.1"," ","  48.0"," "," 0.00","G","999.9","000000"
"03809099999","2023-05-23","50.086092","-5.255711","81.38","CULDROSE, UK","  56.3","24","  48.6","24","9999.9"," 0","999.9"," 0","  6.6","24","  7.6","24"," 13.0","999.9","  64.4","*","  50.0","*"," 0.00","G","999.9","000000"
"03809099999","2023-05-24","50.086092","-5.255711","81.38","CULDROSE, UK","  57.4","24","  48.9","24","9999.9"," 0","999.9"," 0","  6.5","24"," 10.6","24"," 18.1","999.9","  64.9"," ","  48.2","*"," 0.00","G","999.9","000000"
"03809099999","2023-05-25","50.086092","-5.255711","81.38","CULDROSE, UK","  58.7","24","  50.3","24","9999.9"," 0","999.9"," 0","  6.8","24","  7.6","24"," 15.0"," 20.0","  66.7"," ","  48.2","*"," 0.00","G","999.9","010000"
"03809099999","2023-05-26","50.086092","-5.255711","81.38","CULDROSE, UK","  55.9","24","  47.7","24","9999.9"," 0","999.9"," 0","  6.6","24","  7.8","24"," 15.0"," 22.9","  64.0"," ","  48.0","*"," 0.00","G","999.9","000000"
"03809099999","2023-05-27","50.086092","-5.255711","81.38","CULDROSE, UK","  56.3","24","  47.3","24","9999.9"," 0","999.9"," 0","  6.5","24","  7.7","24"," 14.0","999.9","  66.2","*","  47.7"," "," 0.00","G","999.9","000000"
"03809099999","2023-05-28","50.086092","-5.255711","81.38","CULDROSE, UK","  59.4","24","  48.5","24","9999.9"," 0","999.9"," 0","  6.9","24","  7.1","24"," 14.0","999.9","  71.1"," ","  48.2","*"," 0.00","G","999.9","000000"
"03809099999","2023-05-29","50.086092","-5.255711","81.38","CULDROSE, UK","  57.2","24","  47.0","24","9999.9"," 0","999.9"," 0","  6.9","24"," 10.1","24"," 18.1","999.9","  63.7"," ","  48.2","*"," 0.00","G","999.9","000000"
"03809099999","2023-05-30","50.086092","-5.255711","81.38","CULDROSE, UK","  56.0","24","  47.4","24","9999.9"," 0","999.9"," 0","  6.4","24"," 11.9","24"," 21.0"," 28.9","  63.5"," ","  48.2"," "," 0.00","G","999.9","000000"
"03809099999","2023-05-31","50.086092","-5.255711","81.38","CULDROSE, UK","  56.8","24","  48.6","24","9999.9"," 0","999.9"," 0","  6.4","24"," 10.9","24"," 15.9","999.9","  64.4","*","  52.0"," "," 0.00","G","999.9","000000"
"03809099999","2023-06-01","50.086092","-5.255711","81.38","CULDROSE, UK","  56.6","24","  51.1","24","9999.9"," 0","999.9"," 0","  7.2","24"," 10.8","24"," 18.1","999.9","  64.0"," ","  50.9"," "," 0.00","G","999.9","000000"
"03809099999","2023-06-02","50.086092","-5.255711","81.38","CULDROSE, UK","  54.6","24","  48.1","24","9999.9"," 0","999.9"," 0","  6.3","24"," 10.8","24"," 17.1","999.9","  61.0"," ","  46.4","*"," 0.00","G","999.9","000000"
"03809099999","2023-06-03","50.086092","-5.255711","81.38","CULDROSE, UK","  56.0","24","  47.3","24","9999.9"," 0","999.9"," 0","  6.4","24","  7.3","24"," 14.0","999.9","  65.8"," ","  44.2"," "," 0.00","G","999.9","000000"
"03809099999","2023-06-04","50.086092","-5.255711","81.38","CULDROSE, UK","  60.7","24","  46.3","24","9999.9"," 0","999.9"," 0","  6.9","24","  9.3","24"," 15.0","999.9","  69.4"," ","  51.6"," "," 0.00","G","999.9","000000"
"03809099999","2023-06-05","50.086092","-5.255711","81.38","CULDROSE, UK","  58.6","24","  48.7","24","9999.9"," 0","999.9"," 0","  7.1","24"," 10.3","24"," 18.1","999.9","  66.9"," ","  50.0","*"," 0.00","G","999.9","000000"
"03809099999","2023-06-06","50.086092","-5.255711","81.38","CULDROSE, UK","  55.9","24","  49.4","24","9999.9"," 0","999.9"," 0","  7.3","24"," 10.3","24"," 20.0","999.9","  62.6"," ","  48.7"," "," 0.00","G","999.9","000000"
"03809099999","2023-06-07","50.086092","-5.255711","81.38","CULDROSE, UK","  57.0","24","  51.3","24","9999.9"," 0","999.9"," 0","  5.9","24"," 15.2","24"," 24.1"," 31.1","  64.4","*","  48.2"," "," 0.00","G","999.9","000000"
"03809099999","2023-06-08","50.086092","-5.255711","81.38","CULDROSE, UK","  59.8","24","  52.9","24","9999.9"," 0","999.9"," 0","  6.1","24"," 20.8","24"," 28.9"," 39.0","  64.4","*","  56.8"," "," 0.00","G","999.9","010000"
"03809099999","2023-06-09","50.086092","-5.255711","81.38","CULDROSE, UK","  60.6","24","  55.1","24","9999.9"," 0","999.9"," 0","  6.1","24"," 15.8","24"," 22.9"," 38.1","  65.3"," ","  57.9"," "," 0.00","G","999.9","010000"
"03809099999","2023-06-10","50.086092","-5.255711","81.38","CULDROSE, UK","  62.1","24","  59.5","24","9999.9"," 0","999.9"," 0","  4.0","24","  5.8","24","  8.0","999.9","  69.6"," ","  58.3"," "," 0.11","G","999.9","010000"
"03809099999","2023-06-11","50.086092","-5.255711","81.38","CULDROSE, UK","  61.1","24","  58.8","24","9999.9"," 0","999.9"," 0","  4.6","24","  5.1","24","  8.0","999.9","  66.2","*","  59.0","*"," 0.00","G","999.9","110000"
"03809099999","2023-06-12","50.086092","-5.255711","81.38","CULDROSE, UK","  62.6","24","  57.0","24","9999.9"," 0","999.9"," 0","  6.7","24","  7.1","24"," 11.1","999.9","  69.8","*","  57.2","*"," 0.00","G","999.9","010000"
"03809099999","2023-06-13","50.086092","-5.255711","81.38","CULDROSE, UK","  63.9","24","  59.9","24","9999.9"," 0","999.9"," 0","  5.2","24","  7.6","24"," 13.0","999.9","  75.6"," ","  57.0"," "," 0.00","G","999.9","110000"
"03809099999","2023-06-14","50.086092","-5.255711","81.38","CULDROSE, UK","  66.6","22","  54.1","22","9999.9"," 0","999.9"," 0","  6.8","22","  5.6","22","  9.9","999.9","  77.0","*","  55.0"," "," 0.00","G","999.9","000000"
"03809099999","2023-06-15","50.086092","-5.255711","81.38","CULDROSE, UK","  65.6","19","  56.6","19","1020.1"," 4","011.1"," 4","  7.6","19","  5.0","19","  9.9","999.9","  72.3"," ","  57.2","*"," 0.00","G","999.9","010000"
"03809099999","2023-06-16","50.086092","-5.255711","81.38","CULDROSE, UK","  62.3","24","  57.4","24","9999.9"," 0","999.9"," 0","  5.4","24","  3.3","24","  7.0","999.9","  69.4"," ","  56.7"," "," 0.00","G","999.9","010000"
"03809099999","2023-06-17","50.086092","-5.255711","81.38","CULDROSE, UK","  62.8","24","  59.5","24","9999.9"," 0","999.9"," 0","  5.5","24","  4.8","24","  9.9","999.9","  70.0"," ","  57.9"," "," 0.17","G","999.9","000000"
"03809099999","2023-06-18","50.086092","-5.255711","81.38","CULDROSE, UK","  63.0","24","  59.6","24","9999.9"," 0","999.9"," 0","  5.2","24","  5.0","24","  8.9","999.9","  69.6"," ","  59.7"," "," 0.00","G","999.9","010000"
"03809099999","2023-06-19","50.086092","-5.255711","81.38","CULDROSE, UK","  63.3","24","  58.9","24","9999.9"," 0","999.9"," 0","  6.0","24","  7.8","24"," 12.0"," 17.1","  70.3"," ","  58.1"," "," 0.00","G","999.9","010000"
"03809099999","2023-06-20","50.086092","-5.255711","81.38","CULDROSE, UK","  62.5","24","  59.3","24","9999.9"," 0","999.9"," 0","  5.7","24","  6.6","24"," 13.0","999.9","  68.4"," ","  58.5"," "," 0.31","G","999.9","010000"
"03809099999","2023-06-21","50.086092","-5.255711","81.38","CULDROSE, UK","  63.3","24","  59.2","24","9999.9"," 0","999.9"," 0","  6.7","24","  6.6","24"," 12.0","999.9","  68.4"," ","  57.2","*"," 0.00","G","999.9","010000"
"03809099999","2023-06-22","50.086092","-5.255711","81.38","CULDROSE, UK","  63.2","23","  58.0","23","9999.9"," 0","999.9"," 0","  6.7","23","  6.3","23"," 13.0"," 21.0","  72.0"," ","  53.6"," "," 0.00","G","999.9","010000"
"03809099999","2023-06-23","50.086092","-5.255711","81.38","CULDROSE, UK","  64.6","24","  61.5","24","9999.9"," 0","999.9"," 0","  6.2","24","  8.9","24"," 15.0"," 22.0","  70.9"," ","  58.8"," "," 0.00","G","999.9","000000"
"03809099999","2023-06-24","50.086092","-5.255711","81.38","CULDROSE, UK","  68.2","24","  60.8","24","9999.9"," 0","999.9"," 0","  5.8","24","  8.7","24"," 15.9","999.9","  74.3"," ","  63.7"," "," 0.00","G","999.9","010000"
"03809099999","2023-06-25","50.086092","-5.255711","81.38","CULDROSE, UK","  65.3","24","  58.3","24","9999.9"," 0","999.9"," 0","  7.1","24","  9.2","24"," 15.0","999.9","  70.9"," ","  59.0","*"," 0.00","G","999.9","010000"
"03809099999","2023-06-26","50.086092","-5.255711","81.38","CULDROSE, UK","  62.2","24","  53.1","24","9999.9"," 0","999.9"," 0","  7.2","24","  8.9","24"," 15.0","999.9","  68.4"," ","  57.0"," "," 0.00","G","999.9","000000"
"03809099999","2023-06-27","50.086092","-5.255711","81.38","CULDROSE, UK","  63.4","24","  60.4","24","9999.9"," 0","999.9"," 0","  5.5","24","  8.8","24"," 15.9","999.9","  68.0","*","  59.9"," "," 0.00","G","999.9","010000"
"03809099999","2023-06-28","50.086092","-5.255711","81.38","CULDROSE, UK","  62.8","24","  61.3","24","9999.9"," 0","999.9"," 0","  3.7","24","  7.8","24"," 12.0","999.9","  66.2","*","  57.2","*"," 0.02","E","999.9","010000"
"03809099999","2023-06-29","50.086092","-5.255711","81.38","CULDROSE, UK","  61.0","24","  49.9","24","9999.9"," 0","999.9"," 0","  8.3","24"," 10.3","24"," 18.1","999.9","  67.6"," ","  55.0"," "," 0.00","F","999.9","000000"
"03809099999","2023-06-30","50.086092","-5.255711","81.38","CULDROSE, UK","  60.5","24","  59.2","24","9999.9"," 0","999.9"," 0","  3.3","24"," 11.2","24"," 15.0"," 25.1","  63.5"," ","  56.3"," "," 0.11","G","999.9","010000"
"03809099999","2023-07-01","50.086092","-5.255711","81.38","CULDROSE, UK","  62.4","24","  54.6","24","9999.9"," 0","999.9"," 0","  6.1","24"," 12.8","24"," 18.1","999.9","  69.8","*","  57.2","*"," 0.24","G","999.9","010000"
"03809099999","2023-07-02","50.086092","-5.255711","81.38","CULDROSE, UK","  60.3","24","  51.8","24","9999.9"," 0","999.9"," 0","  6.2","24","  8.9","24"," 13.0","999.9","  65.5"," ","  55.4","*"," 0.00","G","999.9","010000"
"03809099999","2023-07-03","50.086092","-5.255711","81.38","CULDROSE, UK","  60.0","24","  52.6","24","9999.9"," 0","999.9"," 0","  6.6","24"," 10.5","24"," 15.9"," 28.0","  66.9"," ","  54.5"," "," 0.00","F","999.9","010000"
"03809099999","2023-07-04","50.086092","-5.255711","81.38","CULDROSE, UK","  57.7","24","  54.6","24","9999.9"," 0","999.9"," 0","  6.0","24","  8.4","24"," 15.9","999.9","  63.1"," ","  53.6","*"," 0.00","G","999.9","010000"
"03809099999","2023-07-05","50.086092","-5.255711","81.38","CULDROSE, UK","  58.8","24","  52.3","24","9999.9"," 0","999.9"," 0","  6.7","24","  9.9","24"," 20.0","999.9","  64.0"," ","  53.6"," "," 0.43","G","999.9","010000"
"03809099999","2023-07-06","50.086092","-5.255711","81.38","CULDROSE, UK","  61.0","24","  56.5","24","9999.9"," 0","999.9"," 0","  6.5","24"," 11.6","24"," 20.0"," 28.9","  66.7"," ","  55.0"," "," 0.00","G","999.9","000000"
"03809099999","2023-07-07","50.086092","-5.255711","81.38","CULDROSE, UK","  65.4","24","  58.8","24","9999.9"," 0","999.9"," 0","  7.0","24"," 10.6","24"," 15.9"," 26.0","  73.0"," ","  59.0","*"," 0.00","G","999.9","000000"
"03809099999","2023-07-08","50.086092","-5.255711","81.38","CULDROSE, UK","  63.4","24","  57.7","24","9999.9"," 0","999.9"," 0","  6.4","24","  9.3","24"," 15.0"," 22.0","  69.1"," ","  58.5","*"," 0.01","G","999.9","010000"
"03809099999","2023-07-09","50.086092","-5.255711","81.38","CULDROSE, UK","  62.8","24","  57.3","24","9999.9"," 0","999.9"," 0","  6.3","24","  8.9","24"," 13.0","999.9","  68.9"," ","  58.3"," "," 0.00","G","999.9","010000"
"03809099999","2023-07-10","50.086092","-5.255711","81.38","CULDROSE, UK","  62.3","24","  60.2","24","9999.9"," 0","999.9"," 0","  5.1","24"," 13.1","24"," 22.0"," 34.0","  66.7"," ","  58.8"," "," 0.00","G","999.9","110000"
"03809099999","2023-07-11","50.086092","-5.255711","81.38","CULDROSE, UK","  61.5","24","  58.3","24","9999.9"," 0","999.9"," 0","  6.2","24"," 11.0","24"," 17.1"," 26.0","  66.4"," ","  57.2","*"," 0.68","G","999.9","010000"
"03809099999","2023-07-12","50.086092","-5.255711","81.38","CULDROSE, UK","  60.0","24","  56.4","24","9999.9"," 0","999.9"," 0","  6.4","24"," 10.8","24"," 17.1","999.9","  65.3"," ","  56.3"," "," 0.01","G","999.9","010000"
"03809099999","2023-07-13","50.086092","-5.255711","81.38","CULDROSE, UK","  61.2","24","  57.2","24","9999.9"," 0","999.9"," 0","  7.7","24","  9.3","24"," 15.0","999.9","  66.2"," ","  58.1"," "," 0.05","G","999.9","010000"
"03809099999","2023-07-14","50.086092","-5.255711","81.38","CULDROSE, UK","  60.8","24","  59.5","24","9999.9"," 0","999.9"," 0","  3.9","24"," 11.9","24"," 24.1"," 35.9","  63.5"," ","  56.7"," "," 0.42","G","999.9","010000"
"03809099999","2023-07-15","50.086092","-5.255711","81.38","CULDROSE, UK","  60.1","24","  56.4","24","9999.9"," 0","999.9"," 0","  6.4","24"," 12.3","24"," 17.1"," 26.0","  64.8"," ","  55.9"," "," 0.72","G","999.9","010000"
"03809099999","2023-07-16","50.086092","-5.255711","81.38","CULDROSE, UK","  59.8","24","  53.9","24","9999.9"," 0","999.9"," 0","  6.8","24"," 10.5","24"," 15.0"," 21.0","  64.9"," ","  55.4","*"," 0.09","G","999.9","010000"
"03809099999","2023-07-17","50.086092","-5.255711","81.38","CULDROSE, UK","  59.8","24","  54.1","24","9999.9"," 0","999.9"," 0","  6.8","24","  8.6","24"," 15.0","999.9","  65.5"," ","  55.0"," "," 0.06","G","999.9","010000"
"03809099999","2023-07-18","50.086092","-5.255711","81.38","CULDROSE, UK","  60.0","24","  57.1","24","9999.9"," 0","999.9"," 0","  6.6","24","  9.7","24"," 15.9"," 22.0","  65.3"," ","  55.4","*"," 0.00","G","999.9","010000"
"03809099999","2023-07-19","50.086092","-5.255711","81.38","CULDROSE, UK","  62.2","24","  57.2","24","9999.9"," 0","999.9"," 0","  6.6","24","  8.6","24"," 12.0","999.9","  69.8"," ","  55.4","*"," 0.02","G","999.9","010000"
"03809099999","2023-07-20","50.086092","-5.255711","81.38","CULDROSE, UK","  59.2","24","  52.3","24","9999.9"," 0","999.9"," 0","  7.5","24","  6.0","24"," 13.0","999.9","  67.1"," ","  50.5"," "," 0.00","G","999.9","010000"
"03809099999","2023-07-21","50.086092","-5.255711","81.38","CULDROSE, UK","  59.9","24","  52.1","24","9999.9"," 0","999.9"," 0","  6.7","24","  7.5","24"," 15.9","999.9","  65.7"," ","  53.2"," "," 0.00","F","999.9","010000"
"03809099999","2023-07-22","50.086092","-5.255711","81.38","CULDROSE, UK","  59.2","24","  58.3","24","9999.9"," 0","999.9"," 0","  2.8","24"," 11.0","24"," 15.0"," 27.0","  61.9"," ","  57.2"," "," 0.00","G","999.9","110000"
"03809099999","2023-07-23","50.086092","-5.255711","81.38","CULDROSE, UK","  60.5","24","  58.7","24","9999.9"," 0","999.9"," 0","  5.4","24","  8.6","24"," 12.0","999.9","  64.6"," ","  58.3"," "," 0.52","G","999.9","110000"
"03809099999","2023-07-24","50.086092","-5.255711","81.38","CULDROSE, UK","  59.7","24","  54.8","24","9999.9"," 0","999.9"," 0","  5.9","24"," 12.3","24"," 20.0"," 31.1","  64.9"," ","  56.7","*"," 0.01","G","999.9","010000"
"03809099999","2023-07-25","50.086092","-5.255711","81.38","CULDROSE, UK","  59.8","24","  54.2","24","9999.9"," 0","999.9"," 0","  7.0","24","  5.5","24"," 12.0"," 22.0","  66.2","*","  53.6","*"," 0.06","G","999.9","110000"
"03809099999","2023-07-26","50.086092","-5.255711","81.38","CULDROSE, UK","  59.2","24","  58.7","24","9999.9"," 0","999.9"," 0","  3.1","24","  8.2","24"," 13.0"," 21.0","  63.3"," ","  48.6"," "," 0.00","G","999.9","110000"
"03809099999","2023-07-27","50.086092","-5.255711","81.38","CULDROSE, UK","  61.6","24","  61.5","24","9999.9"," 0","999.9"," 0","  1.6","24"," 10.0","24"," 13.0","999.9","  65.1"," ","  59.9"," "," 0.41","G","999.9","110000"
"03809099999","2023-07-28","50.086092","-5.255711","81.38","CULDROSE, UK","  61.2","24","  59.8","24","9999.9"," 0","999.9"," 0","  4.8","24","  7.8","24"," 13.0"," 22.0","  65.3"," ","  58.1","*"," 0.02","G","999.9","110000"
"03809099999","2023-07-29","50.086092","-5.255711","81.38","CULDROSE, UK","  61.6","24","  57.2","24","9999.9"," 0","999.9"," 0","  6.5","24"," 10.4","24"," 14.0","999.9","  66.2"," ","  58.1"," "," 0.06","G","999.9","010000"
"03809099999","2023-07-30","50.086092","-5.255711","81.38","CULDROSE, UK","  61.0","24","  59.6","24","9999.9"," 0","999.9"," 0","  4.9","24"," 11.8","24"," 15.9"," 24.1","  64.4","*","  58.3"," "," 0.04","G","999.9","110000"
"03809099999","2023-07-31","50.086092","-5.255711","81.38","CULDROSE, UK","  60.4","24","  59.9","24","9999.9"," 0","999.9"," 0","  3.3","24","  8.7","24"," 14.0","999.9","  61.7"," ","  58.8"," "," 0.11","G","999.9","110000"
"03809099999","2023-08-01","50.086092","-5.255711","81.38","CULDROSE, UK","  61.1","24","  59.5","24","9999.9"," 0","999.9"," 0","  4.7","24","  9.3","24"," 17.1","999.9","  64.4"," ","  58.8"," "," 0.11","G","999.9","010000"
"03809099999","2023-08-02","50.086092","-5.255711","81.38","CULDROSE, UK","  61.1","24","  58.8","24","9999.9"," 0","999.9"," 0","  5.0","24"," 16.7","24"," 22.0"," 33.0","  66.4"," ","  57.7"," "," 0.76","G","999.9","010000"
"03809099999","2023-08-03","50.086092","-5.255711","81.38","CULDROSE, UK","  60.8","24","  57.2","24","9999.9"," 0","999.9"," 0","  6.5","24"," 11.0","24"," 17.1","999.9","  63.7"," ","  57.2","*"," 0.10","G","999.9","010000"
"03809099999","2023-08-04","50.086092","-5.255711","81.38","CULDROSE, UK","  59.1","24","  54.0","24","9999.9"," 0","999.9"," 0","  6.7","24","  8.3","24"," 12.0","999.9","  63.3"," ","  55.4","*"," 0.04","G","999.9","010000"
"03809099999","2023-08-05","50.086092","-5.255711","81.38","CULDROSE, UK","  59.2","24","  54.7","24","9999.9"," 0","999.9"," 0","  5.1","24"," 16.7","24"," 25.1"," 40.0","  64.0"," ","  55.0"," "," 0.18","G","999.9","010000"
"03809099999","2023-08-06","50.086092","-5.255711","81.38","CULDROSE, UK","  59.2","24","  53.9","24","9999.9"," 0","999.9"," 0","  6.5","24","  7.5","24"," 12.0","999.9","  65.5"," ","  54.9","*"," 0.01","G","999.9","010000"
"03809099999","2023-08-07","50.086092","-5.255711","81.38","CULDROSE, UK","  57.4","23","  55.1","23","9999.9"," 0","999.9"," 0","  6.1","23","  5.1","23"," 13.0","999.9","  63.7"," ","  50.2"," "," 0.00","G","999.9","110000"
"03809099999","2023-08-08","50.086092","-5.255711","81.38","CULDROSE, UK","  59.6","24","  59.5","24","9999.9"," 0","999.9"," 0","  3.2","24","  9.5","24"," 15.0"," 22.9","  62.6"," ","  57.0"," "," 0.02","G","999.9","110000"
"03809099999","2023-08-09","50.086092","-5.255711","81.38","CULDROSE, UK","  62.2","24","  61.4","24","9999.9"," 0","999.9"," 0","  1.6","24","  5.7","24"," 11.1","999.9","  68.4"," ","  59.0","*"," 0.02","G","999.9","110000"
"03809099999","2023-08-10","50.086092","-5.255711","81.38","CULDROSE, UK","  62.9","24","  62.4","24","9999.9"," 0","999.9"," 0","  1.7","24","  9.1","24"," 12.0","999.9","  68.4"," ","  59.0"," "," 0.00","G","999.9","110000"
"03809099999","2023-08-11","50.086092","-5.255711","81.38","CULDROSE, UK","  61.6","24","  61.0","24","9999.9"," 0","999.9"," 0","  3.6","24","  7.7","24"," 11.1","999.9","  64.4"," ","  59.9"," "," 0.04","G","999.9","110000"
"03809099999","2023-08-12","50.086092","-5.255711","81.38","CULDROSE, UK","  61.5","24","  60.3","24","9999.9"," 0","999.9"," 0","  5.2","24"," 10.4","24"," 15.0"," 22.9","  65.1"," ","  58.5","*"," 0.05","G","999.9","010000"
"03809099999","2023-08-13","50.086092","-5.255711","81.38","CULDROSE, UK","  60.5","24","  59.6","24","9999.9"," 0","999.9"," 0","  5.6","24","  9.7","24"," 15.9","999.9","  64.6"," ","  58.5"," "," 0.02","G","999.9","010000"
"03809099999","2023-08-14","50.086092","-5.255711","81.38","CULDROSE, UK","  61.9","24","  58.6","24","9999.9"," 0","999.9"," 0","  4.8","24"," 11.4","24"," 21.0"," 31.1","  67.6"," ","  56.3","*"," 0.50","G","999.9","110000"
"03809099999","2023-08-15","50.086092","-5.255711","81.38","CULDROSE, UK","  60.9","24","  56.7","24","9999.9"," 0","999.9"," 0","  6.3","24","  5.8","24"," 11.1","999.9","  68.4"," ","  55.0"," "," 0.02","G","999.9","010000"
"03809099999","2023-08-16","50.086092","-5.255711","81.38","CULDROSE, UK","  61.8","24","  55.9","24","9999.9"," 0","999.9"," 0","  8.4","24","  5.9","24"," 11.1","999.9","  69.8"," ","  53.1"," "," 0.01","G","999.9","000000"
"03809099999","2023-08-17","50.086092","-5.255711","81.38","CULDROSE, UK","  61.7","24","  59.9","24","9999.9"," 0","999.9"," 0","  5.6","24","  8.6","24"," 15.9","999.9","  68.7"," ","  53.6","*"," 0.00","G","999.9","100000"
"03809099999","2023-08-18","50.086092","-5.255711","81.38","CULDROSE, UK","  63.4","24","  61.5","24","9999.9"," 0","999.9"," 0","  3.8","24"," 11.3","24"," 22.9"," 36.9","  68.0","*","  61.7"," "," 0.00","G","999.9","010000"
"03809099999","2023-08-19","50.086092","-5.255711","81.38","CULDROSE, UK","  62.8","24","  61.4","24","9999.9"," 0","999.9"," 0","  5.7","24"," 11.4","24"," 20.0","999.9","  66.7"," ","  60.3"," "," 0.58","G","999.9","010000"
"03809099999","2023-08-20","50.086092","-5.255711","81.38","CULDROSE, UK","  63.1","24","  62.3","24","9999.9"," 0","999.9"," 0","  4.5","24","  7.3","24","  8.9","999.9","  67.1"," ","  60.4"," "," 0.00","G","999.9","110000"
"03809099999","2023-08-21","50.086092","-5.255711","81.38","CULDROSE, UK","  63.5","24","  61.8","24","9999.9"," 0","999.9"," 0","  5.8","24","  9.6","24"," 15.0"," 22.0","  67.3"," ","  60.8","*"," 0.00","G","999.9","010000"
"03809099999","2023-08-22","50.086092","-5.255711","81.38","CULDROSE, UK","  63.2","24","  59.1","24","9999.9"," 0","999.9"," 0","  6.4","24","  6.2","24","  8.9","999.9","  68.2"," ","  57.2","*"," 0.00","G","999.9","110000"
"03809099999","2023-08-23","50.086092","-5.255711","81.38","CULDROSE, UK","  62.8","24","  57.3","24","9999.9"," 0","999.9"," 0","  6.2","24","  5.3","24","  9.9","999.9","  71.8"," ","  53.6","*"," 0.00","G","999.9","010000"
"03809099999","2023-08-24","50.086092","-5.255711","81.38","CULDROSE, UK","  60.8","24","  56.1","24","9999.9"," 0","999.9"," 0","  7.0","24","  7.6","24"," 15.0"," 22.9","  66.6"," ","  53.6","*"," 0.04","G","999.9","010000"
"03809099999","2023-08-25","50.086092","-5.255711","81.38","CULDROSE, UK","  58.7","24","  54.9","24","9999.9"," 0","999.9"," 0","  7.1","24","  6.8","24"," 13.0","999.9","  64.8"," ","  52.7"," "," 0.02","G","999.9","010000"
"03809099999","2023-08-26","50.086092","-5.255711","81.38","CULDROSE, UK","  58.7","24","  54.4","24","9999.9"," 0","999.9"," 0","  7.8","24","  7.7","24"," 13.4"," 19.8","  64.6"," ","  54.7"," "," 0.02","G","999.9","010000"
"03809099999","2023-08-27","50.086092","-5.255711","81.38","CULDROSE, UK","  59.7","24","  56.8","24","9999.9"," 0","999.9"," 0","  6.3","24","  9.4","24"," 13.0","999.9","  63.0"," ","  56.8"," "," 0.02","G","999.9","010000"
"03809099999","2023-08-28","50.086092","-5.255711","81.38","CULDROSE, UK","  59.0","24","  52.4","24","9999.9"," 0","999.9"," 0","  6.4","24","  7.2","24"," 11.1","999.9","  62.6"," ","  55.2"," "," 0.04","G","999.9","000000"
"03809099999","2023-08-29","50.086092","-5.255711","81.38","CULDROSE, UK","  58.5","24","  56.7","24","9999.9"," 0","999.9"," 0","  5.0","24","  6.8","24"," 17.1","999.9","  64.8"," ","  53.6","*"," 0.00","G","999.9","110000"
"03809099999","2023-08-30","50.086092","-5.255711","81.38","CULDROSE, UK","  58.3","24","  50.3","24","9999.9"," 0","999.9"," 0","  6.5","24","  5.6","24"," 11.1","999.9","  66.2"," ","  53.6"," "," 0.04","G","999.9","010000"
"03809099999","2023-08-31","50.086092","-5.255711","81.38","CULDROSE, UK","  61.4","24","  61.0","24","9999.9"," 0","999.9"," 0","  1.7","24","  7.4","24"," 15.0","999.9","  64.4","*","  55.6"," "," 0.09","G","999.9","110000"
"03809099999","2023-09-01","50.086092","-5.255711","81.38","CULDROSE, UK","  60.3","24","  57.1","24","9999.9"," 0","999.9"," 0","  6.7","24","  4.8","24","  9.9","999.9","  65.7"," ","  55.4","*"," 0.28","G","999.9","010000"
"03809099999","2023-09-02","50.086092","-5.255711","81.38","CULDROSE, UK","  61.2","24","  56.9","24","9999.9"," 0","999.9"," 0","  6.8","24","  5.0","24"," 11.1","999.9","  71.8"," ","  50.2"," "," 0.00","G","999.9","110000"
"03809099999","2023-09-03","50.086092","-5.255711","81.38","CULDROSE, UK","  65.2","24","  59.9","24","9999.9"," 0","999.9"," 0","  6.2","24","  9.3","24"," 13.0","999.9","  75.2"," ","  55.4","*"," 0.01","G","999.9","000000"
"03809099999","2023-09-04","50.086092","-5.255711","81.38","CULDROSE, UK","  66.9","24","  61.7","24","9999.9"," 0","999.9"," 0","  6.5","24"," 18.7","24"," 27.0"," 38.1","  71.6"," ","  63.9"," "," 0.00","G","999.9","000000"
"03809099999","2023-09-05","50.086092","-5.255711","81.38","CULDROSE, UK","  66.1","24","  61.1","24","9999.9"," 0","999.9"," 0","  5.7","24"," 11.4","24"," 22.9","999.9","  72.5"," ","  59.0","*"," 0.00","G","999.9","100000"
"03809099999","2023-09-06","50.086092","-5.255711","81.38","CULDROSE, UK","  66.9","24","  61.8","24","9999.9"," 0","999.9"," 0","  3.9","24","  7.3","24"," 12.0","999.9","  77.2"," ","  56.7"," "," 0.00","G","999.9","110000"
"03809099999","2023-09-07","50.086092","-5.255711","81.38","CULDROSE, UK","  67.9","24","  64.0","24","9999.9"," 0","999.9"," 0","  4.6","24","  9.5","24"," 15.0","999.9","  75.2","*","  63.9"," "," 0.00","G","999.9","100000"
"03809099999","2023-09-08","50.086092","-5.255711","81.38","CULDROSE, UK","  66.4","24","  64.3","24","9999.9"," 0","999.9"," 0","  3.5","24","  3.3","24","  6.0","999.9","  73.9"," ","  60.8","*"," 0.01","G","999.9","110000"
"03809099999","2023-09-09","50.086092","-5.255711","81.38","CULDROSE, UK","  69.0","24","  61.3","24","9999.9"," 0","999.9"," 0","  6.0","24","  7.3","24","  9.9","999.9","  77.9"," ","  62.1"," "," 0.01","G","999.9","110000"
"03809099999","2023-09-10","50.086092","-5.255711","81.38","CULDROSE, UK","  66.6","24","  64.1","24","9999.9"," 0","999.9"," 0","  5.2","24","  6.1","24","  9.9","999.9","  73.8"," ","  64.0"," "," 0.08","G","999.9","010000"
"03809099999","2023-09-11","50.086092","-5.255711","81.38","CULDROSE, UK","  65.6","24","  63.2","24","9999.9"," 0","999.9"," 0","  5.0","24","  5.4","24","  8.9","999.9","  69.3"," ","  62.6","*"," 0.00","G","999.9","010000"
"03809099999","2023-09-12","50.086092","-5.255711","81.38","CULDROSE, UK","  61.7","24","  55.6","24","9999.9"," 0","999.9"," 0","  6.7","24","  9.5","24"," 17.1","999.9","  66.6"," ","  55.4","*"," 0.01","G","999.9","010000"
"03809099999","2023-09-13","50.086092","-5.255711","81.38","CULDROSE, UK","  59.2","24","  52.6","24","9999.9"," 0","999.9"," 0","  6.9","24","  5.4","24","  8.9","999.9","  66.2"," ","  50.0","*"," 0.00","G","999.9","000000"
"03809099999","2023-09-14","50.086092","-5.255711","81.38","CULDROSE, UK","  60.4","24","  55.1","24","9999.9"," 0","999.9"," 0","  7.1","24","  5.6","24"," 11.1","999.9","  65.8"," ","  49.5"," "," 0.00","G","999.9","000000"
"03809099999","2023-09-15","50.086092","-5.255711","81.38","CULDROSE, UK","  61.4","24","  57.7","24","9999.9"," 0","999.9"," 0","  6.3","24","  6.0","24"," 11.1","999.9","  70.0"," ","  51.4"," "," 0.00","G","999.9","110000"
"03809099999","2023-09-16","50.086092","-5.255711","81.38","CULDROSE, UK","  62.5","24","  59.4","24","9999.9"," 0","999.9"," 0","  6.3","24"," 10.2","24"," 14.0","999.9","  66.6"," ","  59.0","*"," 0.02","G","999.9","010000"
"03809099999","2023-09-17","50.086092","-5.255711","81.38","CULDROSE, UK","  63.1","24","  60.5","24","9999.9"," 0","999.9"," 0","  5.6","24","  9.8","24"," 15.0","999.9","  66.9"," ","  60.8","*"," 0.20","G","999.9","010000"
"03809099999","2023-09-18","50.086092","-5.255711","81.38","CULDROSE, UK","  60.8","24","  54.3","24","9999.9"," 0","999.9"," 0","  6.2","24"," 16.2","24"," 21.0"," 34.0","  64.4","*","  57.2","*"," 0.50","G","999.9","010000"
"03809099999","2023-09-19","50.086092","-5.255711","81.38","CULDROSE, UK","  61.1","14","  58.4","14","9999.9"," 0","999.9"," 0","  6.0","14"," 17.4","14"," 24.1"," 35.9","  64.4","*","  57.6"," "," 0.02","G","999.9","010000"
"03809099999","2023-09-20","50.086092","-5.255711","81.38","CULDROSE, UK","  60.6","24","  56.0","24","9999.9"," 0","999.9"," 0","  5.1","24"," 14.6","24"," 28.9"," 44.1","  63.1"," ","  56.1"," "," 0.10","G","999.9","010000"
"03809099999","2023-09-21","50.086092","-5.255711","81.38","CULDROSE, UK","  56.1","24","  50.0","24","9999.9"," 0","999.9"," 0","  6.5","24","  7.2","24"," 13.0","999.9","  61.3"," ","  50.0","*"," 0.35","G","999.9","010000"
"03809099999","2023-09-22","50.086092","-5.255711","81.38","CULDROSE, UK","  54.7","24","  46.7","24","9999.9"," 0","999.9"," 0","  7.5","24","  8.4","24"," 15.9","999.9","  61.2"," ","  48.6"," "," 0.16","G","999.9","010000"
"03809099999","2023-09-23","50.086092","-5.255711","81.38","CULDROSE, UK","  56.4","24","  49.8","24","9999.9"," 0","999.9"," 0","  6.1","24","  8.3","24"," 15.0"," 25.1","  63.0"," ","  43.3"," "," 0.00","G","999.9","010000"
"03809099999","2023-09-24","50.086092","-5.255711","81.38","CULDROSE, UK","  62.3","24","  60.5","24","9999.9"," 0","999.9"," 0","  4.1","24"," 15.5","24"," 21.0"," 34.0","  64.6"," ","  58.8"," "," 0.29","G","999.9","010000"
"03809099999","2023-09-25","50.086092","-5.255711","81.38","CULDROSE, UK","  61.6","24","  58.8","24","9999.9"," 0","999.9"," 0","  5.4","24","  8.8","24"," 12.0","999.9","  65.5"," ","  59.0","*"," 0.10","G","999.9","000000"
"03809099999","2023-09-26","50.086092","-5.255711","81.38","CULDROSE, UK","  60.5","24","  57.9","24","9999.9"," 0","999.9"," 0","  5.4","24","  9.5","24"," 15.9","999.9","  64.6"," ","  57.2","*"," 0.00","G","999.9","010000"
"03809099999","2023-09-27","50.086092","-5.255711","81.38","CULDROSE, UK","  61.2","24","  58.2","24","9999.9"," 0","999.9"," 0","  4.3","24"," 16.0","24"," 27.0"," 44.1","  64.4","*","  57.2"," "," 0.02","G","999.9","110000"
"03809099999","2023-09-28","50.086092","-5.255711","81.38","CULDROSE, UK","  60.3","24","  56.0","24","9999.9"," 0","999.9"," 0","  5.4","24","  9.9","24"," 15.0"," 26.0","  63.5"," ","  58.1"," "," 0.06","G","999.9","010000"
"03809099999","2023-09-29","50.086092","-5.255711","81.38","CULDROSE, UK","  58.0","24","  53.8","24","9999.9"," 0","999.9"," 0","  6.5","24","  6.8","24"," 14.0","999.9","  63.5"," ","  53.6"," "," 0.19","G","999.9","000000"
"03809099999","2023-09-30","50.086092","-5.255711","81.38","CULDROSE, UK","  59.5","24","  57.5","24","9999.9"," 0","999.9"," 0","  4.7","24","  9.0","24"," 15.0"," 25.1","  63.1"," ","  51.6"," "," 0.00","G","999.9","010000"
"03809099999","2023-10-01","50.086092","-5.255711","81.38","CULDROSE, UK","  62.1","24","  61.8","24","9999.9"," 0","999.9"," 0","  1.1","24","  7.8","24"," 12.0","999.9","  62.6"," ","  60.1"," "," 0.04","G","999.9","110000"
"03809099999","2023-10-02","50.086092","-5.255711","81.38","CULDROSE, UK","  59.8","24","  59.4","24","9999.9"," 0","999.9"," 0","  2.2","24","  6.0","24"," 15.9"," 26.0","  62.6","*","  56.5"," "," 0.05","G","999.9","110000"
"03809099999","2023-10-03","50.086092","-5.255711","81.38","CULDROSE, UK","  56.6","24","  51.7","24","9999.9"," 0","999.9"," 0","  6.7","24"," 10.7","24"," 17.1"," 28.0","  62.6","*","  51.1"," "," 0.17","G","999.9","010000"
"03809099999","2023-10-04","50.086092","-5.255711","81.38","CULDROSE, UK","  57.7","24","  52.8","24","1028.2"," 4","019.1"," 4","  8.3","24","  7.4","24"," 12.0","999.9","  61.2"," ","  53.6"," "," 0.01","G","999.9","010000"
"03809099999","2023-10-05","50.086092","-5.255711","81.38","CULDROSE, UK","  59.4","24","  55.3","24","9999.9"," 0","999.9"," 0","  6.6","24","  9.3","24"," 15.0","999.9","  62.6","*","  55.6"," "," 0.00","G","999.9","010000"
"03809099999","2023-10-06","50.086092","-5.255711","81.38","CULDROSE, UK","  61.0","24","  58.8","24","9999.9"," 0","999.9"," 0","  5.4","24","  7.8","24"," 11.1","999.9","  65.5"," ","  58.5"," "," 0.00","G","999.9","010000"
"03809099999","2023-10-07","50.086092","-5.255711","81.38","CULDROSE, UK","  62.0","24","  57.8","24","9999.9"," 0","999.9"," 0","  5.1","24","  5.6","24","  8.9","999.9","  68.0","*","  53.6","*"," 0.00","G","999.9","110000"
"03809099999","2023-10-08","50.086092","-5.255711","81.38","CULDROSE, UK","  59.8","24","  54.7","24","9999.9"," 0","999.9"," 0","  4.6","24","  3.9","24","  6.0","999.9","  69.8","*","  50.2"," "," 0.01","G","999.9","110000"
"03809099999","2023-10-09","50.086092","-5.255711","81.38","CULDROSE, UK","  60.4","24","  58.0","24","9999.9"," 0","999.9"," 0","  2.1","24","  3.3","24","  5.1","999.9","  71.6"," ","  51.8","*"," 0.01","G","999.9","110000"
"03809099999","2023-10-10","50.086092","-5.255711","81.38","CULDROSE, UK","  59.2","24","  58.6","24","9999.9"," 0","999.9"," 0","  1.8","24","  8.1","24"," 11.1","999.9","  62.1"," ","  56.7"," "," 0.01","G","999.9","110000"
"03809099999","2023-10-11","50.086092","-5.255711","81.38","CULDROSE, UK","  61.1","24","  60.4","24","9999.9"," 0","999.9"," 0","  1.6","24","  8.9","24"," 12.0"," 22.0","  62.8"," ","  59.0"," "," 0.00","G","999.9","110000"
"03809099999","2023-10-12","50.086092","-5.255711","81.38","CULDROSE, UK","  61.0","24","  60.8","24","1010.1"," 4","001.1"," 4","  2.8","24","  9.5","24"," 18.1"," 28.0","  62.8"," ","  59.7"," "," 0.17","G","999.9","110000"
"03809099999","2023-10-13","50.086092","-5.255711","81.38","CULDROSE, UK","  59.4","24","  55.9","24","9999.9"," 0","999.9"," 0","  3.7","24"," 12.5","24"," 20.0"," 32.1","  64.4","*","  51.8","*"," 0.98","G","999.9","010000"
"03809099999","2023-10-14","50.086092","-5.255711","81.38","CULDROSE, UK","  51.8","24","  42.0","24","9999.9"," 0","999.9"," 0","  6.7","24","  7.7","24"," 14.0","999.9","  56.8"," ","  45.9","*"," 0.32","G","999.9","010000"
"03809099999","2023-10-15","50.086092","-5.255711","81.38","CULDROSE, UK","  49.1","24","  41.3","24","9999.9"," 0","999.9"," 0","  7.1","24","  5.7","24","  9.9","999.9","  55.9"," ","  40.6"," "," 0.01","G","999.9","000000"
"03809099999","2023-10-16","50.086092","-5.255711","81.38","CULDROSE, UK","  53.1","24","  42.7","24","9999.9"," 0","999.9"," 0","  7.2","24"," 14.5","24"," 20.0"," 31.1","  55.4","*","  48.4"," "," 0.00","G","999.9","010000"
"03809099999","2023-10-17","50.086092","-5.255711","81.38","CULDROSE, UK","  56.4","24","  50.1","24","9999.9"," 0","999.9"," 0","  6.8","24"," 21.9","24"," 32.1"," 45.1","  59.9"," ","  53.2"," "," 0.00","G","999.9","010000"
"03809099999","2023-10-18","50.086092","-5.255711","81.38","CULDROSE, UK","  58.7","24","  57.5","24","9999.9"," 0","999.9"," 0","  3.5","24"," 15.9","24"," 22.9"," 34.0","  60.8","*","  56.1"," "," 0.06","G","999.9","010000"
"03809099999","2023-10-19","50.086092","-5.255711","81.38","CULDROSE, UK","  59.1","24","  57.4","24","9999.9"," 0","999.9"," 0","  4.4","24"," 10.1","24"," 17.1"," 26.0","  62.8"," ","  53.6"," "," 0.59","G","999.9","110000"
"03809099999","2023-10-20","50.086092","-5.255711","81.38","CULDROSE, UK","  55.4","24","  54.6","24","9999.9"," 0","999.9"," 0","  3.0","24","  6.9","24"," 15.0","999.9","  63.1"," ","  50.4"," "," 0.03","G","999.9","110000"
"03809099999","2023-10-21","50.086092","-5.255711","81.38","CULDROSE, UK","  53.5","24","  50.2","24","9999.9"," 0","999.9"," 0","  5.9","24","  9.5","24"," 17.1"," 26.0","  55.9"," ","  50.9"," "," 0.38","G","999.9","010000"
"03809099999","2023-10-22","50.086092","-5.255711","81.38","CULDROSE, UK","  54.9","24","  50.0","24","9999.9"," 0","999.9"," 0","  6.9","24","  5.9","24","  9.9","999.9","  60.6"," ","  48.2","*"," 0.13","G","999.9","010000"
"03809099999","2023-10-23","50.086092","-5.255711","81.38","CULDROSE, UK","  54.9","24","  51.8","24","9999.9"," 0","999.9"," 0","  6.4","24","  6.7","24"," 11.1"," 18.1","  57.7"," ","  51.1"," "," 0.00","G","999.9","010000"
"03809099999","2023-10-24","50.086092","-5.255711","81.38","CULDROSE, UK","  54.2","24","  49.3","24","9999.9"," 0","999.9"," 0","  6.1","24","  7.7","24"," 12.0","999.9","  58.1"," ","  51.1"," "," 0.20","G","999.9","010000"
"03809099999","2023-10-25","50.086092","-5.255711","81.38","CULDROSE, UK","  52.0","24","  49.2","24","9999.9"," 0","999.9"," 0","  5.9","24","  6.4","24"," 17.1"," 27.0","  57.2","*","  45.1"," "," 0.38","G","999.9","010000"
"03809099999","2023-10-26","50.086092","-5.255711","81.38","CULDROSE, UK","  55.7","24","  52.3","24","9999.9"," 0","999.9"," 0","  6.1","24"," 10.4","24"," 17.1"," 34.0","  59.5"," ","  51.8","*"," 0.05","G","999.9","010000"
"03809099999","2023-10-27","50.086092","-5.255711","81.38","CULDROSE, UK","  54.8","24","  50.2","24","9999.9"," 0","999.9"," 0","  6.2","24"," 11.9","24"," 17.1"," 24.1","  59.0","*","  49.8"," "," 0.37","G","999.9","010000"
"03809099999","2023-10-28","50.086092","-5.255711","81.38","CULDROSE, UK","  54.3","24","  49.5","24","9999.9"," 0","999.9"," 0","  6.0","24"," 12.0","24"," 18.1"," 28.9","  57.9"," ","  50.0","*"," 0.17","G","999.9","010000"
"03809099999","2023-10-29","50.086092","-5.255711","81.38","CULDROSE, UK","  54.4","24","  47.7","24","9999.9"," 0","999.9"," 0","  6.2","24"," 15.0","24"," 24.1"," 36.9","  57.2"," ","  49.1"," "," 0.19","G","999.9","010000"
"03809099999","2023-10-30","50.086092","-5.255711","81.38","CULDROSE, UK","  55.5","24","  50.6","24","9999.9"," 0","999.9"," 0","  6.5","24"," 11.4","24"," 15.9"," 26.0","  59.4"," ","  51.6"," "," 0.30","G","999.9","010000"
"03809099999","2023-10-31","50.086092","-5.255711","81.38","CULDROSE, UK","  55.8","24","  53.2","24","9999.9"," 0","999.9"," 0","  5.4","24"," 12.7","24"," 20.0"," 31.1","  57.9","*","  51.8","*"," 0.04","G","999.9","010000"
"03809099999","2023-11-01","50.086092","-5.255711","81.38","CULDROSE, UK","  53.5","24","  48.4","24","9999.9"," 0","999.9"," 0","  4.9","24"," 16.9","24"," 22.9"," 38.1","  58.1"," ","  48.2","*"," 0.83","G","999.9","011000"
"03809099999","2023-11-02","50.086092","-5.255711","81.38","CULDROSE, UK","  49.7","24","  44.1","24","9999.9"," 0","999.9"," 0","  5.1","24"," 18.3","24"," 36.9"," 56.9","  56.5"," ","  45.5"," "," 1.25","G","999.9","010000"
"03809099999","2023-11-03","50.086092","-5.255711","81.38","CULDROSE, UK","  51.3","24","  45.3","24","9999.9"," 0","999.9"," 0","  6.4","24"," 11.8","24"," 22.9"," 32.1","  54.5"," ","  48.6"," "," 0.14","G","999.9","010000"
"03809099999","2023-11-04","50.086092","-5.255711","81.38","CULDROSE, UK","  51.4","24","  47.9","24","9999.9"," 0","999.9"," 0","  4.9","24"," 12.0","24"," 21.0"," 34.0","  55.4"," ","  48.2","*"," 0.42","G","999.9","010000"
"03809099999","2023-11-05","50.086092","-5.255711","81.38","CULDROSE, UK","  51.4","24","  45.5","24","9999.9"," 0","999.9"," 0","  6.6","24"," 14.9","24"," 22.0"," 38.1","  55.4","*","  48.2","*"," 0.53","G","999.9","010000"
"03809099999","2023-11-06","50.086092","-5.255711","81.38","CULDROSE, UK","  50.5","21","  45.2","21","9999.9"," 0","999.9"," 0","  6.4","21"," 10.6","21"," 22.9"," 35.9","  55.9"," ","  46.4","*"," 0.09","G","999.9","010000"
"03809099999","2023-11-07","50.086092","-5.255711","81.38","CULDROSE, UK","  50.8","24","  44.9","24","9999.9"," 0","999.9"," 0","  7.0","24"," 10.6","24"," 17.1"," 22.9","  55.2"," ","  46.8"," "," 0.10","G","999.9","010000"
"03809099999","2023-11-08","50.086092","-5.255711","81.38","CULDROSE, UK","  52.2","24","  46.8","24","9999.9"," 0","999.9"," 0","  5.1","24"," 13.7","24"," 22.9"," 35.0","  55.4"," ","  48.9"," "," 0.22","G","999.9","010000"
"03809099999","2023-11-09","50.086092","-5.255711","81.38","CULDROSE, UK","  50.0","24","  42.9","24","9999.9"," 0","999.9"," 0","  6.2","24"," 18.6","24"," 27.0"," 44.1","  52.7"," ","  46.0"," "," 0.09","G","999.9","010000"
"03809099999","2023-11-10","50.086092","-5.255711","81.38","CULDROSE, UK","  50.7","24","  44.0","24","9999.9"," 0","999.9"," 0","  6.2","24"," 17.3","24"," 28.9"," 42.9","  54.0"," ","  46.4","*"," 0.15","G","999.9","010000"
"03809099999","2023-11-11","50.086092","-5.255711","81.38","CULDROSE, UK","  47.8","24","  43.3","24","9999.9"," 0","999.9"," 0","  6.0","24","  6.7","24"," 17.1","999.9","  52.0"," ","  39.6"," "," 0.03","G","999.9","010000"
"03809099999","2023-11-12","50.086092","-5.255711","81.38","CULDROSE, UK","  53.8","24","  52.4","24","9999.9"," 0","999.9"," 0","  3.6","24"," 10.4","24"," 15.0","999.9","  57.6"," ","  47.3"," "," 0.51","G","999.9","010000"
"03809099999","2023-11-13","50.086092","-5.255711","81.38","CULDROSE, UK","  56.0","24","  52.6","24","9999.9"," 0","999.9"," 0","  4.2","24"," 18.9","24"," 26.0"," 40.0","  57.2"," ","  53.6","*"," 0.49","G","999.9","010000"
"03809099999","2023-11-14","50.086092","-5.255711","81.38","CULDROSE, UK","  54.1","24","  50.4","24","9999.9"," 0","999.9"," 0","  5.3","24"," 15.4","24"," 22.0"," 38.1","  55.9"," ","  50.9"," "," 0.00","G","999.9","010000"
"03809099999","2023-11-15","50.086092","-5.255711","81.38","CULDROSE, UK","  50.7","24","  45.7","24","9999.9"," 0","999.9"," 0","  6.2","24","  6.7","24"," 12.0","999.9","  53.8"," ","  46.4","*"," 0.16","G","999.9","010000"
"03809099999","2023-11-16","50.086092","-5.255711","81.38","CULDROSE, UK","  48.9","24","  44.7","24","9999.9"," 0","999.9"," 0","  5.6","24"," 13.1","24"," 22.9"," 29.9","  51.8"," ","  45.5"," "," 0.71","G","999.9","010000"
"03809099999","2023-11-17","50.086092","-5.255711","81.38","CULDROSE, UK","  50.1","24","  46.8","24","9999.9"," 0","999.9"," 0","  5.3","24","  7.8","24"," 18.1"," 26.0","  55.4","*","  45.3"," "," 0.09","G","999.9","010000"
"03809099999","2023-11-18","50.086092","-5.255711","81.38","CULDROSE, UK","  56.5","24","  55.6","24","9999.9"," 0","999.9"," 0","  2.0","24"," 14.1","24"," 19.0"," 28.0","  57.2","*","  49.6"," "," 0.49","G","999.9","110000"
"03809099999","2023-11-19","50.086092","-5.255711","81.38","CULDROSE, UK","  54.5","24","  49.6","24","9999.9"," 0","999.9"," 0","  5.8","24"," 18.0","24"," 21.0"," 32.1","  55.8"," ","  49.8","*"," 0.02","G","999.9","010000"
"03809099999","2023-11-20","50.086092","-5.255711","81.38","CULDROSE, UK","  52.5","24","  49.2","24","9999.9"," 0","999.9"," 0","  4.5","24"," 17.3","24"," 24.1"," 34.0","  55.4","*","  49.6"," "," 0.13","G","999.9","010000"
"03809099999","2023-11-21","50.086092","-5.255711","81.38","CULDROSE, UK","  49.7","24","  44.0","24","9999.9"," 0","999.9"," 0","  6.4","24"," 11.7","24"," 18.1"," 28.0","  52.9"," ","  43.3"," "," 0.20","G","999.9","010000"
"03809099999","2023-11-22","50.086092","-5.255711","81.38","CULDROSE, UK","  49.5","24","  46.6","24","9999.9"," 0","999.9"," 0","  6.3","24","  7.0","24"," 15.0","999.9","  53.6"," ","  42.6"," "," 0.00","G","999.9","010000"
"03809099999","2023-11-23","50.086092","-5.255711","81.38","CULDROSE, UK","  50.9","24","  49.0","24","9999.9"," 0","999.9"," 0","  5.9","24","  9.7","24"," 17.1","999.9","  52.3"," ","  50.0"," "," 0.01","G","999.9","010000"
"03809099999","2023-11-24","50.086092","-5.255711","81.38","CULDROSE, UK","  50.5","24","  46.3","24","9999.9"," 0","999.9"," 0","  6.4","24","  8.3","24"," 15.9"," 24.1","  53.6","*","  41.0","*"," 0.00","G","999.9","000000"
"03809099999","2023-11-25","50.086092","-5.255711","81.38","CULDROSE, UK","  45.4","24","  41.4","24","9999.9"," 0","999.9"," 0","  6.9","24","  4.3","24","  8.0","999.9","  50.0","*","  38.1"," "," 0.00","G","999.9","010000"
"03809099999","2023-11-26","50.086092","-5.255711","81.38","CULDROSE, UK","  51.0","24","  49.8","24","9999.9"," 0","999.9"," 0","  4.6","24","  6.8","24"," 12.0","999.9","  53.6","*","  46.4","*"," 0.05","G","999.9","010000"
"03809099999","2023-11-27","50.086092","-5.255711","81.38","CULDROSE, UK","  49.3","24","  46.7","24","9999.9"," 0","999.9"," 0","  5.4","24"," 10.9","24"," 20.0"," 28.9","  52.7"," ","  44.2","*"," 0.16","G","999.9","010000"
"03809099999","2023-11-28","50.086092","-5.255711","81.38","CULDROSE, UK","  43.3","24","  39.7","24","9999.9"," 0","999.9"," 0","  6.3","24","  3.5","24","  8.9","999.9","  51.3"," ","  34.5"," "," 0.24","G","999.9","010000"
"03809099999","2023-11-29","50.086092","-5.255711","81.38","CULDROSE, UK","  42.1","24","  39.3","24","9999.9"," 0","999.9"," 0","  6.4","24","  3.7","24","  9.9","999.9","  47.5"," ","  34.7"," "," 0.05","G","999.9","010000"
"03809099999","2023-11-30","50.086092","-5.255711","81.38","CULDROSE, UK","  38.1","24","  36.5","24","9999.9"," 0","999.9"," 0","  4.5","24"," 15.2","24"," 24.1"," 34.0","  44.6"," ","  32.0","*"," 0.43","G","999.9","010000"
"03809099999","2023-12-01","50.086092","-5.255711","81.38","CULDROSE, UK","  35.4","24","  28.8","24","9999.9"," 0","999.9"," 0","  7.0","24","  8.2","24"," 13.0","999.9","  41.0"," ","  28.4","*"," 1.06","G","999.9","010000"
"03809099999","2023-12-02","50.086092","-5.255711","81.38","CULDROSE, UK","  38.9","24","  33.0","24","9999.9"," 0","999.9"," 0","  6.9","24","  5.1","24","  9.9","999.9","  48.6"," ","  23.5"," "," 0.00","G","999.9","010000"
"03809099999","2023-12-03","50.086092","-5.255711","81.38","CULDROSE, UK","  49.5","24","  45.3","24","9999.9"," 0","999.9"," 0","  6.1","24","  8.9","24"," 14.0"," 21.0","  53.6","*","  44.6"," "," 0.18","G","999.9","010000"
"03809099999","2023-12-04","50.086092","-5.255711","81.38","CULDROSE, UK","  46.7","24","  42.9","24","9999.9"," 0","999.9"," 0","  5.6","24"," 16.3","24"," 28.0"," 42.9","  51.8","*","  44.1"," "," 0.61","G","999.9","010000"
"03809099999","2023-12-05","50.086092","-5.255711","81.38","CULDROSE, UK","  44.6","24","  38.7","24","9999.9"," 0","999.9"," 0","  6.9","24"," 11.1","24"," 18.1"," 27.0","  48.2","*","  39.2","*"," 0.07","G","999.9","010000"
"03809099999","2023-12-06","50.086092","-5.255711","81.38","CULDROSE, UK","  46.0","24","  42.3","24","9999.9"," 0","999.9"," 0","  4.9","24","  9.8","24"," 18.1"," 35.0","  51.8","*","  33.8","*"," 0.00","G","999.9","110000"
"03809099999","2023-12-07","50.086092","-5.255711","81.38","CULDROSE, UK","  53.2","24","  51.3","24","9999.9"," 0","999.9"," 0","  3.1","24"," 15.7","24"," 21.0"," 35.9","  55.4","*","  47.8"," "," 0.71","G","999.9","010000"
"03809099999","2023-12-08","50.086092","-5.255711","81.38","CULDROSE, UK","  51.5","24","  46.4","24","9999.9"," 0","999.9"," 0","  6.0","24"," 13.9","24"," 24.1"," 38.1","  53.6"," ","  46.9"," "," 0.35","G","999.9","010000"
"03809099999","2023-12-09","50.086092","-5.255711","81.38","CULDROSE, UK","  53.2","24","  49.5","24","9999.9"," 0","999.9"," 0","  4.1","24"," 15.8","24"," 21.0"," 33.0","  55.4","*","  46.9"," "," 0.83","G","999.9","010000"
"03809099999","2023-12-10","50.086092","-5.255711","81.38","CULDROSE, UK","  53.4","24","  50.1","24","9999.9"," 0","999.9"," 0","  4.7","24"," 17.7","24"," 25.1"," 39.0","  55.4"," ","  50.7"," "," 0.02","G","999.9","010000"
"03809099999","2023-12-11","50.086092","-5.255711","81.38","CULDROSE, UK","  53.1","24","  51.3","24","9999.9"," 0","999.9"," 0","  4.1","24"," 11.2","24"," 18.1"," 21.0","  55.4","*","  50.0","*"," 0.06","G","999.9","010000"
"03809099999","2023-12-12","50.086092","-5.255711","81.38","CULDROSE, UK","  51.4","24","  48.9","24"," 998.6"," 4","989.5"," 4","  5.1","24"," 12.4","24"," 22.9"," 34.0","  54.5"," ","  47.3","*"," 0.02","G","999.9","010000"
"03809099999","2023-12-13","50.086092","-5.255711","81.38","CULDROSE, UK","  47.6","24","  44.0","24","9999.9"," 0","999.9"," 0","  5.5","24"," 11.8","24"," 20.0"," 32.1","  50.2"," ","  42.8","*"," 0.32","G","999.9","010000"
"03809099999","2023-12-14","50.086092","-5.255711","81.38","CULDROSE, UK","  49.4","24","  45.7","24","9999.9"," 0","999.9"," 0","  5.2","24","  8.2","24"," 15.0","999.9","  52.9"," ","  43.2"," "," 0.13","G","999.9","110000"
"03809099999","2023-12-15","50.086092","-5.255711","81.38","CULDROSE, UK","  49.5","24","  44.9","24","9999.9"," 0","999.9"," 0","  4.2","24","  5.4","24","  8.9","999.9","  53.6","*","  42.4"," "," 0.02","G","999.9","110000"
"03809099999","2023-12-16","50.086092","-5.255711","81.38","CULDROSE, UK","  50.4","24","  49.3","24","9999.9"," 0","999.9"," 0","  5.2","24","  8.6","24"," 13.0","999.9","  51.8","*","  49.8"," "," 0.00","G","999.9","110000"
"03809099999","2023-12-17","50.086092","-5.255711","81.38","CULDROSE, UK","  51.3","24","  46.9","24","9999.9"," 0","999.9"," 0","  6.6","24"," 10.1","24"," 14.0"," 24.1","  52.5"," ","  50.0"," "," 0.01","G","999.9","000000"
"03809099999","2023-12-18","50.086092","-5.255711","81.38","CULDROSE, UK","  53.2","24","  50.7","24","9999.9"," 0","999.9"," 0","  6.3","24"," 11.9","24"," 15.9"," 21.0","  54.1"," ","  50.9"," "," 0.00","G","999.9","010000"
"03809099999","2023-12-19","50.086092","-5.255711","81.38","CULDROSE, UK","  50.7","24","  47.6","24","9999.9"," 0","999.9"," 0","  3.8","24"," 11.7","24"," 15.9","999.9","  54.1"," ","  46.4"," "," 0.06","G","999.9","110000"
"03809099999","2023-12-20","50.086092","-5.255711","81.38","CULDROSE, UK","  50.0","24","  46.0","24","9999.9"," 0","999.9"," 0","  6.3","24"," 11.1","24"," 15.9"," 28.0","  52.2"," ","  44.6","*"," 0.41","G","999.9","010000"
"03809099999","2023-12-21","50.086092","-5.255711","81.38","CULDROSE, UK","  52.4","24","  49.2","24","9999.9"," 0","999.9"," 0","  6.1","24"," 17.9","24"," 24.1"," 35.9","  54.3"," ","  51.6"," "," 0.01","G","999.9","000000"
"03809099999","2023-12-22","50.086092","-5.255711","81.38","CULDROSE, UK","  51.1","24","  45.6","24","9999.9"," 0","999.9"," 0","  6.3","24"," 14.4","24"," 22.0"," 33.0","  52.9"," ","  48.2","*"," 0.00","G","999.9","000000"
"03809099999","2023-12-23","50.086092","-5.255711","81.38","CULDROSE, UK","  50.7","24","  48.5","24","9999.9"," 0","999.9"," 0","  5.9","24"," 14.0","24"," 19.0"," 29.9","  53.6","*","  48.2","*"," 0.03","F","999.9","010000"
"03809099999","2023-12-24","50.086092","-5.255711","81.38","CULDROSE, UK","  53.5","24","  52.4","24","9999.9"," 0","999.9"," 0","  2.8","24"," 17.1","24"," 21.0"," 31.1","  53.6"," ","  51.4"," "," 0.05","F","999.9","010000"
"03809099999","2023-12-25","50.086092","-5.255711","81.38","CULDROSE, UK","  52.5","24","  52.1","24","9999.9"," 0","999.9"," 0","  1.8","24"," 15.0","24"," 20.0"," 29.9","  53.6","*","  48.2","*"," 0.20","F","999.9","010000"
"03809099999","2023-12-26","50.086092","-5.255711","81.38","CULDROSE, UK","  48.8","24","  45.4","24","9999.9"," 0","999.9"," 0","  6.0","24","  5.8","24"," 14.0","999.9","  53.6","*","  42.8","*"," 0.12","F","999.9","010000"
"03809099999","2023-12-27","50.086092","-5.255711","81.38","CULDROSE, UK","  53.1","24","  49.9","24","9999.9"," 0","999.9"," 0","  5.0","24"," 19.4","24"," 26.0"," 40.0","  55.4","*","  49.5"," "," 0.35","F","999.9","010000"
"03809099999","2023-12-28","50.086092","-5.255711","81.38","CULDROSE, UK","  52.6","24","  47.8","24","9999.9"," 0","999.9"," 0","  5.6","24"," 18.1","24"," 24.1"," 35.9","  54.0"," ","  49.3"," "," 0.04","F","999.9","010000"
"03809099999","2023-12-29","50.086092","-5.255711","81.38","CULDROSE, UK","  50.7","24","  46.5","24","9999.9"," 0","999.9"," 0","  6.2","24"," 13.2","24"," 18.1"," 28.9","  52.7"," ","  46.4","*"," 0.02","F","999.9","010000"
"03809099999","2023-12-30","50.086092","-5.255711","81.38","CULDROSE, UK","  50.3","24","  47.2","24","9999.9"," 0","999.9"," 0","  5.9","24"," 14.8","24"," 25.1"," 41.0","  54.3"," ","  44.6","*"," 0.35","F","999.9","010000"
"03809099999","2023-12-31","50.086092","-5.255711","81.38","CULDROSE, UK","  48.1","24","  41.7","24","9999.9"," 0","999.9"," 0","  6.1","24"," 20.0","24"," 27.0"," 42.0","  50.2"," ","  42.8","*"," 0.35","F","999.9","010000"
