"STATION","DATE","LATITUDE","LONGITUDE","ELEVATION","NAME","TEMP","TEMP_ATTRIBUTES","DEWP","DEWP_ATTRIBUTES","SLP","SLP_ATTRIBUTES","STP","STP_ATTRIBUTES","VISIB","VISIB_ATTRIBUTES","WDSP","WDSP_ATTRIBUTES","MXSPD","GUST","MAX","MAX_ATTRIBUTES","MIN","MIN_ATTRIBUTES","PRCP","PRCP_ATTRIBUTES","SNDP","FRSHTT"
"27607099999","2023-01-01","55.564686","52.092511","195.98","BEGISHEVO, RS","  23.8","24","  23.1","24","9999.9"," 0","999.9"," 0","  4.1","24","  8.7","24"," 21.4"," 33.0","  32.0","*","  17.6","*","99.99"," ","999.9","011000"
"27607099999","2023-01-02","55.564686","52.092511","195.98","BEGISHEVO, RS","  30.8","24","  28.5","24","9999.9"," 0","999.9"," 0","  4.3","24"," 13.8","24"," 21.4"," 29.1","  32.0","*","  28.4","*","99.99"," ","999.9","011000"
"27607099999","2023-01-03","55.564686","52.092511","195.98","BEGISHEVO, RS","  26.5","24","  20.1","24","9999.9"," 0","999.9"," 0","  6.2","24"," 10.6","24"," 17.5"," 31.1","  30.2","*","  17.6","*","99.99"," ","999.9","011000"
"27607099999","2023-01-04","55.564686","52.092511","195.98","BEGISHEVO, RS","   8.7","24","   5.8","24","9999.9"," 0","999.9"," 0","  5.0","24","  7.8","24"," 13.6","999.9","  17.6","*","  -0.4","*","99.99"," ","999.9","001000"
"27607099999","2023-01-05","55.564686","52.092511","195.98","BEGISHEVO, RS","   8.1","24","   5.1","24","9999.9"," 0","999.9"," 0","  4.3","24","  7.6","24"," 11.7","999.9","  17.6","*","  -9.4","*","99.99"," ","999.9","001000"
"27607099999","2023-01-06","55.564686","52.092511","195.98","BEGISHEVO, RS","  -4.8","24","  -9.0","24","9999.9"," 0","999.9"," 0","  4.5","24","  6.2","24"," 11.7","999.9","  17.6","*"," -22.0","*","99.99"," ","999.9","001000"
"27607099999","2023-01-07","55.564686","52.092511","195.98","BEGISHEVO, RS"," -18.4","24"," -23.4","24","9999.9"," 0","999.9"," 0","  4.2","24","  8.6","24"," 15.5","999.9","  -7.6","*"," -23.8","*","99.99"," ","999.9","001000"
"27607099999","2023-01-08","55.564686","52.092511","195.98","BEGISHEVO, RS"," -14.7","24"," -19.4","24","9999.9"," 0","999.9"," 0","  5.0","24","  6.4","24","  9.7","999.9","  -9.4","*"," -23.8","*","99.99"," ","999.9","001000"
"27607099999","2023-01-09","55.564686","52.092511","195.98","BEGISHEVO, RS"," -24.3","24"," -30.2","24","9999.9"," 0","999.9"," 0","  5.7","24","  4.0","24","  7.8","999.9"," -14.8","*"," -27.4","*","99.99"," ","999.9","001000"
"27607099999","2023-01-10","55.564686","52.092511","195.98","BEGISHEVO, RS"," -12.8","24"," -18.0","24","9999.9"," 0","999.9"," 0","  6.0","24","  5.0","24","  7.8","999.9","  -9.4","*"," -16.6","*","99.99"," ","999.9","001000"
"27607099999","2023-01-11","55.564686","52.092511","195.98","BEGISHEVO, RS"," -10.4","24"," -15.3","24","9999.9"," 0","999.9"," 0","  6.1","24"," 12.2","24"," 17.5","999.9","  -2.2","*"," -16.6","*","99.99"," ","999.9","001000"
"27607099999","2023-01-12","55.564686","52.092511","195.98","BEGISHEVO, RS","   5.3","24","  -3.9","24","9999.9"," 0","999.9"," 0","  6.2","24"," 19.7","24"," 23.3"," 31.1","  10.4","*","  -0.4","*","99.99"," ","999.9","001000"
"27607099999","2023-01-13","55.564686","52.092511","195.98","BEGISHEVO, RS","   7.9","24","  -3.5","24","9999.9"," 0","999.9"," 0","  6.2","24"," 17.7","24"," 23.3"," 27.2","  10.4","*","   5.0","*"," 0.00","I","999.9","000000"
"27607099999","2023-01-14","55.564686","52.092511","195.98","BEGISHEVO, RS","   7.5","24","  -0.6","24","9999.9"," 0","999.9"," 0","  6.1","24"," 16.6","24"," 21.4"," 31.1","  10.4","*","   5.0","*","99.99"," ","999.9","001000"
"27607099999","2023-01-15","55.564686","52.092511","195.98","BEGISHEVO, RS","  11.4","24","  -1.0","24","9999.9"," 0","999.9"," 0","  6.2","24"," 13.6","24"," 19.4","999.9","  14.0","*","   8.6","*"," 0.00","I","999.9","000000"
"27607099999","2023-01-16","55.564686","52.092511","195.98","BEGISHEVO, RS","  12.3","24","  -1.6","24","9999.9"," 0","999.9"," 0","  6.2","24"," 10.3","24"," 15.5","999.9","  15.8","*","   8.6","*"," 0.00","I","999.9","000000"
"27607099999","2023-01-17","55.564686","52.092511","195.98","BEGISHEVO, RS","  11.2","24","  -2.2","24","9999.9"," 0","999.9"," 0","  6.2","24","  8.1","24"," 13.6","999.9","  15.8","*","   6.8","*"," 0.00","I","999.9","000000"
"27607099999","2023-01-18","55.564686","52.092511","195.98","BEGISHEVO, RS","  12.2","24","   3.2","24","9999.9"," 0","999.9"," 0","  6.2","24","  7.5","24"," 11.7","999.9","  17.6","*","   5.0","*"," 0.00","I","999.9","000000"
"27607099999","2023-01-19","55.564686","52.092511","195.98","BEGISHEVO, RS","  15.3","24","   1.2","24","9999.9"," 0","999.9"," 0","  6.2","24"," 10.1","24"," 15.5","999.9","  21.2","*","   5.0","*"," 0.00","I","999.9","000000"
"27607099999","2023-01-20","55.564686","52.092511","195.98","BEGISHEVO, RS","  16.7","24","   4.3","24","9999.9"," 0","999.9"," 0","  6.2","24"," 12.0","24"," 15.5","999.9","  19.4","*","  14.0","*"," 0.00","I","999.9","000000"
"27607099999","2023-01-21","55.564686","52.092511","195.98","BEGISHEVO, RS","  16.3","24","   3.5","24","9999.9"," 0","999.9"," 0","  6.2","24"," 11.5","24"," 15.5"," 21.4","  19.4","*","  14.0","*"," 0.00","I","999.9","000000"
"27607099999","2023-01-22","55.564686","52.092511","195.98","BEGISHEVO, RS","  17.4","24","   6.1","24","9999.9"," 0","999.9"," 0","  6.2","24"," 11.7","24"," 15.5","999.9","  21.2","*","  14.0","*"," 0.00","I","999.9","000000"
"27607099999","2023-01-23","55.564686","52.092511","195.98","BEGISHEVO, RS","  14.5","24","  10.8","24","9999.9"," 0","999.9"," 0","  4.8","24","  5.8","24","  9.7","999.9","  17.6","*","  10.4","*","99.99"," ","999.9","101000"
"27607099999","2023-01-24","55.564686","52.092511","195.98","BEGISHEVO, RS","   8.4","24","   5.7","24","9999.9"," 0","999.9"," 0","  5.7","24","  7.0","24"," 15.5","999.9","  10.4","*","   5.0","*","99.99"," ","999.9","001000"
"27607099999","2023-01-25","55.564686","52.092511","195.98","BEGISHEVO, RS","  14.8","24","  12.8","24","9999.9"," 0","999.9"," 0","  4.9","24","  9.6","24"," 23.3","999.9","  23.0","*","   8.6","*","99.99"," ","999.9","101000"
"27607099999","2023-01-26","55.564686","52.092511","195.98","BEGISHEVO, RS","  23.2","24","  17.7","24","9999.9"," 0","999.9"," 0","  6.2","24"," 19.4","24"," 25.3","999.9","  26.6","*","  17.6","*","99.99"," ","999.9","011000"
"27607099999","2023-01-27","55.564686","52.092511","195.98","BEGISHEVO, RS","  21.9","24","  16.0","24","9999.9"," 0","999.9"," 0","  5.0","24"," 17.3","24"," 23.3","999.9","  26.6","*","  17.6","*","99.99"," ","999.9","011000"
"27607099999","2023-01-28","55.564686","52.092511","195.98","BEGISHEVO, RS","  22.8","24","  22.7","24","9999.9"," 0","999.9"," 0","  1.3","24","  6.4","24"," 13.6","999.9","  24.8","*","  19.4","*","99.99"," ","999.9","111000"
"27607099999","2023-01-29","55.564686","52.092511","195.98","BEGISHEVO, RS","  18.1","24","  17.4","24","9999.9"," 0","999.9"," 0","  3.3","24","  4.3","24","  7.8","999.9","  23.0","*","   8.6","*","99.99"," ","999.9","101000"
"27607099999","2023-01-30","55.564686","52.092511","195.98","BEGISHEVO, RS","  19.2","24","  17.2","24","9999.9"," 0","999.9"," 0","  3.1","24"," 12.1","24"," 17.5","999.9","  24.8","*","  10.4","*","99.99"," ","999.9","001000"
"27607099999","2023-01-31","55.564686","52.092511","195.98","BEGISHEVO, RS","  24.8","24","  22.2","24","9999.9"," 0","999.9"," 0","  4.3","24"," 15.0","24"," 19.4","999.9","  28.4","*","  21.2","*","99.99"," ","999.9","001000"
"27607099999","2023-02-01","55.564686","52.092511","195.98","BEGISHEVO, RS","  22.5","24","  10.5","24","9999.9"," 0","999.9"," 0","  6.1","24","  9.4","24"," 15.5","999.9","  26.6","*","  12.2","*","99.99"," ","999.9","001000"
"27607099999","2023-02-02","55.564686","52.092511","195.98","BEGISHEVO, RS","  18.6","24","  14.2","24","9999.9"," 0","999.9"," 0","  5.5","24","  5.9","24","  7.8","999.9","  21.2","*","  12.2","*","99.99"," ","999.9","001000"
"27607099999","2023-02-03","55.564686","52.092511","195.98","BEGISHEVO, RS","  22.3","24","  16.0","24","9999.9"," 0","999.9"," 0","  5.1","24","  5.4","24"," 11.7","999.9","  26.6","*","  19.4","*","99.99"," ","999.9","101000"
"27607099999","2023-02-04","55.564686","52.092511","195.98","BEGISHEVO, RS","  17.8","24","   9.9","24","9999.9"," 0","999.9"," 0","  6.2","24","  3.2","24","  5.8","999.9","  21.2","*","  12.2","*"," 0.00","I","999.9","000000"
"27607099999","2023-02-05","55.564686","52.092511","195.98","BEGISHEVO, RS","  14.2","24","   8.2","24","9999.9"," 0","999.9"," 0","  6.2","24","  2.0","24","  3.9","999.9","  17.6","*","  12.2","*","99.99"," ","999.9","001000"
"27607099999","2023-02-06","55.564686","52.092511","195.98","BEGISHEVO, RS","  11.7","24","   8.9","24","9999.9"," 0","999.9"," 0","  4.0","24","  2.9","24","  5.8","999.9","  15.8","*","   8.6","*","99.99"," ","999.9","001000"
"27607099999","2023-02-07","55.564686","52.092511","195.98","BEGISHEVO, RS","   7.5","24","   4.2","24","9999.9"," 0","999.9"," 0","  4.9","24","  4.3","24","  7.8","999.9","  14.0","*","   1.4","*","99.99"," ","999.9","001000"
"27607099999","2023-02-08","55.564686","52.092511","195.98","BEGISHEVO, RS","   8.4","24","   5.4","24","9999.9"," 0","999.9"," 0","  4.1","24","  9.3","24"," 15.5","999.9","  19.4","*","  -2.2","*","99.99"," ","999.9","001000"
"27607099999","2023-02-09","55.564686","52.092511","195.98","BEGISHEVO, RS","  21.8","24","  20.9","24","9999.9"," 0","999.9"," 0","  4.3","24","  8.3","24"," 15.5","999.9","  23.0","*","  19.4","*","99.99"," ","999.9","101000"
"27607099999","2023-02-10","55.564686","52.092511","195.98","BEGISHEVO, RS","  20.9","24","  20.7","24","9999.9"," 0","999.9"," 0","  5.0","24"," 13.1","24"," 21.4","999.9","  23.0","*","  15.8","*","99.99"," ","999.9","011000"
"27607099999","2023-02-11","55.564686","52.092511","195.98","BEGISHEVO, RS","  20.8","24","  18.1","24","9999.9"," 0","999.9"," 0","  5.6","24"," 13.6","24"," 19.4"," 23.3","  24.8","*","  15.8","*","99.99"," ","999.9","001000"
"27607099999","2023-02-12","55.564686","52.092511","195.98","BEGISHEVO, RS","  19.5","24","  14.8","24","9999.9"," 0","999.9"," 0","  6.2","24"," 11.7","24"," 15.5"," 21.4","  21.2","*","  17.6","*","99.99"," ","999.9","001000"
"27607099999","2023-02-13","55.564686","52.092511","195.98","BEGISHEVO, RS","  20.4","24","  16.8","24","9999.9"," 0","999.9"," 0","  5.4","24"," 11.2","24"," 17.5","999.9","  24.8","*","  15.8","*","99.99"," ","999.9","001000"
"27607099999","2023-02-14","55.564686","52.092511","195.98","BEGISHEVO, RS","  22.0","24","  17.1","24","9999.9"," 0","999.9"," 0","  5.9","24","  7.0","24"," 11.7","999.9","  26.6","*","   8.6","*","99.99"," ","999.9","001000"
"27607099999","2023-02-15","55.564686","52.092511","195.98","BEGISHEVO, RS","  11.3","24","   8.4","24","9999.9"," 0","999.9"," 0","  4.7","24","  7.0","24"," 11.7","999.9","  15.8","*","   6.8","*","99.99"," ","999.9","001000"
"27607099999","2023-02-16","55.564686","52.092511","195.98","BEGISHEVO, RS","  18.7","24","  16.2","24","9999.9"," 0","999.9"," 0","  6.1","24","  8.8","24"," 11.7","999.9","  23.0","*","  10.4","*","99.99"," ","999.9","001000"
"27607099999","2023-02-17","55.564686","52.092511","195.98","BEGISHEVO, RS","  14.8","24","  10.3","24","9999.9"," 0","999.9"," 0","  6.2","24","  8.4","24"," 13.6","999.9","  19.4","*","  10.4","*","99.99"," ","999.9","001000"
"27607099999","2023-02-18","55.564686","52.092511","195.98","BEGISHEVO, RS","   7.8","24","   4.0","24","9999.9"," 0","999.9"," 0","  5.6","24","  5.5","24","  9.7","999.9","  12.2","*","   3.2","*","99.99"," ","999.9","001000"
"27607099999","2023-02-19","55.564686","52.092511","195.98","BEGISHEVO, RS","  -0.1","24","  -4.3","24","9999.9"," 0","999.9"," 0","  6.1","24","  6.1","24","  9.7","999.9","   3.2","*","  -7.6","*","99.99"," ","999.9","001000"
"27607099999","2023-02-20","55.564686","52.092511","195.98","BEGISHEVO, RS","   0.0","24","  -4.3","24","9999.9"," 0","999.9"," 0","  4.7","24","  5.5","24","  9.7","999.9","   5.0","*","  -7.6","*","99.99"," ","999.9","001000"
"27607099999","2023-02-21","55.564686","52.092511","195.98","BEGISHEVO, RS","  12.9","24","   8.7","24","9999.9"," 0","999.9"," 0","  4.8","24","  3.4","24","  5.8","999.9","  19.4","*","   5.0","*","99.99"," ","999.9","001000"
"27607099999","2023-02-22","55.564686","52.092511","195.98","BEGISHEVO, RS","  16.2","24","  14.4","24","9999.9"," 0","999.9"," 0","  2.3","24","  9.8","24"," 15.5","999.9","  19.4","*","  10.4","*","99.99"," ","999.9","001000"
"27607099999","2023-02-23","55.564686","52.092511","195.98","BEGISHEVO, RS","  11.8","24","   7.3","24","9999.9"," 0","999.9"," 0","  4.7","24"," 13.9","24"," 17.5","999.9","  15.8","*","   1.4","*","99.99"," ","999.9","001000"
"27607099999","2023-02-24","55.564686","52.092511","195.98","BEGISHEVO, RS","   7.0","24","   2.5","24","9999.9"," 0","999.9"," 0","  4.6","24"," 13.2","24"," 17.5","999.9","  14.0","*","  -0.4","*","99.99"," ","999.9","001000"
"27607099999","2023-02-25","55.564686","52.092511","195.98","BEGISHEVO, RS","  19.7","24","  16.3","24","9999.9"," 0","999.9"," 0","  3.8","24"," 15.2","24"," 21.4","999.9","  28.4","*","  14.0","*","99.99"," ","999.9","001000"
"27607099999","2023-02-26","55.564686","52.092511","195.98","BEGISHEVO, RS","  31.3","24","  29.6","24","9999.9"," 0","999.9"," 0","  4.1","24"," 17.7","24"," 27.2"," 42.7","  33.8","*","  28.4","*","99.99"," ","999.9","011000"
"27607099999","2023-02-27","55.564686","52.092511","195.98","BEGISHEVO, RS","  30.9","24","  26.9","24","9999.9"," 0","999.9"," 0","  6.1","24"," 16.9","24"," 27.2"," 31.1","  35.6","*","  24.8","*","99.99"," ","999.9","001000"
"27607099999","2023-02-28","55.564686","52.092511","195.98","BEGISHEVO, RS","  25.2","24","  20.0","24","9999.9"," 0","999.9"," 0","  4.8","24"," 19.4","24"," 29.1"," 33.0","  26.6","*","  23.0","*","99.99"," ","999.9","001000"
"27607099999","2023-03-01","55.564686","52.092511","195.98","BEGISHEVO, RS","  21.5","24","  17.9","24","9999.9"," 0","999.9"," 0","  4.8","24"," 13.6","24"," 17.5"," 23.3","  24.8","*","  15.8","*","99.99"," ","999.9","001000"
"27607099999","2023-03-02","55.564686","52.092511","195.98","BEGISHEVO, RS","  16.3","23","  12.1","23","9999.9"," 0","999.9"," 0","  4.0","23"," 12.9","23"," 19.4","999.9","  23.0","*","   5.0","*","99.99"," ","999.9","001000"
"27607099999","2023-03-03","55.564686","52.092511","195.98","BEGISHEVO, RS","  22.7","18","  18.4","18","9999.9"," 0","999.9"," 0","  5.5","18"," 10.4","18"," 13.6","999.9","  26.6","*","  15.8","*","99.99"," ","999.9","001000"
"27607099999","2023-03-04","55.564686","52.092511","195.98","BEGISHEVO, RS","  29.1","24","  27.4","24","9999.9"," 0","999.9"," 0","  4.4","24","  9.1","24"," 15.5","999.9","  32.0","*","  24.8","*","99.99"," ","999.9","001000"
"27607099999","2023-03-05","55.564686","52.092511","195.98","BEGISHEVO, RS","  29.6","24","  27.9","24","9999.9"," 0","999.9"," 0","  4.5","24"," 10.8","24"," 25.3"," 29.1","  32.0","*","  24.8","*","99.99"," ","999.9","001000"
"27607099999","2023-03-06","55.564686","52.092511","195.98","BEGISHEVO, RS","  26.4","24","  22.4","24","9999.9"," 0","999.9"," 0","  5.6","24"," 11.9","24"," 19.4","999.9","  28.4","*","  23.0","*","99.99"," ","999.9","001000"
"27607099999","2023-03-07","55.564686","52.092511","195.98","BEGISHEVO, RS","  22.8","24","  19.9","24","9999.9"," 0","999.9"," 0","  6.1","24"," 11.8","24"," 17.5","999.9","  26.6","*","  15.8","*","99.99"," ","999.9","001000"
"27607099999","2023-03-08","55.564686","52.092511","195.98","BEGISHEVO, RS","  25.3","24","  21.3","24","9999.9"," 0","999.9"," 0","  5.5","24","  9.3","24"," 15.5","999.9","  32.0","*","  15.8","*","99.99"," ","999.9","001000"
"27607099999","2023-03-09","55.564686","52.092511","195.98","BEGISHEVO, RS","  33.8","24","  33.8","24","9999.9"," 0","999.9"," 0","  5.1","24"," 16.8","24"," 23.3"," 31.1","  37.4","*","  32.0","*","99.99"," ","999.9","011000"
"27607099999","2023-03-10","55.564686","52.092511","195.98","BEGISHEVO, RS","  36.3","24","  34.5","24","9999.9"," 0","999.9"," 0","  5.0","24"," 17.8","24"," 25.3"," 38.9","  41.0","*","  28.4","*","99.99"," ","999.9","011000"
"27607099999","2023-03-11","55.564686","52.092511","195.98","BEGISHEVO, RS","  26.4","24","  13.8","24","9999.9"," 0","999.9"," 0","  6.1","24","  6.7","24"," 13.6","999.9","  28.4","*","  23.0","*","99.99"," ","999.9","001000"
"27607099999","2023-03-12","55.564686","52.092511","195.98","BEGISHEVO, RS","  34.5","24","  25.8","24","9999.9"," 0","999.9"," 0","  6.2","24"," 12.5","24"," 25.3"," 33.0","  41.0","*","  24.8","*"," 0.00","I","999.9","000000"
"27607099999","2023-03-13","55.564686","52.092511","195.98","BEGISHEVO, RS","  33.1","24","  29.1","24","9999.9"," 0","999.9"," 0","  5.3","24"," 14.3","24"," 23.3"," 36.9","  42.8","*","  19.4","*","99.99"," ","999.9","011000"
"27607099999","2023-03-14","55.564686","52.092511","195.98","BEGISHEVO, RS","  27.2","24","  19.0","24","9999.9"," 0","999.9"," 0","  6.2","24"," 12.5","24"," 21.4","999.9","  32.0","*","  19.4","*"," 0.00","I","999.9","000000"
"27607099999","2023-03-15","55.564686","52.092511","195.98","BEGISHEVO, RS","  34.4","24","  24.7","24","9999.9"," 0","999.9"," 0","  6.2","24"," 16.0","24"," 21.4"," 29.1","  39.2","*","  30.2","*"," 0.00","I","999.9","000000"
"27607099999","2023-03-16","55.564686","52.092511","195.98","BEGISHEVO, RS","  37.2","24","  23.8","24","9999.9"," 0","999.9"," 0","  6.2","24"," 11.3","24"," 17.5","999.9","  42.8","*","  32.0","*"," 0.00","I","999.9","000000"
"27607099999","2023-03-17","55.564686","52.092511","195.98","BEGISHEVO, RS","  40.7","24","  28.7","24","9999.9"," 0","999.9"," 0","  6.1","24"," 11.3","24"," 19.4","999.9","  46.4","*","  32.0","*","99.99"," ","999.9","011000"
"27607099999","2023-03-18","55.564686","52.092511","195.98","BEGISHEVO, RS","  29.7","24","  23.4","24","9999.9"," 0","999.9"," 0","  5.3","24"," 13.2","24"," 19.4","999.9","  32.0","*","  21.2","*","99.99"," ","999.9","001000"
"27607099999","2023-03-19","55.564686","52.092511","195.98","BEGISHEVO, RS","  28.7","24","  20.9","24","9999.9"," 0","999.9"," 0","  6.2","24","  8.2","24"," 11.7","999.9","  33.8","*","  19.4","*"," 0.00","I","999.9","000000"
"27607099999","2023-03-20","55.564686","52.092511","195.98","BEGISHEVO, RS","  31.5","24","  31.3","24","9999.9"," 0","999.9"," 0","  4.5","24"," 10.4","24"," 15.5","999.9","  33.8","*","  30.2","*","99.99"," ","999.9","111000"
"27607099999","2023-03-21","55.564686","52.092511","195.98","BEGISHEVO, RS","  38.3","24","  34.1","24","9999.9"," 0","999.9"," 0","  5.0","24"," 14.1","24"," 17.5","999.9","  46.4","*","  32.0","*"," 0.00","I","999.9","000000"
"27607099999","2023-03-22","55.564686","52.092511","195.98","BEGISHEVO, RS","  37.0","24","  32.2","24","9999.9"," 0","999.9"," 0","  6.2","24"," 12.9","24"," 23.3","999.9","  44.6","*","  30.2","*"," 0.00","I","999.9","000000"
"27607099999","2023-03-23","55.564686","52.092511","195.98","BEGISHEVO, RS","  37.6","24","  31.4","24","9999.9"," 0","999.9"," 0","  6.1","24"," 11.9","24"," 17.5","999.9","  44.6","*","  30.2","*"," 0.00","I","999.9","000000"
"27607099999","2023-03-24","55.564686","52.092511","195.98","BEGISHEVO, RS","  45.2","24","  36.6","24","9999.9"," 0","999.9"," 0","  6.2","24"," 13.4","24"," 21.4"," 29.1","  51.8","*","  39.2","*","99.99"," ","999.9","010000"
"27607099999","2023-03-25","55.564686","52.092511","195.98","BEGISHEVO, RS","  43.4","24","  39.5","24","9999.9"," 0","999.9"," 0","  6.0","24"," 12.5","24"," 17.5","999.9","  46.4","*","  41.0","*","99.99"," ","999.9","010000"
"27607099999","2023-03-26","55.564686","52.092511","195.98","BEGISHEVO, RS","  50.8","24","  44.2","24","9999.9"," 0","999.9"," 0","  6.2","24"," 12.0","24"," 17.5","999.9","  57.2","*","  44.6","*","99.99"," ","999.9","010000"
"27607099999","2023-03-27","55.564686","52.092511","195.98","BEGISHEVO, RS","  50.3","24","  38.8","24","9999.9"," 0","999.9"," 0","  6.1","24","  9.5","24"," 17.5"," 23.3","  57.2","*","  44.6","*","99.99"," ","999.9","010000"
"27607099999","2023-03-28","55.564686","52.092511","195.98","BEGISHEVO, RS","  41.7","24","  36.1","24","9999.9"," 0","999.9"," 0","  6.0","24","  8.3","24"," 11.7","999.9","  50.0","*","  30.2","*","99.99"," ","999.9","010000"
"27607099999","2023-03-29","55.564686","52.092511","195.98","BEGISHEVO, RS","  35.6","24","  26.4","24","9999.9"," 0","999.9"," 0","  6.2","24"," 13.4","24"," 17.5","999.9","  44.6","*","  30.2","*"," 0.00","I","999.9","000000"
"27607099999","2023-03-30","55.564686","52.092511","195.98","BEGISHEVO, RS","  40.5","24","  21.3","24","9999.9"," 0","999.9"," 0","  6.2","24"," 11.6","24"," 19.4","999.9","  50.0","*","  28.4","*"," 0.00","I","999.9","000000"
"27607099999","2023-03-31","55.564686","52.092511","195.98","BEGISHEVO, RS","  41.9","24","  30.5","24","9999.9"," 0","999.9"," 0","  6.2","24","  9.2","24"," 15.5"," 19.4","  46.4","*","  37.4","*","99.99"," ","999.9","010000"
"27607099999","2023-04-01","55.564686","52.092511","195.98","BEGISHEVO, RS","  42.4","24","  30.7","24","9999.9"," 0","999.9"," 0","  6.2","24"," 11.6","24"," 19.4"," 29.1","  50.0","*","  37.4","*"," 0.00","I","999.9","000000"
"27607099999","2023-04-02","55.564686","52.092511","195.98","BEGISHEVO, RS","  45.8","24","  33.3","24","9999.9"," 0","999.9"," 0","  6.2","24","  6.7","24","  9.7","999.9","  53.6","*","  37.4","*","99.99"," ","999.9","010000"
"27607099999","2023-04-03","55.564686","52.092511","195.98","BEGISHEVO, RS","  52.3","24","  22.8","24","9999.9"," 0","999.9"," 0","  6.2","24","  6.9","24","  9.7","999.9","  62.6","*","  42.8","*"," 0.00","I","999.9","000000"
"27607099999","2023-04-04","55.564686","52.092511","195.98","BEGISHEVO, RS","  53.7","24","  29.2","24","9999.9"," 0","999.9"," 0","  6.2","24","  5.3","24","  9.7","999.9","  64.4","*","  39.2","*"," 0.00","I","999.9","000000"
"27607099999","2023-04-05","55.564686","52.092511","195.98","BEGISHEVO, RS","  52.8","24","  30.5","24","9999.9"," 0","999.9"," 0","  6.2","24","  5.2","24","  9.7","999.9","  64.4","*","  41.0","*"," 0.00","I","999.9","000000"
"27607099999","2023-04-06","55.564686","52.092511","195.98","BEGISHEVO, RS","  44.5","24","  28.9","24","9999.9"," 0","999.9"," 0","  6.2","24"," 11.3","24"," 15.5","999.9","  55.4","*","  32.0","*"," 0.00","I","999.9","000000"
"27607099999","2023-04-07","55.564686","52.092511","195.98","BEGISHEVO, RS","  35.8","24","  17.2","24","9999.9"," 0","999.9"," 0","  6.2","24"," 13.7","24"," 19.4"," 29.1","  44.6","*","  26.6","*"," 0.00","I","999.9","000000"
"27607099999","2023-04-08","55.564686","52.092511","195.98","BEGISHEVO, RS","  38.6","24","  10.1","24","9999.9"," 0","999.9"," 0","  6.2","24","  5.7","24","  9.7","999.9","  48.2","*","  24.8","*"," 0.00","I","999.9","000000"
"27607099999","2023-04-09","55.564686","52.092511","195.98","BEGISHEVO, RS","  45.5","24","   9.6","24","9999.9"," 0","999.9"," 0","  6.2","24","  3.7","24","  7.8","999.9","  55.4","*","  32.0","*"," 0.00","I","999.9","000000"
"27607099999","2023-04-10","55.564686","52.092511","195.98","BEGISHEVO, RS","  44.5","24","  16.2","24","9999.9"," 0","999.9"," 0","  6.2","24","  8.8","24"," 13.6"," 23.3","  57.2","*","  32.0","*"," 0.00","I","999.9","000000"
"27607099999","2023-04-11","55.564686","52.092511","195.98","BEGISHEVO, RS","  41.7","23","  19.9","23","9999.9"," 0","999.9"," 0","  6.2","23","  4.7","23","  7.8","999.9","  53.6","*","  28.4","*"," 0.00","I","999.9","000000"
"27607099999","2023-04-12","55.564686","52.092511","195.98","BEGISHEVO, RS","  49.7","24","  23.0","24","9999.9"," 0","999.9"," 0","  6.2","24","  8.1","24"," 11.7"," 17.5","  62.6","*","  28.4","*"," 0.00","I","999.9","000000"
"27607099999","2023-04-13","55.564686","52.092511","195.98","BEGISHEVO, RS","  48.9","24","  26.6","24","9999.9"," 0","999.9"," 0","  6.2","24"," 12.5","24"," 27.2"," 33.0","  62.6","*","  32.0","*"," 0.00","I","999.9","000000"
"27607099999","2023-04-14","55.564686","52.092511","195.98","BEGISHEVO, RS","  30.7","24","   7.0","24","9999.9"," 0","999.9"," 0","  6.2","24"," 24.4","24"," 29.1"," 38.9","  39.2","*","  24.8","*"," 0.00","I","999.9","000000"
"27607099999","2023-04-15","55.564686","52.092511","195.98","BEGISHEVO, RS","  33.5","24","   4.2","24","9999.9"," 0","999.9"," 0","  6.2","24"," 11.7","24"," 19.4"," 25.3","  42.8","*","  23.0","*"," 0.00","I","999.9","000000"
"27607099999","2023-04-16","55.564686","52.092511","195.98","BEGISHEVO, RS","  37.0","24","  15.6","24","9999.9"," 0","999.9"," 0","  6.2","24","  9.5","24"," 15.5"," 23.3","  42.8","*","  30.2","*"," 0.00","I","999.9","000000"
"27607099999","2023-04-17","55.564686","52.092511","195.98","BEGISHEVO, RS","  44.8","24","  20.8","24","9999.9"," 0","999.9"," 0","  6.2","24","  9.0","24"," 13.6"," 21.4","  57.2","*","  28.4","*"," 0.00","I","999.9","000000"
"27607099999","2023-04-18","55.564686","52.092511","195.98","BEGISHEVO, RS","  53.2","24","  20.1","24","9999.9"," 0","999.9"," 0","  6.2","24","  9.1","24"," 15.5"," 23.3","  62.6","*","  37.4","*"," 0.00","I","999.9","000000"
"27607099999","2023-04-19","55.564686","52.092511","195.98","BEGISHEVO, RS","  51.2","24","  30.2","24","9999.9"," 0","999.9"," 0","  6.2","24","  7.0","24"," 15.5","999.9","  60.8","*","  41.0","*"," 0.00","I","999.9","000000"
"27607099999","2023-04-20","55.564686","52.092511","195.98","BEGISHEVO, RS","  50.5","24","  34.0","24","9999.9"," 0","999.9"," 0","  6.2","24","  6.2","24","  9.7","999.9","  59.0","*","  39.2","*"," 0.00","I","999.9","000000"
"27607099999","2023-04-21","55.564686","52.092511","195.98","BEGISHEVO, RS","  53.1","24","  32.8","24","9999.9"," 0","999.9"," 0","  6.2","24","  4.5","24","  9.7","999.9","  59.0","*","  42.8","*","99.99"," ","999.9","010000"
"27607099999","2023-04-22","55.564686","52.092511","195.98","BEGISHEVO, RS","  46.6","24","  42.0","24","9999.9"," 0","999.9"," 0","  5.8","24","  6.3","24"," 13.6","999.9","  51.8","*","  39.2","*","99.99"," ","999.9","110000"
"27607099999","2023-04-23","55.564686","52.092511","195.98","BEGISHEVO, RS","  52.9","24","  30.4","24","9999.9"," 0","999.9"," 0","  6.1","24","  8.0","24"," 13.6"," 21.4","  64.4","*","  37.4","*"," 0.00","I","999.9","000000"
"27607099999","2023-04-24","55.564686","52.092511","195.98","BEGISHEVO, RS","  59.7","24","  27.6","24","9999.9"," 0","999.9"," 0","  6.2","24","  9.3","24"," 15.5"," 25.3","  69.8","*","  44.6","*"," 0.00","I","999.9","000000"
"27607099999","2023-04-25","55.564686","52.092511","195.98","BEGISHEVO, RS","  60.6","24","  36.7","24","9999.9"," 0","999.9"," 0","  6.2","24","  7.6","24"," 11.7"," 19.4","  69.8","*","  48.2","*","99.99"," ","999.9","010000"
"27607099999","2023-04-26","55.564686","52.092511","195.98","BEGISHEVO, RS","  59.8","24","  43.0","24","9999.9"," 0","999.9"," 0","  6.2","24"," 13.5","24"," 23.3"," 33.0","  69.8","*","  51.8","*","99.99"," ","999.9","010000"
"27607099999","2023-04-27","55.564686","52.092511","195.98","BEGISHEVO, RS","  59.3","24","  41.2","24","9999.9"," 0","999.9"," 0","  6.2","24"," 13.0","24"," 21.4"," 33.0","  71.6","*","  46.4","*"," 0.00","I","999.9","000000"
"27607099999","2023-04-28","55.564686","52.092511","195.98","BEGISHEVO, RS","  56.7","24","  43.6","24","9999.9"," 0","999.9"," 0","  6.2","24","  9.1","24"," 15.5"," 21.4","  69.8","*","  42.8","*"," 0.00","I","999.9","000000"
"27607099999","2023-04-29","55.564686","52.092511","195.98","BEGISHEVO, RS","  60.7","24","  42.3","24","9999.9"," 0","999.9"," 0","  6.2","24","  6.6","24","  9.7"," 15.5","  73.4","*","  39.2","*"," 0.00","I","999.9","000000"
"27607099999","2023-04-30","55.564686","52.092511","195.98","BEGISHEVO, RS","  66.8","24","  43.0","24","9999.9"," 0","999.9"," 0","  6.2","24"," 10.4","24"," 19.4","999.9","  80.6","*","  53.6","*"," 0.00","I","999.9","000000"
"27607099999","2023-05-01","55.564686","52.092511","195.98","BEGISHEVO, RS","  72.4","24","  42.0","24","9999.9"," 0","999.9"," 0","  6.2","24"," 10.8","24"," 15.5"," 27.2","  84.2","*","  55.4","*","99.99"," ","999.9","010000"
"27607099999","2023-05-02","55.564686","52.092511","195.98","BEGISHEVO, RS","  63.8","24","  50.8","24","9999.9"," 0","999.9"," 0","  6.2","24","  7.0","24"," 13.6","999.9","  71.6","*","  50.0","*"," 0.00","I","999.9","000000"
"27607099999","2023-05-03","55.564686","52.092511","195.98","BEGISHEVO, RS","  59.3","24","  47.6","24","9999.9"," 0","999.9"," 0","  6.2","24","  7.0","24"," 17.5","999.9","  66.2","*","  50.0","*","99.99"," ","999.9","010000"
"27607099999","2023-05-04","55.564686","52.092511","195.98","BEGISHEVO, RS","  58.9","24","  47.3","24","9999.9"," 0","999.9"," 0","  6.1","24","  5.9","24"," 13.6"," 25.3","  66.2","*","  50.0","*","99.99"," ","999.9","010000"
"27607099999","2023-05-05","55.564686","52.092511","195.98","BEGISHEVO, RS","  59.5","24","  39.0","24","9999.9"," 0","999.9"," 0","  6.2","24","  9.6","24"," 17.5","999.9","  68.0","*","  50.0","*","99.99"," ","999.9","010000"
"27607099999","2023-05-06","55.564686","52.092511","195.98","BEGISHEVO, RS","  50.1","24","  35.2","24","9999.9"," 0","999.9"," 0","  6.2","24","  9.2","24"," 21.4","999.9","  68.0","*","  37.4","*","99.99"," ","999.9","010000"
"27607099999","2023-05-07","55.564686","52.092511","195.98","BEGISHEVO, RS","  39.7","24","  24.2","24","9999.9"," 0","999.9"," 0","  6.2","24","  9.1","24"," 17.5"," 27.2","  46.4","*","  30.2","*"," 0.00","I","999.9","000000"
"27607099999","2023-05-08","55.564686","52.092511","195.98","BEGISHEVO, RS","  39.5","24","  21.9","24","9999.9"," 0","999.9"," 0","  6.2","24","  6.5","24"," 13.6","999.9","  46.4","*","  30.2","*"," 0.00","I","999.9","000000"
"27607099999","2023-05-09","55.564686","52.092511","195.98","BEGISHEVO, RS","  45.5","24","  22.3","24","9999.9"," 0","999.9"," 0","  6.2","24","  4.5","24","  7.8","999.9","  53.6","*","  33.8","*"," 0.00","I","999.9","000000"
"27607099999","2023-05-10","55.564686","52.092511","195.98","BEGISHEVO, RS","  51.4","24","  21.1","24","9999.9"," 0","999.9"," 0","  6.2","24","  5.5","24"," 13.6"," 21.4","  60.8","*","  35.6","*"," 0.00","I","999.9","000000"
"27607099999","2023-05-11","55.564686","52.092511","195.98","BEGISHEVO, RS","  56.8","24","  28.8","24","9999.9"," 0","999.9"," 0","  6.2","24","  7.8","24"," 13.6"," 17.5","  66.2","*","  46.4","*"," 0.00","I","999.9","000000"
"27607099999","2023-05-12","55.564686","52.092511","195.98","BEGISHEVO, RS","  52.1","24","  37.2","24","9999.9"," 0","999.9"," 0","  6.2","24","  9.5","24"," 15.5"," 21.4","  60.8","*","  41.0","*"," 0.00","I","999.9","000000"
"27607099999","2023-05-13","55.564686","52.092511","195.98","BEGISHEVO, RS","  56.4","24","  38.9","24","9999.9"," 0","999.9"," 0","  6.2","24","  6.5","24","  9.7","999.9","  68.0","*","  41.0","*","99.99"," ","999.9","010000"
"27607099999","2023-05-14","55.564686","52.092511","195.98","BEGISHEVO, RS","  52.1","24","  44.4","24","9999.9"," 0","999.9"," 0","  6.2","24","  8.2","24"," 13.6","999.9","  55.4","*","  46.4","*","99.99"," ","999.9","010000"
"27607099999","2023-05-15","55.564686","52.092511","195.98","BEGISHEVO, RS","  54.4","24","  45.7","24","9999.9"," 0","999.9"," 0","  6.2","24","  6.4","24"," 11.7","999.9","  62.6","*","  44.6","*","99.99"," ","999.9","010000"
"27607099999","2023-05-16","55.564686","52.092511","195.98","BEGISHEVO, RS","  61.1","24","  41.2","24","9999.9"," 0","999.9"," 0","  6.2","24","  6.2","24"," 11.7","999.9","  69.8","*","  46.4","*"," 0.00","I","999.9","000000"
"27607099999","2023-05-17","55.564686","52.092511","195.98","BEGISHEVO, RS","  65.5","24","  38.2","24","9999.9"," 0","999.9"," 0","  6.2","24","  8.2","24"," 15.5"," 25.3","  77.0","*","  50.0","*"," 0.00","I","999.9","000000"
"27607099999","2023-05-18","55.564686","52.092511","195.98","BEGISHEVO, RS","  61.7","23","  32.4","23","9999.9"," 0","999.9"," 0","  6.2","23","  8.8","23"," 15.5"," 23.3","  71.6","*","  48.2","*"," 0.00","I","999.9","000000"
"27607099999","2023-05-19","55.564686","52.092511","195.98","BEGISHEVO, RS","  53.5","24","  36.4","24","9999.9"," 0","999.9"," 0","  6.2","24","  5.8","24"," 13.6"," 21.4","  57.2","*","  46.4","*"," 0.00","I","999.9","000000"
"27607099999","2023-05-20","55.564686","52.092511","195.98","BEGISHEVO, RS","  60.1","24","  44.2","24","9999.9"," 0","999.9"," 0","  6.2","24","  6.5","24"," 11.7","999.9","  68.0","*","  46.4","*"," 0.00","I","999.9","000000"
"27607099999","2023-05-21","55.564686","52.092511","195.98","BEGISHEVO, RS","  68.3","24","  32.2","24","9999.9"," 0","999.9"," 0","  6.2","24","  5.3","24","  9.7"," 15.5","  77.0","*","  53.6","*"," 0.00","I","999.9","000000"
"27607099999","2023-05-22","55.564686","52.092511","195.98","BEGISHEVO, RS","  70.7","24","  31.0","24","9999.9"," 0","999.9"," 0","  6.2","24","  4.6","24","  9.7"," 15.5","  80.6","*","  55.4","*"," 0.00","I","999.9","000000"
"27607099999","2023-05-23","55.564686","52.092511","195.98","BEGISHEVO, RS","  73.6","24","  34.2","24","9999.9"," 0","999.9"," 0","  6.2","24","  5.6","24","  9.7","999.9","  82.4","*","  59.0","*"," 0.00","I","999.9","000000"
"27607099999","2023-05-24","55.564686","52.092511","195.98","BEGISHEVO, RS","  75.9","24","  38.8","24","9999.9"," 0","999.9"," 0","  6.2","24","  7.0","24"," 13.6"," 23.3","  84.2","*","  62.6","*"," 0.00","I","999.9","000000"
"27607099999","2023-05-25","55.564686","52.092511","195.98","BEGISHEVO, RS","  77.3","24","  40.6","24","9999.9"," 0","999.9"," 0","  6.2","24","  7.7","24"," 13.6"," 23.3","  86.0","*","  59.0","*"," 0.00","I","999.9","000000"
"27607099999","2023-05-26","55.564686","52.092511","195.98","BEGISHEVO, RS","  76.6","24","  42.3","24","9999.9"," 0","999.9"," 0","  6.2","24","  8.9","24"," 13.6","999.9","  84.2","*","  69.8","*","99.99"," ","999.9","010000"
"27607099999","2023-05-27","55.564686","52.092511","195.98","BEGISHEVO, RS","  73.7","24","  48.1","24","9999.9"," 0","999.9"," 0","  6.2","24","  7.9","24"," 13.6"," 19.4","  82.4","*","  66.2","*","99.99"," ","999.9","010000"
"27607099999","2023-05-28","55.564686","52.092511","195.98","BEGISHEVO, RS","  76.9","24","  44.8","24","9999.9"," 0","999.9"," 0","  6.2","24"," 10.4","24"," 17.5"," 29.1","  86.0","*","  62.6","*"," 0.00","I","999.9","000000"
"27607099999","2023-05-29","55.564686","52.092511","195.98","BEGISHEVO, RS","  64.3","24","  48.3","24","9999.9"," 0","999.9"," 0","  6.2","24"," 10.9","24"," 19.4"," 29.1","  73.4","*","  53.6","*"," 0.00","I","999.9","000000"
"27607099999","2023-05-30","55.564686","52.092511","195.98","BEGISHEVO, RS","  64.8","24","  49.5","24","9999.9"," 0","999.9"," 0","  6.2","24","  9.5","24"," 17.5","999.9","  73.4","*","  53.6","*"," 0.00","I","999.9","000000"
"27607099999","2023-05-31","55.564686","52.092511","195.98","BEGISHEVO, RS","  73.0","24","  54.0","24","9999.9"," 0","999.9"," 0","  6.2","24"," 11.7","24"," 25.3"," 36.9","  87.8","*","  59.0","*","99.99"," ","999.9","010000"
"27607099999","2023-06-01","55.564686","52.092511","195.98","BEGISHEVO, RS","  65.2","24","  51.0","24","9999.9"," 0","999.9"," 0","  6.2","24"," 10.0","24"," 17.5","999.9","  73.4","*","  57.2","*"," 0.00","I","999.9","000000"
"27607099999","2023-06-02","55.564686","52.092511","195.98","BEGISHEVO, RS","  66.6","24","  56.2","24","9999.9"," 0","999.9"," 0","  6.2","24","  9.8","24"," 13.6","999.9","  77.0","*","  55.4","*","99.99"," ","999.9","010010"
"27607099999","2023-06-03","55.564686","52.092511","195.98","BEGISHEVO, RS","  68.5","24","  55.4","24","9999.9"," 0","999.9"," 0","  6.1","24","  7.4","24"," 13.6","999.9","  77.0","*","  57.2","*","99.99"," ","999.9","010010"
"27607099999","2023-06-04","55.564686","52.092511","195.98","BEGISHEVO, RS","  64.5","24","  49.6","24","9999.9"," 0","999.9"," 0","  6.2","24"," 10.0","24"," 23.3","999.9","  82.4","*","  44.6","*"," 0.00","I","999.9","000000"
"27607099999","2023-06-05","55.564686","52.092511","195.98","BEGISHEVO, RS","  57.6","24","  38.8","24","9999.9"," 0","999.9"," 0","  6.2","24","  4.4","24","  9.7","999.9","  66.2","*","  44.6","*"," 0.00","I","999.9","000000"
"27607099999","2023-06-06","55.564686","52.092511","195.98","BEGISHEVO, RS","  57.6","24","  42.8","24","9999.9"," 0","999.9"," 0","  6.2","24","  5.4","24","  7.8","999.9","  64.4","*","  51.8","*"," 0.00","I","999.9","000000"
"27607099999","2023-06-07","55.564686","52.092511","195.98","BEGISHEVO, RS","  60.7","24","  43.8","24","9999.9"," 0","999.9"," 0","  6.2","24","  7.2","24"," 13.6","999.9","  68.0","*","  50.0","*"," 0.00","I","999.9","000000"
"27607099999","2023-06-08","55.564686","52.092511","195.98","BEGISHEVO, RS","  57.3","24","  43.5","24","9999.9"," 0","999.9"," 0","  6.2","24"," 10.0","24"," 17.5"," 25.3","  68.0","*","  48.2","*"," 0.00","I","999.9","000000"
"27607099999","2023-06-09","55.564686","52.092511","195.98","BEGISHEVO, RS","  60.6","24","  43.3","24","9999.9"," 0","999.9"," 0","  6.2","24","  5.5","24","  9.7","999.9","  69.8","*","  50.0","*"," 0.00","I","999.9","000000"
"27607099999","2023-06-10","55.564686","52.092511","195.98","BEGISHEVO, RS","  57.4","24","  47.2","24","9999.9"," 0","999.9"," 0","  6.1","24","  8.6","24"," 13.6"," 17.5","  69.8","*","  42.8","*","99.99"," ","999.9","010000"
"27607099999","2023-06-11","55.564686","52.092511","195.98","BEGISHEVO, RS","  51.9","24","  34.1","24","9999.9"," 0","999.9"," 0","  6.2","24","  7.3","24"," 11.7"," 19.4","  60.8","*","  42.8","*"," 0.00","I","999.9","000000"
"27607099999","2023-06-12","55.564686","52.092511","195.98","BEGISHEVO, RS","  55.2","24","  34.5","24","9999.9"," 0","999.9"," 0","  6.2","24","  8.1","24"," 11.7"," 19.4","  62.6","*","  42.8","*"," 0.00","I","999.9","000000"
"27607099999","2023-06-13","55.564686","52.092511","195.98","BEGISHEVO, RS","  58.8","24","  33.0","24","9999.9"," 0","999.9"," 0","  6.2","24","  9.6","24"," 17.5","999.9","  68.0","*","  44.6","*"," 0.00","I","999.9","000000"
"27607099999","2023-06-14","55.564686","52.092511","195.98","BEGISHEVO, RS","  65.3","24","  42.4","24","9999.9"," 0","999.9"," 0","  6.2","24","  5.3","24","  9.7","999.9","  77.0","*","  50.0","*"," 0.00","I","999.9","000000"
"27607099999","2023-06-15","55.564686","52.092511","195.98","BEGISHEVO, RS","  69.6","22","  42.3","22","9999.9"," 0","999.9"," 0","  6.2","22","  5.2","22","  9.7"," 17.5","  77.0","*","  59.0","*"," 0.00","I","999.9","000000"
"27607099999","2023-06-16","55.564686","52.092511","195.98","BEGISHEVO, RS","  72.3","24","  45.6","24","9999.9"," 0","999.9"," 0","  6.2","24","  3.9","24","  7.8","999.9","  80.6","*","  62.6","*"," 0.00","I","999.9","000000"
"27607099999","2023-06-17","55.564686","52.092511","195.98","BEGISHEVO, RS","  63.8","24","  42.1","24","9999.9"," 0","999.9"," 0","  6.2","24","  9.8","24"," 13.6"," 23.3","  71.6","*","  46.4","*"," 0.00","I","999.9","000000"
"27607099999","2023-06-18","55.564686","52.092511","195.98","BEGISHEVO, RS","  53.6","24","  33.7","24","9999.9"," 0","999.9"," 0","  6.2","24"," 12.3","24"," 19.4","999.9","  62.6","*","  39.2","*"," 0.00","I","999.9","000000"
"27607099999","2023-06-19","55.564686","52.092511","195.98","BEGISHEVO, RS","  49.9","24","  34.2","24","9999.9"," 0","999.9"," 0","  6.2","24"," 10.0","24"," 17.5","999.9","  57.2","*","  39.2","*","99.99"," ","999.9","010000"
"27607099999","2023-06-20","55.564686","52.092511","195.98","BEGISHEVO, RS","  51.3","24","  36.5","24","9999.9"," 0","999.9"," 0","  6.2","24","  8.5","24"," 13.6"," 23.3","  59.0","*","  41.0","*"," 0.00","I","999.9","000000"
"27607099999","2023-06-21","55.564686","52.092511","195.98","BEGISHEVO, RS","  51.1","24","  38.1","24","9999.9"," 0","999.9"," 0","  6.2","24","  8.0","24"," 13.6"," 21.4","  57.2","*","  41.0","*","99.99"," ","999.9","010000"
"27607099999","2023-06-22","55.564686","52.092511","195.98","BEGISHEVO, RS","  53.5","24","  39.4","24","9999.9"," 0","999.9"," 0","  6.2","24","  4.9","24"," 11.7","999.9","  59.0","*","  48.2","*"," 0.00","I","999.9","000000"
"27607099999","2023-06-23","55.564686","52.092511","195.98","BEGISHEVO, RS","  58.0","24","  41.1","24","9999.9"," 0","999.9"," 0","  6.2","24","  3.9","24"," 11.7","999.9","  66.2","*","  48.2","*"," 0.00","I","999.9","000000"
"27607099999","2023-06-24","55.564686","52.092511","195.98","BEGISHEVO, RS","  59.6","24","  45.7","24","9999.9"," 0","999.9"," 0","  6.1","24","  6.2","24","  9.7","999.9","  69.8","*","  46.4","*","99.99"," ","999.9","010000"
"27607099999","2023-06-25","55.564686","52.092511","195.98","BEGISHEVO, RS","  61.6","24","  46.6","24","9999.9"," 0","999.9"," 0","  6.2","24","  7.9","24"," 13.6"," 23.3","  73.4","*","  50.0","*"," 0.00","I","999.9","000000"
"27607099999","2023-06-26","55.564686","52.092511","195.98","BEGISHEVO, RS","  61.1","24","  41.5","24","9999.9"," 0","999.9"," 0","  6.2","24","  8.3","24"," 17.5"," 25.3","  69.8","*","  50.0","*"," 0.00","I","999.9","000000"
"27607099999","2023-06-27","55.564686","52.092511","195.98","BEGISHEVO, RS","  65.9","24","  43.5","24","9999.9"," 0","999.9"," 0","  6.2","24","  5.3","24"," 13.6"," 17.5","  75.2","*","  50.0","*"," 0.00","I","999.9","000000"
"27607099999","2023-06-28","55.564686","52.092511","195.98","BEGISHEVO, RS","  69.6","24","  47.6","24","9999.9"," 0","999.9"," 0","  6.2","24","  5.6","24"," 11.7","999.9","  80.6","*","  55.4","*"," 0.00","I","999.9","000000"
"27607099999","2023-06-29","55.564686","52.092511","195.98","BEGISHEVO, RS","  71.2","24","  47.8","24","9999.9"," 0","999.9"," 0","  6.2","24","  6.5","24"," 11.7"," 17.5","  80.6","*","  57.2","*"," 0.00","I","999.9","000000"
"27607099999","2023-06-30","55.564686","52.092511","195.98","BEGISHEVO, RS","  77.1","24","  48.4","24","9999.9"," 0","999.9"," 0","  6.2","24","  7.8","24"," 11.7","999.9","  86.0","*","  66.2","*"," 0.00","I","999.9","000000"
"27607099999","2023-07-01","55.564686","52.092511","195.98","BEGISHEVO, RS","  67.5","24","  56.7","24","9999.9"," 0","999.9"," 0","  6.2","24","  8.6","24"," 13.6","999.9","  71.6","*","  59.0","*","99.99"," ","999.9","010000"
"27607099999","2023-07-02","55.564686","52.092511","195.98","BEGISHEVO, RS","  64.9","24","  59.1","24","9999.9"," 0","999.9"," 0","  6.1","24","  6.6","24","  9.7","999.9","  73.4","*","  59.0","*","99.99"," ","999.9","010000"
"27607099999","2023-07-03","55.564686","52.092511","195.98","BEGISHEVO, RS","  72.1","24","  56.5","24","9999.9"," 0","999.9"," 0","  6.2","24","  7.9","24"," 13.6"," 19.4","  82.4","*","  60.8","*"," 0.00","I","999.9","000000"
"27607099999","2023-07-04","55.564686","52.092511","195.98","BEGISHEVO, RS","  74.1","24","  54.3","24","9999.9"," 0","999.9"," 0","  6.2","24","  6.2","24","  9.7","999.9","  82.4","*","  60.8","*"," 0.00","I","999.9","000000"
"27607099999","2023-07-05","55.564686","52.092511","195.98","BEGISHEVO, RS","  75.0","24","  49.3","24","9999.9"," 0","999.9"," 0","  6.2","24","  4.9","24","  7.8","999.9","  82.4","*","  64.4","*"," 0.00","I","999.9","000000"
"27607099999","2023-07-06","55.564686","52.092511","195.98","BEGISHEVO, RS","  75.4","24","  54.4","24","9999.9"," 0","999.9"," 0","  6.2","24","  6.2","24","  9.7","999.9","  86.0","*","  64.4","*"," 0.00","I","999.9","000000"
"27607099999","2023-07-07","55.564686","52.092511","195.98","BEGISHEVO, RS","  75.4","24","  50.7","24","9999.9"," 0","999.9"," 0","  6.2","24","  5.2","24","  9.7"," 19.4","  82.4","*","  62.6","*"," 0.00","I","999.9","000000"
"27607099999","2023-07-08","55.564686","52.092511","195.98","BEGISHEVO, RS","  80.0","24","  51.3","24","9999.9"," 0","999.9"," 0","  6.2","24","  5.5","24","  7.8","999.9","  89.6","*","  60.8","*"," 0.00","I","999.9","000000"
"27607099999","2023-07-09","55.564686","52.092511","195.98","BEGISHEVO, RS","  82.7","24","  56.9","24","9999.9"," 0","999.9"," 0","  6.2","24","  5.7","24"," 13.6"," 15.5","  93.2","*","  68.0","*","99.99"," ","999.9","010000"
"27607099999","2023-07-10","55.564686","52.092511","195.98","BEGISHEVO, RS","  88.0","24","  52.9","24","9999.9"," 0","999.9"," 0","  6.2","24"," 10.4","24"," 15.5"," 19.4"," 100.4","*","  73.4","*"," 0.00","I","999.9","000000"
"27607099999","2023-07-11","55.564686","52.092511","195.98","BEGISHEVO, RS","  87.0","24","  49.0","24","9999.9"," 0","999.9"," 0","  6.2","24","  9.3","24"," 17.5"," 27.2","  98.6","*","  71.6","*"," 0.00","I","999.9","000000"
"27607099999","2023-07-12","55.564686","52.092511","195.98","BEGISHEVO, RS","  60.9","24","  56.2","24","9999.9"," 0","999.9"," 0","  6.0","24"," 12.2","24"," 15.5","999.9","  69.8","*","  55.4","*","99.99"," ","999.9","010010"
"27607099999","2023-07-13","55.564686","52.092511","195.98","BEGISHEVO, RS","  62.4","24","  51.3","24","9999.9"," 0","999.9"," 0","  6.1","24","  6.4","24"," 11.7","999.9","  71.6","*","  55.4","*","99.99"," ","999.9","010010"
"27607099999","2023-07-14","55.564686","52.092511","195.98","BEGISHEVO, RS","  62.4","24","  54.0","24","9999.9"," 0","999.9"," 0","  5.9","24","  5.6","24"," 15.5","999.9","  69.8","*","  53.6","*","99.99"," ","999.9","010000"
"27607099999","2023-07-15","55.564686","52.092511","195.98","BEGISHEVO, RS","  63.1","24","  55.0","24","9999.9"," 0","999.9"," 0","  6.2","24","  8.6","24"," 13.6","999.9","  73.4","*","  53.6","*"," 0.00","I","999.9","000000"
"27607099999","2023-07-16","55.564686","52.092511","195.98","BEGISHEVO, RS","  62.8","24","  55.4","24","9999.9"," 0","999.9"," 0","  5.9","24"," 11.2","24"," 17.5","999.9","  69.8","*","  57.2","*","99.99"," ","999.9","010000"
"27607099999","2023-07-17","55.564686","52.092511","195.98","BEGISHEVO, RS","  63.0","24","  59.8","24","9999.9"," 0","999.9"," 0","  5.8","24","  9.3","24"," 15.5","999.9","  69.8","*","  57.2","*","99.99"," ","999.9","010000"
"27607099999","2023-07-18","55.564686","52.092511","195.98","BEGISHEVO, RS","  65.2","24","  59.8","24","9999.9"," 0","999.9"," 0","  6.2","24","  8.0","24"," 13.6","999.9","  75.2","*","  55.4","*"," 0.00","I","999.9","100000"
"27607099999","2023-07-19","55.564686","52.092511","195.98","BEGISHEVO, RS","  67.9","24","  58.5","24","9999.9"," 0","999.9"," 0","  5.4","24","  8.0","24"," 21.4","999.9","  82.4","*","  55.4","*"," 0.00","I","999.9","100000"
"27607099999","2023-07-20","55.564686","52.092511","195.98","BEGISHEVO, RS","  64.2","24","  52.9","24","9999.9"," 0","999.9"," 0","  6.2","24"," 12.9","24"," 21.4"," 29.1","  75.2","*","  55.4","*","99.99"," ","999.9","010000"
"27607099999","2023-07-21","55.564686","52.092511","195.98","BEGISHEVO, RS","  67.9","24","  52.0","24","9999.9"," 0","999.9"," 0","  6.2","24"," 11.2","24"," 17.5","999.9","  77.0","*","  55.4","*","99.99"," ","999.9","010000"
"27607099999","2023-07-22","55.564686","52.092511","195.98","BEGISHEVO, RS","  59.9","24","  56.5","24","9999.9"," 0","999.9"," 0","  5.6","24","  7.9","24"," 15.5"," 25.3","  69.8","*","  51.8","*","99.99"," ","999.9","010010"
"27607099999","2023-07-23","55.564686","52.092511","195.98","BEGISHEVO, RS","  64.6","24","  53.9","24","9999.9"," 0","999.9"," 0","  6.2","24","  7.2","24"," 13.6"," 25.3","  73.4","*","  53.6","*","99.99"," ","999.9","010000"
"27607099999","2023-07-24","55.564686","52.092511","195.98","BEGISHEVO, RS","  64.9","24","  55.2","24","9999.9"," 0","999.9"," 0","  6.2","24","  6.0","24"," 17.5","999.9","  75.2","*","  53.6","*","99.99"," ","999.9","010000"
"27607099999","2023-07-25","55.564686","52.092511","195.98","BEGISHEVO, RS","  68.8","24","  55.9","24","9999.9"," 0","999.9"," 0","  5.9","24","  6.5","24"," 11.7","999.9","  78.8","*","  57.2","*"," 0.00","I","999.9","000000"
"27607099999","2023-07-26","55.564686","52.092511","195.98","BEGISHEVO, RS","  72.4","24","  59.2","24","9999.9"," 0","999.9"," 0","  6.2","24","  7.6","24"," 15.5","999.9","  78.8","*","  62.6","*"," 0.00","I","999.9","000000"
"27607099999","2023-07-27","55.564686","52.092511","195.98","BEGISHEVO, RS","  77.8","24","  62.0","24","9999.9"," 0","999.9"," 0","  6.2","24"," 10.9","24"," 19.4"," 25.3","  87.8","*","  66.2","*"," 0.00","I","999.9","000010"
"27607099999","2023-07-28","55.564686","52.092511","195.98","BEGISHEVO, RS","  79.0","24","  64.1","24","9999.9"," 0","999.9"," 0","  6.2","24","  4.5","24","  7.8","999.9","  86.0","*","  69.8","*"," 0.00","I","999.9","000000"
"27607099999","2023-07-29","55.564686","52.092511","195.98","BEGISHEVO, RS","  80.5","24","  61.9","24","9999.9"," 0","999.9"," 0","  6.2","24","  7.8","24"," 13.6"," 17.5","  89.6","*","  68.0","*"," 0.00","I","999.9","000000"
"27607099999","2023-07-30","55.564686","52.092511","195.98","BEGISHEVO, RS","  76.4","24","  61.0","24","9999.9"," 0","999.9"," 0","  6.2","24","  7.2","24"," 13.6","999.9","  87.8","*","  66.2","*"," 0.00","I","999.9","000010"
"27607099999","2023-07-31","55.564686","52.092511","195.98","BEGISHEVO, RS","  67.9","24","  59.7","24","9999.9"," 0","999.9"," 0","  6.2","24","  8.6","24"," 11.7","999.9","  75.2","*","  59.0","*"," 0.00","I","999.9","000000"
"27607099999","2023-08-01","55.564686","52.092511","195.98","BEGISHEVO, RS","  67.9","24","  58.9","24","9999.9"," 0","999.9"," 0","  5.0","24","  7.7","24"," 13.6"," 19.4","  78.8","*","  59.0","*"," 0.00","I","999.9","100000"
"27607099999","2023-08-02","55.564686","52.092511","195.98","BEGISHEVO, RS","  72.3","24","  59.2","24","9999.9"," 0","999.9"," 0","  6.2","24","  5.1","24","  7.8","999.9","  82.4","*","  60.8","*"," 0.00","I","999.9","000000"
"27607099999","2023-08-03","55.564686","52.092511","195.98","BEGISHEVO, RS","  72.9","24","  59.7","24","9999.9"," 0","999.9"," 0","  6.2","24","  3.7","24","  9.7","999.9","  82.4","*","  60.8","*","99.99"," ","999.9","010000"
"27607099999","2023-08-04","55.564686","52.092511","195.98","BEGISHEVO, RS","  73.9","24","  60.3","24","9999.9"," 0","999.9"," 0","  6.2","24","  4.8","24","  7.8","999.9","  84.2","*","  62.6","*"," 0.00","I","999.9","000010"
"27607099999","2023-08-05","55.564686","52.092511","195.98","BEGISHEVO, RS","  75.5","24","  62.7","24","9999.9"," 0","999.9"," 0","  6.2","24","  5.8","24"," 11.7"," 21.4","  86.0","*","  62.6","*"," 0.00","I","999.9","000000"
"27607099999","2023-08-06","55.564686","52.092511","195.98","BEGISHEVO, RS","  73.5","24","  58.5","24","9999.9"," 0","999.9"," 0","  6.2","24","  8.7","24"," 13.6"," 23.3","  82.4","*","  62.6","*"," 0.00","I","999.9","000000"
"27607099999","2023-08-07","55.564686","52.092511","195.98","BEGISHEVO, RS","  71.5","23","  56.7","23","9999.9"," 0","999.9"," 0","  6.2","23","  7.4","23"," 11.7"," 17.5","  82.4","*","  60.8","*"," 0.00","I","999.9","000000"
"27607099999","2023-08-08","55.564686","52.092511","195.98","BEGISHEVO, RS","  70.1","24","  55.0","24","9999.9"," 0","999.9"," 0","  6.2","24","  9.0","24"," 11.7"," 19.4","  80.6","*","  57.2","*"," 0.00","I","999.9","000000"
"27607099999","2023-08-09","55.564686","52.092511","195.98","BEGISHEVO, RS","  72.3","24","  56.6","24","9999.9"," 0","999.9"," 0","  6.2","24","  6.9","24"," 13.6"," 21.4","  84.2","*","  57.2","*"," 0.00","I","999.9","000000"
"27607099999","2023-08-10","55.564686","52.092511","195.98","BEGISHEVO, RS","  75.0","24","  55.8","24","9999.9"," 0","999.9"," 0","  6.2","24","  6.2","24"," 13.6","999.9","  86.0","*","  64.4","*"," 0.00","I","999.9","000000"
"27607099999","2023-08-11","55.564686","52.092511","195.98","BEGISHEVO, RS","  71.2","24","  51.6","24","9999.9"," 0","999.9"," 0","  6.2","24","  7.6","24"," 13.6","999.9","  80.6","*","  60.8","*"," 0.00","I","999.9","000000"
"27607099999","2023-08-12","55.564686","52.092511","195.98","BEGISHEVO, RS","  73.9","24","  49.9","24","9999.9"," 0","999.9"," 0","  6.2","24","  4.0","24","  7.8"," 15.5","  82.4","*","  62.6","*"," 0.00","I","999.9","000000"
"27607099999","2023-08-13","55.564686","52.092511","195.98","BEGISHEVO, RS","  76.2","24","  44.7","24","9999.9"," 0","999.9"," 0","  6.2","24","  5.3","24","  9.7","999.9","  86.0","*","  62.6","*"," 0.00","I","999.9","000000"
"27607099999","2023-08-14","55.564686","52.092511","195.98","BEGISHEVO, RS","  76.2","24","  48.5","24","9999.9"," 0","999.9"," 0","  6.2","24","  6.8","24"," 17.5","999.9","  87.8","*","  60.8","*"," 0.00","I","999.9","000000"
"27607099999","2023-08-15","55.564686","52.092511","195.98","BEGISHEVO, RS","  75.3","24","  55.9","24","9999.9"," 0","999.9"," 0","  6.2","24","  7.3","24"," 13.6","999.9","  84.2","*","  66.2","*"," 0.00","I","999.9","000010"
"27607099999","2023-08-16","55.564686","52.092511","195.98","BEGISHEVO, RS","  71.2","24","  60.6","24","9999.9"," 0","999.9"," 0","  6.2","24","  4.7","24"," 11.7","999.9","  80.6","*","  64.4","*","99.99"," ","999.9","010010"
"27607099999","2023-08-17","55.564686","52.092511","195.98","BEGISHEVO, RS","  76.7","24","  56.6","24","9999.9"," 0","999.9"," 0","  6.2","24","  7.1","24"," 13.6","999.9","  87.8","*","  62.6","*"," 0.00","I","999.9","000000"
"27607099999","2023-08-18","55.564686","52.092511","195.98","BEGISHEVO, RS","  80.0","24","  56.0","24","9999.9"," 0","999.9"," 0","  6.2","24","  4.6","24","  7.8","999.9","  91.4","*","  66.2","*"," 0.00","I","999.9","000000"
"27607099999","2023-08-19","55.564686","52.092511","195.98","BEGISHEVO, RS","  67.8","24","  54.7","24","9999.9"," 0","999.9"," 0","  6.2","24","  9.3","24"," 13.6","999.9","  78.8","*","  51.8","*"," 0.00","I","999.9","000000"
"27607099999","2023-08-20","55.564686","52.092511","195.98","BEGISHEVO, RS","  62.4","24","  44.6","24","9999.9"," 0","999.9"," 0","  6.2","24","  4.0","24","  7.8","999.9","  69.8","*","  50.0","*"," 0.00","I","999.9","000000"
"27607099999","2023-08-21","55.564686","52.092511","195.98","BEGISHEVO, RS","  57.7","24","  51.6","24","9999.9"," 0","999.9"," 0","  6.1","24","  4.4","24","  5.8","999.9","  66.2","*","  51.8","*","99.99"," ","999.9","010000"
"27607099999","2023-08-22","55.564686","52.092511","195.98","BEGISHEVO, RS","  58.5","24","  41.5","24","9999.9"," 0","999.9"," 0","  6.2","24","  4.9","24","  9.7","999.9","  66.2","*","  50.0","*"," 0.00","I","999.9","000000"
"27607099999","2023-08-23","55.564686","52.092511","195.98","BEGISHEVO, RS","  57.0","24","  41.8","24","9999.9"," 0","999.9"," 0","  6.2","24","  6.3","24"," 11.7","999.9","  64.4","*","  48.2","*"," 0.00","I","999.9","000000"
"27607099999","2023-08-24","55.564686","52.092511","195.98","BEGISHEVO, RS","  56.5","24","  37.5","24","9999.9"," 0","999.9"," 0","  6.2","24","  4.9","24","  9.7","999.9","  64.4","*","  48.2","*"," 0.00","I","999.9","000000"
"27607099999","2023-08-25","55.564686","52.092511","195.98","BEGISHEVO, RS","  55.3","24","  41.8","24","9999.9"," 0","999.9"," 0","  6.2","24","  5.7","24"," 13.6","999.9","  60.8","*","  48.2","*"," 0.00","I","999.9","000000"
"27607099999","2023-08-26","55.564686","52.092511","195.98","BEGISHEVO, RS","  54.5","24","  43.9","24","9999.9"," 0","999.9"," 0","  6.2","24","  6.8","24"," 13.6"," 21.4","  60.8","*","  48.2","*","99.99"," ","999.9","010000"
"27607099999","2023-08-27","55.564686","52.092511","195.98","BEGISHEVO, RS","  51.2","24","  44.9","24","9999.9"," 0","999.9"," 0","  5.9","24","  8.3","24"," 13.6","999.9","  60.8","*","  44.6","*","99.99"," ","999.9","110000"
"27607099999","2023-08-28","55.564686","52.092511","195.98","BEGISHEVO, RS","  48.0","24","  45.9","24","9999.9"," 0","999.9"," 0","  5.7","24"," 13.7","24"," 19.4"," 27.2","  51.8","*","  44.6","*","99.99"," ","999.9","010000"
"27607099999","2023-08-29","55.564686","52.092511","195.98","BEGISHEVO, RS","  56.1","24","  46.7","24","9999.9"," 0","999.9"," 0","  6.2","24"," 13.0","24"," 17.5"," 27.2","  64.4","*","  48.2","*","99.99"," ","999.9","010000"
"27607099999","2023-08-30","55.564686","52.092511","195.98","BEGISHEVO, RS","  56.5","24","  43.0","24","9999.9"," 0","999.9"," 0","  6.2","24"," 12.5","24"," 19.4"," 29.1","  66.2","*","  48.2","*"," 0.00","I","999.9","000000"
"27607099999","2023-08-31","55.564686","52.092511","195.98","BEGISHEVO, RS","  59.8","24","  43.8","24","9999.9"," 0","999.9"," 0","  6.2","24"," 12.7","24"," 19.4"," 29.1","  69.8","*","  48.2","*"," 0.00","I","999.9","000000"
"27607099999","2023-09-01","55.564686","52.092511","195.98","BEGISHEVO, RS","  62.2","24","  50.9","24","9999.9"," 0","999.9"," 0","  6.2","24"," 10.9","24"," 15.5","999.9","  73.4","*","  51.8","*"," 0.00","I","999.9","000000"
"27607099999","2023-09-02","55.564686","52.092511","195.98","BEGISHEVO, RS","  59.3","24","  49.8","24","9999.9"," 0","999.9"," 0","  6.2","24","  6.0","24","  9.7","999.9","  68.0","*","  50.0","*"," 0.00","I","999.9","000000"
"27607099999","2023-09-03","55.564686","52.092511","195.98","BEGISHEVO, RS","  61.1","24","  46.9","24","9999.9"," 0","999.9"," 0","  6.2","24","  2.4","24","  7.8","999.9","  69.8","*","  48.2","*"," 0.00","I","999.9","000000"
"27607099999","2023-09-04","55.564686","52.092511","195.98","BEGISHEVO, RS","  61.9","24","  46.3","24","9999.9"," 0","999.9"," 0","  6.2","24","  4.6","24","  9.7","999.9","  71.6","*","  50.0","*"," 0.00","I","999.9","000000"
"27607099999","2023-09-05","55.564686","52.092511","195.98","BEGISHEVO, RS","  65.1","24","  48.4","24","9999.9"," 0","999.9"," 0","  6.2","24","  4.7","24","  7.8"," 13.6","  75.2","*","  51.8","*"," 0.00","I","999.9","000000"
"27607099999","2023-09-06","55.564686","52.092511","195.98","BEGISHEVO, RS","  63.3","24","  52.8","24","9999.9"," 0","999.9"," 0","  6.2","24","  5.2","24","  9.7"," 15.5","  75.2","*","  53.6","*","99.99"," ","999.9","010000"
"27607099999","2023-09-07","55.564686","52.092511","195.98","BEGISHEVO, RS","  54.3","24","  48.0","24","9999.9"," 0","999.9"," 0","  6.2","24","  8.3","24"," 11.7","999.9","  59.0","*","  46.4","*","99.99"," ","999.9","010000"
"27607099999","2023-09-08","55.564686","52.092511","195.98","BEGISHEVO, RS","  47.8","24","  42.2","24","9999.9"," 0","999.9"," 0","  6.2","24","  5.7","24","  9.7","999.9","  51.8","*","  44.6","*","99.99"," ","999.9","010000"
"27607099999","2023-09-09","55.564686","52.092511","195.98","BEGISHEVO, RS","  57.3","24","  47.9","24","9999.9"," 0","999.9"," 0","  5.1","24"," 12.4","24"," 21.4"," 29.1","  68.0","*","  46.4","*","99.99"," ","999.9","110000"
"27607099999","2023-09-10","55.564686","52.092511","195.98","BEGISHEVO, RS","  56.5","24","  44.0","24","9999.9"," 0","999.9"," 0","  6.2","24"," 11.7","24"," 19.4"," 23.3","  66.2","*","  46.4","*"," 0.00","I","999.9","000000"
"27607099999","2023-09-11","55.564686","52.092511","195.98","BEGISHEVO, RS","  53.1","24","  45.7","24","9999.9"," 0","999.9"," 0","  6.2","24"," 11.0","24"," 17.5"," 27.2","  59.0","*","  48.2","*","99.99"," ","999.9","010000"
"27607099999","2023-09-12","55.564686","52.092511","195.98","BEGISHEVO, RS","  56.9","24","  47.9","24","9999.9"," 0","999.9"," 0","  6.2","24","  7.2","24"," 13.6","999.9","  66.2","*","  48.2","*","99.99"," ","999.9","010000"
"27607099999","2023-09-13","55.564686","52.092511","195.98","BEGISHEVO, RS","  59.1","24","  47.5","24","9999.9"," 0","999.9"," 0","  6.1","24","  4.5","24","  5.8","999.9","  68.0","*","  48.2","*"," 0.00","I","999.9","000000"
"27607099999","2023-09-14","55.564686","52.092511","195.98","BEGISHEVO, RS","  61.9","24","  45.2","24","9999.9"," 0","999.9"," 0","  6.2","24","  2.8","24","  5.8","999.9","  69.8","*","  50.0","*"," 0.00","I","999.9","000000"
"27607099999","2023-09-15","55.564686","52.092511","195.98","BEGISHEVO, RS","  64.0","24","  46.2","24","9999.9"," 0","999.9"," 0","  6.2","24","  3.3","24","  9.7","999.9","  73.4","*","  51.8","*"," 0.00","I","999.9","000000"
"27607099999","2023-09-16","55.564686","52.092511","195.98","BEGISHEVO, RS","  62.1","24","  48.1","24","9999.9"," 0","999.9"," 0","  6.2","24","  4.4","24"," 11.7","999.9","  73.4","*","  51.8","*"," 0.00","I","999.9","000000"
"27607099999","2023-09-17","55.564686","52.092511","195.98","BEGISHEVO, RS","  61.3","24","  46.7","24","9999.9"," 0","999.9"," 0","  6.2","24","  5.9","24","  9.7","999.9","  73.4","*","  50.0","*"," 0.00","I","999.9","000000"
"27607099999","2023-09-18","55.564686","52.092511","195.98","BEGISHEVO, RS","  54.8","24","  44.8","24","9999.9"," 0","999.9"," 0","  6.2","24","  7.4","24"," 15.5","999.9","  64.4","*","  42.8","*","99.99"," ","999.9","010000"
"27607099999","2023-09-19","55.564686","52.092511","195.98","BEGISHEVO, RS","  54.2","15","  42.2","15","9999.9"," 0","999.9"," 0","  6.2","15","  9.2","15"," 13.6","999.9","  59.0","*","  48.2","*"," 0.00","I","999.9","000000"
"27607099999","2023-09-20","55.564686","52.092511","195.98","BEGISHEVO, RS","  54.5","23","  35.8","23","9999.9"," 0","999.9"," 0","  6.2","23","  9.0","23"," 11.7","999.9","  64.4","*","  35.6","*"," 0.00","I","999.9","000000"
"27607099999","2023-09-21","55.564686","52.092511","195.98","BEGISHEVO, RS","  64.1","24","  45.0","24","9999.9"," 0","999.9"," 0","  6.2","24"," 11.8","24"," 19.4","999.9","  75.2","*","  51.8","*"," 0.00","I","999.9","000000"
"27607099999","2023-09-22","55.564686","52.092511","195.98","BEGISHEVO, RS","  64.7","24","  52.7","24","9999.9"," 0","999.9"," 0","  6.2","24","  4.9","24","  9.7"," 17.5","  73.4","*","  53.6","*"," 0.00","I","999.9","000000"
"27607099999","2023-09-23","55.564686","52.092511","195.98","BEGISHEVO, RS","  64.8","24","  51.4","24","9999.9"," 0","999.9"," 0","  6.2","24","  3.3","24","  5.8","999.9","  73.4","*","  51.8","*"," 0.00","I","999.9","000000"
"27607099999","2023-09-24","55.564686","52.092511","195.98","BEGISHEVO, RS","  64.6","24","  47.6","24","9999.9"," 0","999.9"," 0","  6.2","24","  6.5","24"," 11.7","999.9","  78.8","*","  50.0","*"," 0.00","I","999.9","000000"
"27607099999","2023-09-25","55.564686","52.092511","195.98","BEGISHEVO, RS","  63.5","24","  45.9","24","9999.9"," 0","999.9"," 0","  6.2","24"," 10.3","24"," 17.5"," 25.3","  77.0","*","  46.4","*"," 0.00","I","999.9","000000"
"27607099999","2023-09-26","55.564686","52.092511","195.98","BEGISHEVO, RS","  57.5","24","  48.5","24","9999.9"," 0","999.9"," 0","  6.2","24","  5.1","24","  9.7","999.9","  64.4","*","  50.0","*"," 0.00","I","999.9","000000"
"27607099999","2023-09-27","55.564686","52.092511","195.98","BEGISHEVO, RS","  54.8","24","  43.6","24","9999.9"," 0","999.9"," 0","  6.2","24","  6.8","24"," 11.7","999.9","  62.6","*","  42.8","*"," 0.00","I","999.9","000000"
"27607099999","2023-09-28","55.564686","52.092511","195.98","BEGISHEVO, RS","  53.9","24","  42.4","24","9999.9"," 0","999.9"," 0","  6.2","24","  6.6","24"," 11.7","999.9","  62.6","*","  46.4","*","99.99"," ","999.9","010000"
"27607099999","2023-09-29","55.564686","52.092511","195.98","BEGISHEVO, RS","  54.4","24","  48.4","24","9999.9"," 0","999.9"," 0","  6.2","24","  9.2","24"," 15.5","999.9","  60.8","*","  50.0","*","99.99"," ","999.9","010000"
"27607099999","2023-09-30","55.564686","52.092511","195.98","BEGISHEVO, RS","  53.5","24","  45.7","24","9999.9"," 0","999.9"," 0","  6.2","24","  5.6","24","  9.7","999.9","  60.8","*","  44.6","*"," 0.00","I","999.9","000000"
"27607099999","2023-10-01","55.564686","52.092511","195.98","BEGISHEVO, RS","  56.1","24","  43.4","24","9999.9"," 0","999.9"," 0","  6.2","24"," 10.8","24"," 15.5","999.9","  66.2","*","  42.8","*"," 0.00","I","999.9","000000"
"27607099999","2023-10-02","55.564686","52.092511","195.98","BEGISHEVO, RS","  56.7","24","  49.9","24","9999.9"," 0","999.9"," 0","  6.1","24","  7.4","24"," 15.5","999.9","  64.4","*","  53.6","*","99.99"," ","999.9","010000"
"27607099999","2023-10-03","55.564686","52.092511","195.98","BEGISHEVO, RS","  54.2","24","  46.4","24","9999.9"," 0","999.9"," 0","  5.9","24","  5.7","24","  9.7","999.9","  60.8","*","  42.8","*","99.99"," ","999.9","110000"
"27607099999","2023-10-04","55.564686","52.092511","195.98","BEGISHEVO, RS","  51.6","24","  42.7","24","9999.9"," 0","999.9"," 0","  4.8","24"," 11.3","24"," 19.4","999.9","  60.8","*","  41.0","*"," 0.00","I","999.9","100000"
"27607099999","2023-10-05","55.564686","52.092511","195.98","BEGISHEVO, RS","  51.2","24","  44.3","24","9999.9"," 0","999.9"," 0","  6.2","24","  9.4","24"," 13.6","999.9","  57.2","*","  46.4","*"," 0.00","I","999.9","000000"
"27607099999","2023-10-06","55.564686","52.092511","195.98","BEGISHEVO, RS","  52.2","24","  43.6","24","9999.9"," 0","999.9"," 0","  5.7","24","  7.5","24"," 11.7","999.9","  60.8","*","  46.4","*"," 0.00","I","999.9","000000"
"27607099999","2023-10-07","55.564686","52.092511","195.98","BEGISHEVO, RS","  47.7","24","  44.8","24","9999.9"," 0","999.9"," 0","  6.1","24","  8.7","24"," 11.7","999.9","  53.6","*","  42.8","*","99.99"," ","999.9","010000"
"27607099999","2023-10-08","55.564686","52.092511","195.98","BEGISHEVO, RS","  41.1","24","  37.8","24","9999.9"," 0","999.9"," 0","  6.1","24"," 13.3","24"," 23.3"," 29.1","  48.2","*","  35.6","*","99.99"," ","999.9","010000"
"27607099999","2023-10-09","55.564686","52.092511","195.98","BEGISHEVO, RS","  37.3","24","  33.8","24","9999.9"," 0","999.9"," 0","  6.2","24"," 12.5","24"," 17.5","999.9","  41.0","*","  33.8","*","99.99"," ","999.9","011000"
"27607099999","2023-10-10","55.564686","52.092511","195.98","BEGISHEVO, RS","  38.5","24","  37.1","24","9999.9"," 0","999.9"," 0","  6.2","24","  8.7","24"," 11.7","999.9","  42.8","*","  35.6","*","99.99"," ","999.9","010000"
"27607099999","2023-10-11","55.564686","52.092511","195.98","BEGISHEVO, RS","  37.2","24","  36.3","24","9999.9"," 0","999.9"," 0","  6.0","24"," 10.3","24"," 13.6","999.9","  39.2","*","  32.0","*","99.99"," ","999.9","010000"
"27607099999","2023-10-12","55.564686","52.092511","195.98","BEGISHEVO, RS","  38.8","24","  32.2","24","9999.9"," 0","999.9"," 0","  6.2","24"," 20.5","24"," 33.0"," 46.6","  44.6","*","  32.0","*","99.99"," ","999.9","010000"
"27607099999","2023-10-13","55.564686","52.092511","195.98","BEGISHEVO, RS","  43.4","24","  40.8","24","9999.9"," 0","999.9"," 0","  6.2","24"," 15.1","24"," 21.4"," 31.1","  46.4","*","  39.2","*","99.99"," ","999.9","010000"
"27607099999","2023-10-14","55.564686","52.092511","195.98","BEGISHEVO, RS","  45.0","24","  37.5","24","9999.9"," 0","999.9"," 0","  6.2","24"," 11.9","24"," 19.4"," 27.2","  50.0","*","  39.2","*","99.99"," ","999.9","010000"
"27607099999","2023-10-15","55.564686","52.092511","195.98","BEGISHEVO, RS","  52.0","24","  47.3","24","9999.9"," 0","999.9"," 0","  6.1","24"," 15.6","24"," 19.4"," 27.2","  59.0","*","  44.6","*","99.99"," ","999.9","010000"
"27607099999","2023-10-16","55.564686","52.092511","195.98","BEGISHEVO, RS","  54.3","24","  43.2","24","9999.9"," 0","999.9"," 0","  6.2","24"," 15.1","24"," 25.3"," 35.0","  62.6","*","  50.0","*"," 0.00","I","999.9","000000"
"27607099999","2023-10-17","55.564686","52.092511","195.98","BEGISHEVO, RS","  45.1","24","  34.5","24","9999.9"," 0","999.9"," 0","  6.2","24"," 17.5","24"," 25.3"," 40.8","  55.4","*","  35.6","*","99.99"," ","999.9","010000"
"27607099999","2023-10-18","55.564686","52.092511","195.98","BEGISHEVO, RS","  36.8","24","  33.5","24","9999.9"," 0","999.9"," 0","  6.2","24"," 14.3","24"," 17.5"," 27.2","  41.0","*","  33.8","*","99.99"," ","999.9","010000"
"27607099999","2023-10-19","55.564686","52.092511","195.98","BEGISHEVO, RS","  39.5","24","  37.5","24","9999.9"," 0","999.9"," 0","  6.2","24","  9.5","24"," 13.6","999.9","  42.8","*","  33.8","*","99.99"," ","999.9","010000"
"27607099999","2023-10-20","55.564686","52.092511","195.98","BEGISHEVO, RS","  37.3","24","  36.6","24","9999.9"," 0","999.9"," 0","  5.3","24","  5.7","24","  9.7","999.9","  41.0","*","  33.8","*","99.99"," ","999.9","010000"
"27607099999","2023-10-21","55.564686","52.092511","195.98","BEGISHEVO, RS","  33.3","24","  31.0","24","9999.9"," 0","999.9"," 0","  4.9","24"," 11.3","24"," 19.4","999.9","  37.4","*","  26.6","*"," 0.00","I","999.9","100000"
"27607099999","2023-10-22","55.564686","52.092511","195.98","BEGISHEVO, RS","  29.6","24","  25.5","24","9999.9"," 0","999.9"," 0","  6.2","24","  8.7","24"," 13.6"," 23.3","  32.0","*","  26.6","*"," 0.00","I","999.9","000000"
"27607099999","2023-10-23","55.564686","52.092511","195.98","BEGISHEVO, RS","  33.7","24","  31.7","24","9999.9"," 0","999.9"," 0","  4.5","24","  8.4","24"," 13.6","999.9","  41.0","*","  30.2","*","99.99"," ","999.9","111000"
"27607099999","2023-10-24","55.564686","52.092511","195.98","BEGISHEVO, RS","  34.3","24","  33.9","24","9999.9"," 0","999.9"," 0","  2.9","24"," 11.0","24"," 17.5","999.9","  44.6","*","  24.8","*","99.99"," ","999.9","111000"
"27607099999","2023-10-25","55.564686","52.092511","195.98","BEGISHEVO, RS","  27.9","24","  23.4","24","9999.9"," 0","999.9"," 0","  5.9","24","  9.5","24"," 15.5","999.9","  28.4","*","  26.6","*","99.99"," ","999.9","001000"
"27607099999","2023-10-26","55.564686","52.092511","195.98","BEGISHEVO, RS","  27.9","24","  21.0","24","9999.9"," 0","999.9"," 0","  6.2","24","  5.8","24","  9.7","999.9","  30.2","*","  26.6","*","99.99"," ","999.9","001000"
"27607099999","2023-10-27","55.564686","52.092511","195.98","BEGISHEVO, RS","  26.1","24","  19.6","24","9999.9"," 0","999.9"," 0","  6.2","24","  6.2","24"," 11.7","999.9","  28.4","*","  24.8","*"," 0.00","I","999.9","000000"
"27607099999","2023-10-28","55.564686","52.092511","195.98","BEGISHEVO, RS","  28.6","24","  27.8","24","9999.9"," 0","999.9"," 0","  3.0","24","  9.2","24"," 13.6","999.9","  32.0","*","  24.8","*","99.99"," ","999.9","111000"
"27607099999","2023-10-29","55.564686","52.092511","195.98","BEGISHEVO, RS","  33.3","24","  33.3","24","9999.9"," 0","999.9"," 0","  2.7","24","  9.1","24"," 15.5"," 21.4","  33.8","*","  32.0","*","99.99"," ","999.9","111000"
"27607099999","2023-10-30","55.564686","52.092511","195.98","BEGISHEVO, RS","  30.7","24","  28.7","24","9999.9"," 0","999.9"," 0","  4.6","24"," 10.0","24"," 15.5"," 23.3","  32.0","*","  30.2","*","99.99"," ","999.9","001000"
"27607099999","2023-10-31","55.564686","52.092511","195.98","BEGISHEVO, RS","  33.3","24","  33.2","24","9999.9"," 0","999.9"," 0","  4.6","24","  6.0","24","  9.7","999.9","  37.4","*","  30.2","*","99.99"," ","999.9","111000"
"27607099999","2023-11-01","55.564686","52.092511","195.98","BEGISHEVO, RS","  40.7","24","  40.6","24","9999.9"," 0","999.9"," 0","  4.3","24","  9.7","24"," 19.4","999.9","  48.2","*","  32.0","*","99.99"," ","999.9","110000"
"27607099999","2023-11-02","55.564686","52.092511","195.98","BEGISHEVO, RS","  49.9","24","  44.8","24","9999.9"," 0","999.9"," 0","  6.0","24"," 13.9","24"," 21.4"," 25.3","  53.6","*","  46.4","*","99.99"," ","999.9","010000"
"27607099999","2023-11-03","55.564686","52.092511","195.98","BEGISHEVO, RS","  41.6","24","  37.2","24","9999.9"," 0","999.9"," 0","  6.0","24"," 12.1","24"," 17.5"," 27.2","  50.0","*","  33.8","*","99.99"," ","999.9","010000"
"27607099999","2023-11-04","55.564686","52.092511","195.98","BEGISHEVO, RS","  32.2","24","  26.6","24","9999.9"," 0","999.9"," 0","  6.2","24","  3.9","24","  5.8","999.9","  37.4","*","  28.4","*"," 0.00","I","999.9","000000"
"27607099999","2023-11-05","55.564686","52.092511","195.98","BEGISHEVO, RS","  35.2","24","  31.8","24","9999.9"," 0","999.9"," 0","  6.2","24","  6.6","24"," 11.7","999.9","  39.2","*","  26.6","*"," 0.00","I","999.9","000000"
"27607099999","2023-11-06","55.564686","52.092511","195.98","BEGISHEVO, RS","  41.7","21","  38.3","21","9999.9"," 0","999.9"," 0","  6.2","21"," 10.7","21"," 13.6","999.9","  44.6","*","  37.4","*"," 0.00","I","999.9","000000"
"27607099999","2023-11-07","55.564686","52.092511","195.98","BEGISHEVO, RS","  43.9","24","  38.8","24","9999.9"," 0","999.9"," 0","  6.1","24","  8.2","24"," 13.6"," 21.4","  48.2","*","  39.2","*","99.99"," ","999.9","010000"
"27607099999","2023-11-08","55.564686","52.092511","195.98","BEGISHEVO, RS","  41.7","24","  40.6","24","9999.9"," 0","999.9"," 0","  3.8","24","  7.3","24"," 13.6","999.9","  46.4","*","  39.2","*","99.99"," ","999.9","110000"
"27607099999","2023-11-09","55.564686","52.092511","195.98","BEGISHEVO, RS","  43.1","24","  42.3","24","9999.9"," 0","999.9"," 0","  5.4","24","  6.7","24"," 11.7","999.9","  46.4","*","  41.0","*","99.99"," ","999.9","010000"
"27607099999","2023-11-10","55.564686","52.092511","195.98","BEGISHEVO, RS","  40.7","24","  39.4","24","9999.9"," 0","999.9"," 0","  5.6","24"," 10.4","24"," 15.5"," 23.3","  46.4","*","  35.6","*","99.99"," ","999.9","010000"
"27607099999","2023-11-11","55.564686","52.092511","195.98","BEGISHEVO, RS","  32.5","24","  32.2","24","9999.9"," 0","999.9"," 0","  4.6","24","  9.1","24"," 15.5"," 21.4","  33.8","*","  28.4","*","99.99"," ","999.9","111000"
"27607099999","2023-11-12","55.564686","52.092511","195.98","BEGISHEVO, RS","  30.0","24","  29.9","24","9999.9"," 0","999.9"," 0","  3.6","24","  7.2","24"," 13.6","999.9","  33.8","*","  28.4","*","99.99"," ","999.9","110000"
"27607099999","2023-11-13","55.564686","52.092511","195.98","BEGISHEVO, RS","  38.5","24","  37.3","24","9999.9"," 0","999.9"," 0","  5.9","24"," 14.4","24"," 17.5"," 27.2","  42.8","*","  33.8","*","99.99"," ","999.9","011000"
"27607099999","2023-11-14","55.564686","52.092511","195.98","BEGISHEVO, RS","  40.8","24","  39.5","24","9999.9"," 0","999.9"," 0","  5.6","24"," 10.0","24"," 15.5","999.9","  42.8","*","  37.4","*","99.99"," ","999.9","010000"
"27607099999","2023-11-15","55.564686","52.092511","195.98","BEGISHEVO, RS","  35.8","24","  34.5","24","9999.9"," 0","999.9"," 0","  6.0","24","  7.5","24","  9.7","999.9","  37.4","*","  33.8","*","99.99"," ","999.9","011000"
"27607099999","2023-11-16","55.564686","52.092511","195.98","BEGISHEVO, RS","  34.7","24","  32.1","24","9999.9"," 0","999.9"," 0","  5.7","24","  5.6","24","  9.7","999.9","  37.4","*","  32.0","*","99.99"," ","999.9","010000"
"27607099999","2023-11-17","55.564686","52.092511","195.98","BEGISHEVO, RS","  28.2","24","  22.8","24","9999.9"," 0","999.9"," 0","  6.1","24","  8.2","24"," 15.5","999.9","  32.0","*","  19.4","*","99.99"," ","999.9","001000"
"27607099999","2023-11-18","55.564686","52.092511","195.98","BEGISHEVO, RS","  17.4","24","  13.6","24","9999.9"," 0","999.9"," 0","  5.4","24","  7.9","24"," 11.7","999.9","  21.2","*","  12.2","*","99.99"," ","999.9","001000"
"27607099999","2023-11-19","55.564686","52.092511","195.98","BEGISHEVO, RS","  17.7","24","  15.0","24","9999.9"," 0","999.9"," 0","  6.2","24","  7.7","24"," 11.7","999.9","  23.0","*","  12.2","*","99.99"," ","999.9","001000"
"27607099999","2023-11-20","55.564686","52.092511","195.98","BEGISHEVO, RS","  19.2","24","  17.4","24","9999.9"," 0","999.9"," 0","  4.3","24","  8.8","24"," 17.5","999.9","  24.8","*","  12.2","*","99.99"," ","999.9","001000"
"27607099999","2023-11-21","55.564686","52.092511","195.98","BEGISHEVO, RS","  26.4","24","  25.9","24","9999.9"," 0","999.9"," 0","  2.4","24","  9.0","24"," 15.5","999.9","  28.4","*","  24.8","*","99.99"," ","999.9","111000"
"27607099999","2023-11-22","55.564686","52.092511","195.98","BEGISHEVO, RS","  19.9","24","  18.4","24","9999.9"," 0","999.9"," 0","  3.0","24"," 13.0","24"," 15.5","999.9","  24.8","*","  12.2","*","99.99"," ","999.9","001000"
"27607099999","2023-11-23","55.564686","52.092511","195.98","BEGISHEVO, RS","  10.9","24","   7.0","24","9999.9"," 0","999.9"," 0","  3.7","24"," 12.1","24"," 15.5"," 27.2","  12.2","*","   6.8","*","99.99"," ","999.9","001000"
"27607099999","2023-11-24","55.564686","52.092511","195.98","BEGISHEVO, RS","  11.2","24","   7.8","24","9999.9"," 0","999.9"," 0","  4.4","24","  9.1","24"," 13.6"," 19.4","  23.0","*","   5.0","*","99.99"," ","999.9","001000"
"27607099999","2023-11-25","55.564686","52.092511","195.98","BEGISHEVO, RS","  31.5","24","  30.1","24","9999.9"," 0","999.9"," 0","  5.7","24"," 10.8","24"," 15.5","999.9","  33.8","*","  23.0","*","99.99"," ","999.9","011000"
"27607099999","2023-11-26","55.564686","52.092511","195.98","BEGISHEVO, RS","  33.6","24","  31.8","24","9999.9"," 0","999.9"," 0","  5.3","24","  6.4","24"," 15.5","999.9","  37.4","*","  32.0","*","99.99"," ","999.9","011000"
"27607099999","2023-11-27","55.564686","52.092511","195.98","BEGISHEVO, RS","  33.8","24","  21.5","24","9999.9"," 0","999.9"," 0","  6.2","24","  8.1","24"," 15.5","999.9","  37.4","*","  28.4","*"," 0.00","I","999.9","000000"
"27607099999","2023-11-28","55.564686","52.092511","195.98","BEGISHEVO, RS","  30.1","24","  28.8","24","9999.9"," 0","999.9"," 0","  5.2","24","  7.2","24"," 11.7","999.9","  32.0","*","  24.8","*","99.99"," ","999.9","111000"
"27607099999","2023-11-29","55.564686","52.092511","195.98","BEGISHEVO, RS","  25.0","24","  18.0","24","9999.9"," 0","999.9"," 0","  6.2","24","  6.2","24"," 13.6","999.9","  28.4","*","  19.4","*","99.99"," ","999.9","001000"
"27607099999","2023-11-30","55.564686","52.092511","195.98","BEGISHEVO, RS","  21.0","24","  14.5","24","9999.9"," 0","999.9"," 0","  6.2","24","  4.9","24"," 11.7","999.9","  24.8","*","  17.6","*","99.99"," ","999.9","001000"
"27607099999","2023-12-01","55.564686","52.092511","195.98","BEGISHEVO, RS","  24.9","24","  23.4","24","9999.9"," 0","999.9"," 0","  4.6","24","  6.2","24","  7.8","999.9","  28.4","*","  21.2","*","99.99"," ","999.9","101000"
"27607099999","2023-12-02","55.564686","52.092511","195.98","BEGISHEVO, RS","  23.7","24","  23.1","24","9999.9"," 0","999.9"," 0","  3.5","24"," 10.0","24"," 13.6","999.9","  26.6","*","  19.4","*","99.99"," ","999.9","001000"
"27607099999","2023-12-03","55.564686","52.092511","195.98","BEGISHEVO, RS","  13.9","24","  11.6","24","9999.9"," 0","999.9"," 0","  5.4","24","  6.2","24"," 15.5","999.9","  17.6","*","  10.4","*","99.99"," ","999.9","001000"
"27607099999","2023-12-04","55.564686","52.092511","195.98","BEGISHEVO, RS","  24.0","24","  21.6","24","9999.9"," 0","999.9"," 0","  4.4","24"," 17.1","24"," 25.3"," 29.1","  32.0","*","  15.8","*","99.99"," ","999.9","011000"
"27607099999","2023-12-05","55.564686","52.092511","195.98","BEGISHEVO, RS","  10.7","24","   7.5","24","9999.9"," 0","999.9"," 0","  4.3","24","  9.6","24"," 17.5"," 25.3","  17.6","*","   3.2","*","99.99"," ","999.9","001000"
"27607099999","2023-12-06","55.564686","52.092511","195.98","BEGISHEVO, RS","  -0.8","24","  -3.4","24","9999.9"," 0","999.9"," 0","  3.6","24","  4.9","24","  9.7","999.9","   3.2","*","  -7.6","*","99.99"," ","999.9","001000"
"27607099999","2023-12-07","55.564686","52.092511","195.98","BEGISHEVO, RS"," -12.0","24"," -16.5","24","9999.9"," 0","999.9"," 0","  4.8","24","  1.9","24","  1.9","999.9","  -9.4","*"," -18.4","*","99.99"," ","999.9","001000"
"27607099999","2023-12-08","55.564686","52.092511","195.98","BEGISHEVO, RS"," -18.0","24"," -22.4","24","9999.9"," 0","999.9"," 0","  6.0","24","  2.4","24","  3.9","999.9"," -14.8","*"," -22.0","*","99.99"," ","999.9","001000"
"27607099999","2023-12-09","55.564686","52.092511","195.98","BEGISHEVO, RS"," -19.6","24"," -24.5","24","9999.9"," 0","999.9"," 0","  6.2","24","  2.1","24","  3.9","999.9"," -14.8","*"," -23.8","*","99.99"," ","999.9","001000"
"27607099999","2023-12-10","55.564686","52.092511","195.98","BEGISHEVO, RS"," -11.4","24"," -15.5","24","9999.9"," 0","999.9"," 0","  6.1","24","  4.2","24","  7.8","999.9","  -7.6","*"," -18.4","*","99.99"," ","999.9","001000"
"27607099999","2023-12-11","55.564686","52.092511","195.98","BEGISHEVO, RS"," -13.5","24"," -17.8","24","9999.9"," 0","999.9"," 0","  6.2","24","  3.8","24","  7.8","999.9","  -2.2","*"," -20.2","*","99.99"," ","999.9","001000"
"27607099999","2023-12-12","55.564686","52.092511","195.98","BEGISHEVO, RS","  -6.6","24"," -16.1","24","9999.9"," 0","999.9"," 0","  6.2","24","  9.5","24"," 17.5"," 21.4","  -2.2","*","  -9.4","*"," 0.00","I","999.9","000000"
"27607099999","2023-12-13","55.564686","52.092511","195.98","BEGISHEVO, RS","   1.3","24"," -11.3","24","9999.9"," 0","999.9"," 0","  6.2","24","  7.4","24"," 11.7","999.9","   6.8","*","  -2.2","*"," 0.00","I","999.9","000000"
"27607099999","2023-12-14","55.564686","52.092511","195.98","BEGISHEVO, RS","  11.4","24","  -2.1","24","9999.9"," 0","999.9"," 0","  6.2","24","  6.6","24"," 11.7","999.9","  15.8","*","   6.8","*"," 0.00","I","999.9","000000"
"27607099999","2023-12-15","55.564686","52.092511","195.98","BEGISHEVO, RS","  15.4","24","  -5.9","24","9999.9"," 0","999.9"," 0","  6.2","24","  5.7","24","  9.7","999.9","  19.4","*","  12.2","*"," 0.00","I","999.9","000000"
"27607099999","2023-12-16","55.564686","52.092511","195.98","BEGISHEVO, RS","  12.3","24","   4.7","24","9999.9"," 0","999.9"," 0","  4.7","24","  8.4","24"," 13.6","999.9","  14.0","*","  10.4","*","99.99"," ","999.9","001000"
"27607099999","2023-12-17","55.564686","52.092511","195.98","BEGISHEVO, RS","  13.1","24","  10.3","24","9999.9"," 0","999.9"," 0","  4.3","24"," 11.7","24"," 21.4"," 29.1","  17.6","*","  10.4","*","99.99"," ","999.9","001000"
"27607099999","2023-12-18","55.564686","52.092511","195.98","BEGISHEVO, RS","  25.7","24","  24.1","24","9999.9"," 0","999.9"," 0","  4.9","24"," 12.5","24"," 17.5"," 25.3","  30.2","*","  17.6","*","99.99"," ","999.9","011000"
"27607099999","2023-12-19","55.564686","52.092511","195.98","BEGISHEVO, RS","  27.7","24","  25.1","24","9999.9"," 0","999.9"," 0","  6.0","24"," 12.6","24"," 25.3"," 35.0","  30.2","*","  26.6","*","99.99"," ","999.9","011000"
"27607099999","2023-12-20","55.564686","52.092511","195.98","BEGISHEVO, RS","  33.0","24","  32.2","24","9999.9"," 0","999.9"," 0","  4.2","24"," 17.6","24"," 27.2"," 36.9","  35.6","*","  30.2","*","99.99"," ","999.9","011000"
"27607099999","2023-12-21","55.564686","52.092511","195.98","BEGISHEVO, RS","  35.1","24","  33.9","24","9999.9"," 0","999.9"," 0","  5.0","24"," 18.9","24"," 27.2"," 36.9","  37.4","*","  32.0","*","99.99"," ","999.9","011000"
"27607099999","2023-12-22","55.564686","52.092511","195.98","BEGISHEVO, RS","  33.4","24","  32.2","24","9999.9"," 0","999.9"," 0","  5.9","24"," 13.8","24"," 19.4"," 29.1","  35.6","*","  30.2","*","99.99"," ","999.9","011000"
"27607099999","2023-12-23","55.564686","52.092511","195.98","BEGISHEVO, RS","  28.2","24","  25.6","24","9999.9"," 0","999.9"," 0","  6.0","24","  6.1","24","  9.7","999.9","  30.2","*","  26.6","*","99.99"," ","999.9","001000"
"27607099999","2023-12-24","55.564686","52.092511","195.98","BEGISHEVO, RS","  27.2","24","  26.4","24","9999.9"," 0","999.9"," 0","  3.9","24","  5.4","24","  7.8","999.9","  28.4","*","  24.8","*","99.99"," ","999.9","001000"
"27607099999","2023-12-25","55.564686","52.092511","195.98","BEGISHEVO, RS","  27.0","24","  25.8","24","9999.9"," 0","999.9"," 0","  2.2","24"," 12.1","24"," 17.5","999.9","  28.4","*","  24.8","*","99.99"," ","999.9","001000"
"27607099999","2023-12-26","55.564686","52.092511","195.98","BEGISHEVO, RS","  24.9","24","  23.3","24","9999.9"," 0","999.9"," 0","  5.2","24"," 10.1","24"," 17.5","999.9","  26.6","*","  23.0","*","99.99"," ","999.9","001000"
"27607099999","2023-12-27","55.564686","52.092511","195.98","BEGISHEVO, RS","  25.4","24","  24.3","24","9999.9"," 0","999.9"," 0","  4.5","24","  7.9","24"," 11.7","999.9","  26.6","*","  23.0","*","99.99"," ","999.9","001000"
"27607099999","2023-12-28","55.564686","52.092511","195.98","BEGISHEVO, RS","  21.1","24","  19.2","24","9999.9"," 0","999.9"," 0","  5.5","24","  8.7","24"," 13.6","999.9","  24.8","*","  15.8","*","99.99"," ","999.9","001000"
"27607099999","2023-12-29","55.564686","52.092511","195.98","BEGISHEVO, RS","  17.4","24","  15.4","24","9999.9"," 0","999.9"," 0","  4.3","24"," 12.7","24"," 17.5"," 21.4","  19.4","*","  14.0","*","99.99"," ","999.9","001000"
"27607099999","2023-12-30","55.564686","52.092511","195.98","BEGISHEVO, RS","  14.4","24","  12.9","24","9999.9"," 0","999.9"," 0","  5.7","24","  3.9","24","  7.8","999.9","  17.6","*","  10.4","*","99.99"," ","999.9","101000"
"27607099999","2023-12-31","55.564686","52.092511","195.98","BEGISHEVO, RS","  27.4","24","  27.1","24","9999.9"," 0","999.9"," 0","  2.5","24","  7.5","24"," 17.5","999.9","  32.0","*","  17.6","*","99.99"," ","999.9","101000"
