"STATION","DATE","LATITUDE","LONGITUDE","ELEVATION","NAME","TEMP","TEMP_ATTRIBUTES","DEWP","DEWP_ATTRIBUTES","SLP","SLP_ATTRIBUTES","STP","STP_ATTRIBUTES","VISIB","VISIB_ATTRIBUTES","WDSP","WDSP_ATTRIBUTES","MXSPD","GUST","MAX","MAX_ATTRIBUTES","MIN","MIN_ATTRIBUTES","PRCP","PRCP_ATTRIBUTES","SNDP","FRSHTT"
"47140099999","2023-01-01","36.0023491","126.7634672","26.9","GUNSAN, KS","  31.6","24","  18.0","24","1033.0","24","029.5","24"," 19.7","24","  3.1","24","  6.0","999.9","  41.9","*","  22.3","*"," 0.00","I","  2.0","000000"
"47140099999","2023-01-02","36.0023491","126.7634672","26.9","GUNSAN, KS","  25.5","24","  14.4","16","1033.2","24","029.5","24"," 24.7","24","  3.0","24"," 10.5","999.9","  36.3"," ","  17.2","*"," 0.00","I","  2.0","000000"
"47140099999","2023-01-03","36.0023491","126.7634672","26.9","GUNSAN, KS","  27.7","24","  16.5","24","1031.7","24","028.1","24"," 23.0","24","  3.3","24","  8.4","999.9","  37.4","*","  16.9"," "," 0.00","I","  2.0","000000"
"47140099999","2023-01-04","36.0023491","126.7634672","26.9","GUNSAN, KS","  31.5","24","  24.8","24","1032.1","24","028.5","24","  9.5","24","  2.2","24","  6.6","999.9","  41.9","*","  21.4"," "," 0.00","I","  1.6","000000"
"47140099999","2023-01-05","36.0023491","126.7634672","26.9","GUNSAN, KS","  34.6","24","  25.9","24","1030.3","24","026.8","24","  4.5","24","  1.4","24","  5.6","999.9","  44.1","*","  24.4"," "," 0.00","I","  1.2","000000"
"47140099999","2023-01-06","36.0023491","126.7634672","26.9","GUNSAN, KS","  39.5","24","  30.6","24","1020.4","24","016.9","24","  2.1","24","  7.7","24"," 13.6","999.9","  43.7","*","  27.5"," "," 0.00","I","  0.4","000000"
"47140099999","2023-01-07","36.0023491","126.7634672","26.9","GUNSAN, KS","  34.2","24","  24.5","24","1024.1","24","020.6","24","  8.7","24","  5.5","24"," 14.4","999.9","  42.3","*","  25.9","*"," 0.00","I","999.9","000000"
"47140099999","2023-01-08","36.0023491","126.7634672","26.9","GUNSAN, KS","  36.7","24","  28.1","24","1025.0","24","021.5","24","  8.9","24","  1.6","24","  5.1","999.9","  45.0","*","  25.2"," "," 0.00","I","999.9","000000"
"47140099999","2023-01-09","36.0023491","126.7634672","26.9","GUNSAN, KS","  35.0","24","  25.9","24","1027.3","24","023.8","24"," 11.9","24","  3.5","24"," 13.2","999.9","  48.4","*","  24.8","*"," 0.00","I","999.9","000000"
"47140099999","2023-01-10","36.0023491","126.7634672","26.9","GUNSAN, KS","  33.0","24","  23.7","24","1029.0","24","025.5","24","  7.2","24","  1.6","24","  5.1","999.9","  45.0","*","  24.3"," "," 0.00","I","999.9","000000"
"47140099999","2023-01-11","36.0023491","126.7634672","26.9","GUNSAN, KS","  35.7","24","  24.4","24","1026.1","24","022.6","24","  8.5","24","  1.4","24","  4.7","999.9","  49.5","*","  24.4"," "," 0.00","I","999.9","000000"
"47140099999","2023-01-12","36.0023491","126.7634672","26.9","GUNSAN, KS","  51.8","24","  37.9","24","1018.6","24","015.2","24"," 14.1","24","  3.4","24","  8.7","999.9","  61.0","*","  28.6"," "," 0.00","I","999.9","000000"
"47140099999","2023-01-13","36.0023491","126.7634672","26.9","GUNSAN, KS","  47.9","24","  47.0","24","1012.2","24","008.8","24","  1.1","24","  3.8","24","  8.7","999.9","  58.1","*","  43.2","*"," 0.86","G","  0.4","000000"
"47140099999","2023-01-14","36.0023491","126.7634672","26.9","GUNSAN, KS","  40.3","24","  38.5","24","1016.5","24","013.0","24","  4.9","24","  6.7","24"," 12.8","999.9","  46.6","*","  34.0","*"," 0.00","G","999.9","000000"
"47140099999","2023-01-15","36.0023491","126.7634672","26.9","GUNSAN, KS","  29.4","24","  20.3","24","1022.2","24","018.6","24"," 24.9","24","  9.3","24"," 15.3","999.9","  33.6","*","  23.0","*"," 0.00","I","999.9","000000"
"47140099999","2023-01-16","36.0023491","126.7634672","26.9","GUNSAN, KS","  26.2","24","  13.6","24","1027.9","24","024.3","24"," 28.7","24","  5.1","24"," 11.1","999.9","  32.2","*","  22.1","*"," 0.00","I","999.9","000000"
"47140099999","2023-01-17","36.0023491","126.7634672","26.9","GUNSAN, KS","  30.3","24","  19.6","24","1027.7","24","024.1","24"," 21.5","24","  3.0","24","  8.2","999.9","  37.4","*","  21.6"," "," 0.00","I","999.9","000000"
"47140099999","2023-01-18","36.0023491","126.7634672","26.9","GUNSAN, KS","  31.8","20","  21.6","20","1027.0","20","023.4","20"," 13.4","20","  2.9","20","  7.8","999.9","  39.6","*","  25.0","*"," 0.00","I","999.9","000000"
"47140099999","2023-01-19","36.0023491","126.7634672","26.9","GUNSAN, KS","  37.7","20","  23.5","20","1024.7","20","021.1","20"," 14.6","20","  7.7","20"," 15.2","999.9","  44.1","*","  24.6"," "," 0.00","I","999.9","000000"
"47140099999","2023-01-20","36.0023491","126.7634672","26.9","GUNSAN, KS","  29.1","14","  12.0","14","1030.8","14","027.2","14"," 29.4","14"," 10.1","14"," 16.3","999.9","  34.7","*","  20.3","*"," 0.00","I","999.9","000000"
"47140099999","2023-01-21","36.0023491","126.7634672","26.9","GUNSAN, KS","  29.9"," 8","  15.2"," 8","1030.3"," 8","026.7"," 8"," 29.0"," 8","  2.4"," 8","  4.5","999.9","  36.5","*","  19.0"," "," 0.00","I","999.9","000000"
"47140099999","2023-01-22","36.0023491","126.7634672","26.9","GUNSAN, KS","  33.8"," 8","  23.0"," 8","1025.1"," 8","021.6"," 8"," 23.3"," 8","  2.9"," 8","  3.9","999.9","  38.3","*","  28.0"," "," 0.00","I","999.9","000000"
"47140099999","2023-01-23","36.0023491","126.7634672","26.9","GUNSAN, KS","  31.0","24","  19.2","24","1025.5","24","021.9","24"," 14.8","24"," 13.2","24"," 22.3","999.9","  43.9","*","  14.5","*"," 0.00","I","999.9","000000"
"47140099999","2023-01-24","36.0023491","126.7634672","26.9","GUNSAN, KS","  11.6","24","   0.0","24","1032.3","24","028.5","24"," 26.8","24"," 10.1","24"," 18.1","999.9","  16.7","*","   4.3","*"," 0.00","I","999.9","000000"
"47140099999","2023-01-25","36.0023491","126.7634672","26.9","GUNSAN, KS","  17.8","23","   2.2","23","1029.3","23","025.6","23"," 28.4","23","  2.6","23","  5.6","999.9","  24.1","*","   4.3"," "," 0.00","I","999.9","000000"
"47140099999","2023-01-26","36.0023491","126.7634672","26.9","GUNSAN, KS","  26.6","24","  22.4","24","1023.9","24","020.3","24"," 11.4","24","  2.2","24","  8.7","999.9","  32.0","*","  12.9"," "," 0.00","I","999.9","000000"
"47140099999","2023-01-27","36.0023491","126.7634672","26.9","GUNSAN, KS","  22.3","24","   8.3","24","1025.1","24","021.4","24"," 26.9","24","  8.7","24"," 15.9","999.9","  28.4","*","  14.2","*"," 0.00","I","999.9","000000"
"47140099999","2023-01-28","36.0023491","126.7634672","26.9","GUNSAN, KS","  22.6","24","  16.9","24","1023.8","24","020.1","24"," 11.7","24","  2.8","24","  6.2","999.9","  29.3","*","  13.8"," "," 0.01","E","999.9","000000"
"47140099999","2023-01-29","36.0023491","126.7634672","26.9","GUNSAN, KS","  33.8","23","  21.9","23","1021.7","23","018.1","23"," 21.5","23","  6.1","23"," 13.8","999.9","  41.4","*","  16.0"," "," 0.00","I","999.9","000000"
"47140099999","2023-01-30","36.0023491","126.7634672","26.9","GUNSAN, KS","  31.2","23","  17.0","23","1024.6","23","021.1","23"," 28.0","23","  4.0","23","  9.3","999.9","  40.5","*","  22.1","*"," 0.00","I","999.9","000000"
"47140099999","2023-01-31","36.0023491","126.7634672","26.9","GUNSAN, KS","  41.5","23","  29.5","23","1018.1","23","014.7","23"," 22.8","23","  4.9","23"," 10.5","999.9","  50.9","*","  21.6"," "," 0.00","I","999.9","000000"
"47140099999","2023-02-01","36.0023491","126.7634672","26.9","GUNSAN, KS","  33.3","23","  21.1","23","1024.2","23","020.7","23"," 21.2","23","  6.1","23"," 15.3","999.9","  43.7","*","  23.5","*"," 0.00","I","999.9","000000"
"47140099999","2023-02-02","36.0023491","126.7634672","26.9","GUNSAN, KS","  29.6","23","  15.6","23","1027.0","23","023.4","23"," 24.9","23","  2.6","23","  7.2","999.9","  36.7","*","  23.5"," "," 0.00","I","999.9","000000"
"47140099999","2023-02-03","36.0023491","126.7634672","26.9","GUNSAN, KS","  29.2","23","  15.3","23","1025.2","23","021.7","23"," 25.2","23","  4.2","23"," 10.7","999.9","  36.0","*","  21.7","*"," 0.00","I","999.9","000000"
"47140099999","2023-02-04","36.0023491","126.7634672","26.9","GUNSAN, KS","  31.5","23","  22.9","23","1026.9","23","023.4","23"," 10.5","23","  3.0","23","  7.6","999.9","  41.4","*","  20.8"," "," 0.00","I","999.9","000000"
"47140099999","2023-02-05","36.0023491","126.7634672","26.9","GUNSAN, KS","  33.2","23","  24.4","23","1025.7","23","022.2","23","  7.7","23","  2.4","23","  6.6","999.9","  45.0","*","  21.9"," "," 0.00","I","999.9","000000"
"47140099999","2023-02-06","36.0023491","126.7634672","26.9","GUNSAN, KS","  39.0","23","  24.1","23","1021.5","23","018.0","23","  8.4","23","  2.1","23","  5.4","999.9","  51.3","*","  24.4"," "," 0.00","I","999.9","000000"
"47140099999","2023-02-07","36.0023491","126.7634672","26.9","GUNSAN, KS","  35.9","24","  28.9","24","1023.3","24","019.8","24","  3.4","24","  2.1","24","  6.2","999.9","  48.2","*","  24.8","*"," 0.00","I","999.9","000000"
"47140099999","2023-02-08","36.0023491","126.7634672","26.9","GUNSAN, KS","  33.6","24","  22.7","24","1029.1","24","025.5","24"," 12.2","24","  3.5","24"," 11.8","999.9","  44.1","*","  24.4"," "," 0.00","I","999.9","000000"
"47140099999","2023-02-09","36.0023491","126.7634672","26.9","GUNSAN, KS","  42.7","23","  25.8","23","1023.6","23","020.1","23"," 12.9","23","  3.1","23","  6.0","999.9","  50.9","*","  26.8"," "," 0.00","I","999.9","000000"
"47140099999","2023-02-10","36.0023491","126.7634672","26.9","GUNSAN, KS","  36.1","24","  32.3","24","1022.6","24","019.1","24","  7.6","24","  3.0","24","  8.9","999.9","  45.0","*","  26.6","*"," 0.00","E","999.9","000000"
"47140099999","2023-02-11","36.0023491","126.7634672","26.9","GUNSAN, KS","  35.4","24","  30.3","24","1024.7","24","021.1","24","  4.4","24","  2.0","24","  5.2","999.9","  45.9","*","  25.9"," "," 0.00","I","999.9","000000"
"47140099999","2023-02-12","36.0023491","126.7634672","26.9","GUNSAN, KS","  41.9","24","  29.0","24","1019.3","24","015.8","24","  6.7","24","  3.0","24","  5.4","999.9","  45.5","*","  29.1"," "," 0.00","I","999.9","000000"
"47140099999","2023-02-13","36.0023491","126.7634672","26.9","GUNSAN, KS","  39.3","24","  31.6","24","1019.9","24","016.5","24"," 10.2","24","  3.1","24","  7.4","999.9","  51.3","*","  28.4","*"," 0.00","I","999.9","000000"
"47140099999","2023-02-14","36.0023491","126.7634672","26.9","GUNSAN, KS","  32.1","24","  21.2","24","1025.1","24","021.6","24"," 17.2","24","  3.4","24"," 12.0","999.9","  40.1","*","  25.7","*"," 0.00","I","999.9","000000"
"47140099999","2023-02-15","36.0023491","126.7634672","26.9","GUNSAN, KS","  37.8","24","  28.7","24","1030.8","24","027.3","24"," 13.7","24","  3.7","24","  8.0","999.9","  44.1","*","  25.5"," "," 0.00","I","999.9","000000"
"47140099999","2023-02-16","36.0023491","126.7634672","26.9","GUNSAN, KS","  34.5","24","  26.2","24","1031.4","24","027.9","24"," 18.6","24","  3.2","24","  9.7","999.9","  42.3","*","  28.4","*"," 0.00","I","999.9","000000"
"47140099999","2023-02-17","36.0023491","126.7634672","26.9","GUNSAN, KS","  40.8","24","  24.6","24","1025.9","24","022.4","24"," 13.5","24","  2.0","24","  5.2","999.9","  47.3","*","  28.2"," "," 0.00","I","999.9","000000"
"47140099999","2023-02-18","36.0023491","126.7634672","26.9","GUNSAN, KS","  41.9","24","  32.9","24","1019.7","24","016.2","24","  4.8","24","  2.4","24"," 12.4","999.9","  47.3","*","  37.4","*"," 0.02","E","999.9","000000"
"47140099999","2023-02-19","36.0023491","126.7634672","26.9","GUNSAN, KS","  33.7","24","  23.6","24","1024.1","24","020.5","24"," 22.7","24","  8.4","24"," 18.5","999.9","  41.2","*","  26.2","*"," 0.00","E","999.9","000000"
"47140099999","2023-02-20","36.0023491","126.7634672","26.9","GUNSAN, KS","  29.8","24","  15.0","24","1031.3","24","027.7","24"," 27.9","24","  7.4","24"," 19.8","999.9","  40.3","*","  19.9","*"," 0.00","I","999.9","000000"
"47140099999","2023-02-21","36.0023491","126.7634672","26.9","GUNSAN, KS","  28.8","24","  15.6","24","1035.4","24","031.8","24"," 23.8","24","  2.9","24","  7.4","999.9","  37.6","*","  19.6"," "," 0.00","I","999.9","000000"
"47140099999","2023-02-22","36.0023491","126.7634672","26.9","GUNSAN, KS","  35.2","24","  22.9","24","1029.3","24","025.7","24"," 25.4","24","  4.1","24","  7.8","999.9","  43.7","*","  22.1"," "," 0.00","I","999.9","000000"
"47140099999","2023-02-23","36.0023491","126.7634672","26.9","GUNSAN, KS","  36.2","24","  28.2","24","1024.6","24","021.1","24"," 15.3","24","  2.9","24","  8.5","999.9","  43.9","*","  26.4"," "," 0.00","I","999.9","000000"
"47140099999","2023-02-24","36.0023491","126.7634672","26.9","GUNSAN, KS","  35.8","24","  23.1","24","1028.4","24","024.9","24"," 20.2","24","  6.2","24"," 15.0","999.9","  49.5","*","  26.6","*"," 0.00","I","999.9","000000"
"47140099999","2023-02-25","36.0023491","126.7634672","26.9","GUNSAN, KS","  31.0","24","  14.3","24","1035.8","24","032.2","24"," 29.2","24","  5.6","24"," 17.5","999.9","  38.7","*","  22.6","*"," 0.00","I","  6.3","000000"
"47140099999","2023-02-26","36.0023491","126.7634672","26.9","GUNSAN, KS","  33.3","24","  20.5","24","1037.8","24","034.2","24"," 22.9","24","  3.1","24","  9.7","999.9","  42.8","*","  21.6"," "," 0.00","I","999.9","000000"
"47140099999","2023-02-27","36.0023491","126.7634672","26.9","GUNSAN, KS","  35.8","24","  25.6","24","1033.6","24","030.1","24"," 10.6","24","  3.2","24","  8.9","999.9","  49.3","*","  23.5","*"," 0.00","I","999.9","000000"
"47140099999","2023-02-28","36.0023491","126.7634672","26.9","GUNSAN, KS","  45.3","24","  35.9","24","1026.2","24","022.8","24"," 17.7","24","  3.8","24","  9.9","999.9","  53.8","*","  23.4"," "," 0.00","I","999.9","000000"
"47140099999","2023-03-01","36.0023491","126.7634672","26.9","GUNSAN, KS","  40.3","24","  25.3","24","1025.2","24","021.7","24"," 21.6","24","  8.4","24"," 16.5","999.9","  48.4","*","  32.4","*"," 0.00","I","999.9","000000"
"47140099999","2023-03-02","36.0023491","126.7634672","26.9","GUNSAN, KS","  33.5","22","  14.0","22","1030.2","22","026.6","22"," 29.8","22","  7.1","22"," 15.9","999.9","  41.2","*","  24.4","*"," 0.00","I","999.9","000000"
"47140099999","2023-03-03","36.0023491","126.7634672","26.9","GUNSAN, KS","  36.2","17","  30.1","17","1029.5","17","025.9","17"," 19.4","17","  2.2","17","  8.7","999.9","  48.6"," ","  30.6","*"," 0.00","I","999.9","000000"
"47140099999","2023-03-04","36.0023491","126.7634672","26.9","GUNSAN, KS","  40.8","24","  33.0","24","1029.6","24","026.1","24"," 10.4","24","  2.8","24","  8.0","999.9","  52.0","*","  30.6"," "," 0.00","I","999.9","000000"
"47140099999","2023-03-05","36.0023491","126.7634672","26.9","GUNSAN, KS","  42.1","24","  29.2","24","1027.3","24","023.8","24","  9.4","24","  3.1","24","  8.9","999.9","  56.7","*","  30.7"," "," 0.00","I","999.9","000000"
"47140099999","2023-03-06","36.0023491","126.7634672","26.9","GUNSAN, KS","  48.0","24","  32.2","24","1023.6","24","020.1","24"," 14.7","24","  3.9","24","  9.1","999.9","  57.2","*","  30.0"," "," 0.00","I","999.9","000000"
"47140099999","2023-03-07","36.0023491","126.7634672","26.9","GUNSAN, KS","  55.5","24","  34.8","24","1021.6","24","018.2","24"," 20.6","24","  5.6","24"," 11.7","999.9","  66.6","*","  40.3"," "," 0.00","I","999.9","000000"
"47140099999","2023-03-08","36.0023491","126.7634672","26.9","GUNSAN, KS","  59.6","24","  41.7","24","1018.3","24","015.0","24"," 26.9","24","  6.1","24"," 10.3","999.9","  67.5","*","  47.1"," "," 0.00","I","999.9","000000"
"47140099999","2023-03-09","36.0023491","126.7634672","26.9","GUNSAN, KS","  44.5","24","  42.2","24","1018.4","24","015.0","24","  2.6","24","  3.8","24","  9.5","999.9","  56.7","*","  37.8","*"," 0.00","I","999.9","000000"
"47140099999","2023-03-10","36.0023491","126.7634672","26.9","GUNSAN, KS","  55.7","24","  36.7","24","1020.9","24","017.5","24","  9.0","24","  3.2","24","  8.7","999.9","  71.1","*","  37.8"," "," 0.00","I","999.9","000000"
"47140099999","2023-03-11","36.0023491","126.7634672","26.9","GUNSAN, KS","  57.0","24","  37.8","24","1022.2","24","018.9","24","  8.6","24","  3.7","24","  8.7","999.9","  74.7","*","  43.7"," "," 0.00","I","999.9","000000"
"47140099999","2023-03-12","36.0023491","126.7634672","26.9","GUNSAN, KS","  37.9","24","  23.9","24","1024.6","24","021.1","24"," 21.1","24"," 11.5","24"," 19.2","999.9","  45.9","*","  30.2","*"," 0.31","E","999.9","000000"
"47140099999","2023-03-13","36.0023491","126.7634672","26.9","GUNSAN, KS","  38.7","24","  19.7","24","1022.9","24","019.4","24"," 29.7","24","  4.6","24","  9.1","999.9","  44.1","*","  30.0"," "," 0.00","I","999.9","000000"
"47140099999","2023-03-14","36.0023491","126.7634672","26.9","GUNSAN, KS","  51.0","24","  32.6","24","1019.3","24","015.9","24"," 30.1","24","  5.7","24"," 10.1","999.9","  60.1","*","  33.6"," "," 0.00","I","999.9","000000"
"47140099999","2023-03-15","36.0023491","126.7634672","26.9","GUNSAN, KS","  48.3","24","  33.5","24","1024.6","24","021.2","24"," 22.2","24","  7.1","24"," 14.6","999.9","  66.2","*","  34.7","*"," 0.00","I","999.9","000000"
"47140099999","2023-03-16","36.0023491","126.7634672","26.9","GUNSAN, KS","  43.5","24","  12.8","24","1029.0","24","025.5","24"," 29.3","24","  5.1","24"," 11.5","999.9","  52.7","*","  34.2"," "," 0.00","I","999.9","000000"
"47140099999","2023-03-17","36.0023491","126.7634672","26.9","GUNSAN, KS","  43.9","24","  30.4","24","1022.2","24","018.7","24"," 17.3","24","  2.4","24","  5.2","999.9","  51.3","*","  36.9"," "," 0.00","I","999.9","000000"
"47140099999","2023-03-18","36.0023491","126.7634672","26.9","GUNSAN, KS","  42.8","24","  29.9","24","1021.5","24","018.1","24"," 16.7","24","  5.6","24"," 13.0","999.9","  54.9","*","  32.4","*"," 0.00","I","999.9","000000"
"47140099999","2023-03-19","36.0023491","126.7634672","26.9","GUNSAN, KS","  42.4","24","  35.2","24","1020.4","24","016.9","24","  2.9","24","  3.3","24","  7.6","999.9","  52.7","*","  32.0"," "," 0.00","I","999.9","000000"
"47140099999","2023-03-20","36.0023491","126.7634672","26.9","GUNSAN, KS","  45.2","24","  34.9","24","1015.9","24","012.5","24","  4.0","24","  2.7","24","  7.4","999.9","  59.0","*","  32.2"," "," 0.00","I","999.9","000000"
"47140099999","2023-03-21","36.0023491","126.7634672","26.9","GUNSAN, KS","  53.4","24","  32.3","24","1011.7","24","008.4","24"," 15.9","24","  3.1","24","  7.0","999.9","  67.5","*","  38.7"," "," 0.00","I","999.9","000000"
"47140099999","2023-03-22","36.0023491","126.7634672","26.9","GUNSAN, KS","  57.2","24","  43.0","24","1008.5","24","005.2","24","  5.9","24","  2.9","24","  8.4","999.9","  72.9","*","  43.5"," "," 0.00","I","999.9","000000"
"47140099999","2023-03-23","36.0023491","126.7634672","26.9","GUNSAN, KS","  50.2","24","  44.3","24","1010.3","24","006.9","24","  5.4","24","  2.4","24","  6.0","999.9","  60.3","*","  41.4","*"," 0.28","E","999.9","000000"
"47140099999","2023-03-24","36.0023491","126.7634672","26.9","GUNSAN, KS","  46.7","24","  36.6","24","1018.5","24","015.0","24"," 13.3","24","  5.1","24","  8.9","999.9","  55.8","*","  39.2","*"," 0.00","I","999.9","000000"
"47140099999","2023-03-25","36.0023491","126.7634672","26.9","GUNSAN, KS","  47.7","24","  38.6","24","1019.0","24","015.6","24"," 13.1","24","  4.4","24","  7.6","999.9","  57.2","*","  39.0"," "," 0.00","I","999.9","000000"
"47140099999","2023-03-26","36.0023491","126.7634672","26.9","GUNSAN, KS","  43.4","24","  26.4","24","1020.6","24","017.2","24"," 26.4","24","  6.7","24"," 21.0","999.9","  57.4","*","  30.4","*"," 0.00","I","999.9","000000"
"47140099999","2023-03-27","36.0023491","126.7634672","26.9","GUNSAN, KS","  41.9","24","  30.0","24","1024.4","24","020.9","24"," 13.4","24","  4.2","24"," 11.1","999.9","  51.8","*","  30.2"," "," 0.00","I","999.9","000000"
"47140099999","2023-03-28","36.0023491","126.7634672","26.9","GUNSAN, KS","  45.5","24","  33.0","24","1025.2","24","021.7","24"," 10.4","24","  2.8","24","  8.4","999.9","  56.7","*","  32.9"," "," 0.00","I","999.9","000000"
"47140099999","2023-03-29","36.0023491","126.7634672","26.9","GUNSAN, KS","  49.7","24","  38.4","24","1022.6","24","019.2","24","  7.0","24","  3.1","24","  7.6","999.9","  63.7","*","  35.1"," "," 0.00","I","999.9","000000"
"47140099999","2023-03-30","36.0023491","126.7634672","26.9","GUNSAN, KS","  52.1","24","  37.0","24","1019.9","24","016.6","24"," 16.7","24","  2.5","24","  6.6","999.9","  66.6","*","  38.8"," "," 0.00","I","999.9","000000"
"47140099999","2023-03-31","36.0023491","126.7634672","26.9","GUNSAN, KS","  52.3","24","  33.3","24","1018.8","24","015.4","24","  9.6","24","  3.3","24","  7.6","999.9","  66.2","*","  39.4"," "," 0.00","I","999.9","000000"
"47140099999","2023-04-01","36.0023491","126.7634672","26.9","GUNSAN, KS","  57.0","24","  38.2","24","1016.8","24","013.4","24","  6.8","24","  4.0","24","  6.8","999.9","  72.7","*","  40.8"," "," 0.00","I","999.9","000000"
"47140099999","2023-04-02","36.0023491","126.7634672","26.9","GUNSAN, KS","  64.2","24","  27.1","24","1020.2","24","016.9","24"," 22.8","24","  4.6","24","  6.2","999.9","  75.2","*","  45.3"," "," 0.00","I","999.9","000000"
"47140099999","2023-04-03","36.0023491","126.7634672","26.9","GUNSAN, KS","  61.3","24","  35.1","24","1021.5","24","018.2","24"," 13.8","24","  3.9","24","  9.3","999.9","  77.4","*","  50.9","*"," 0.00","I","999.9","000000"
"47140099999","2023-04-04","36.0023491","126.7634672","26.9","GUNSAN, KS","  60.9","24","  49.5","24","1015.7","24","012.4","24"," 12.1","24","  7.5","24"," 14.2","999.9","  71.1","*","  50.5"," "," 0.28","E","999.9","000000"
"47140099999","2023-04-05","36.0023491","126.7634672","26.9","GUNSAN, KS","  51.4","24","  48.9","24","1011.2","24","007.8","24","  5.5","24","  7.2","24"," 10.9","999.9","  61.2","*","  47.3","*"," 0.00","I"," 10.2","000000"
"47140099999","2023-04-06","36.0023491","126.7634672","26.9","GUNSAN, KS","  46.4","24","  43.7","24","1014.2","24","010.7","24","  1.1","24","  4.7","24","  7.4","999.9","  49.5","*","  41.4","*"," 0.08","F","999.9","000000"
"47140099999","2023-04-07","36.0023491","126.7634672","26.9","GUNSAN, KS","  43.2","24","  34.5","24","1019.0","24","015.6","24"," 18.8","24","  7.1","24"," 14.2","999.9","  51.8","*","  34.7","*"," 0.00","I","999.9","000000"
"47140099999","2023-04-08","36.0023491","126.7634672","26.9","GUNSAN, KS","  46.1","24","  37.8","24","1022.4","24","019.0","24"," 15.9","24","  6.0","24"," 12.6","999.9","  54.7","*","  34.5"," "," 0.00","I","999.9","000000"
"47140099999","2023-04-09","36.0023491","126.7634672","26.9","GUNSAN, KS","  49.2","24","  30.9","24","1020.2","24","016.8","24"," 27.4","24","  4.4","24","  9.7","999.9","  59.9","*","  36.1"," "," 0.00","I","999.9","000000"
"47140099999","2023-04-10","36.0023491","126.7634672","26.9","GUNSAN, KS","  59.2","24","  41.0","24","1015.3","24","012.0","24"," 30.0","24","  7.9","24"," 12.2","999.9","  67.1","*","  37.2"," "," 0.00","I","999.9","000000"
"47140099999","2023-04-11","36.0023491","126.7634672","26.9","GUNSAN, KS","  54.2","22","  47.3","22","1014.5","22","011.1","22"," 12.9","22","  6.4","22"," 14.2","999.9","  68.2","*","  40.1","*"," 0.00","I","999.9","000000"
"47140099999","2023-04-12","36.0023491","126.7634672","26.9","GUNSAN, KS","  48.3","24","  25.6","24","1020.3","24","016.9","24","  8.7","24","  4.2","24"," 12.4","999.9","  58.1","*","  37.6","*"," 0.00","I","999.9","000000"
"47140099999","2023-04-13","36.0023491","126.7634672","26.9","GUNSAN, KS","  54.2","24","  32.1","24","1017.3","24","013.9","24"," 17.2","24","  3.0","24","  7.6","999.9","  65.7","*","  37.6"," "," 0.00","I","999.9","000000"
"47140099999","2023-04-14","36.0023491","126.7634672","26.9","GUNSAN, KS","  58.9","24","  45.8","24","1011.2","24","007.9","24"," 17.7","24","  2.8","23","  5.1","999.9","  69.8","*","  43.0"," "," 0.00","I","999.9","000000"
"47140099999","2023-04-15","36.0023491","126.7634672","26.9","GUNSAN, KS","  51.1","24","  47.2","24","1005.7","24","002.3","24","  8.8","24","  4.7","24"," 12.4","999.9","  60.8","*","  45.5","*"," 0.00","I","999.9","000000"
"47140099999","2023-04-16","36.0023491","126.7634672","26.9","GUNSAN, KS","  50.9","24","  43.5","24","1010.2","24","006.9","24","  8.1","24","  5.1","24"," 12.2","999.9","  59.4","*","  42.8","*"," 0.00","I","999.9","000000"
"47140099999","2023-04-17","36.0023491","126.7634672","26.9","GUNSAN, KS","  61.3","24","  40.7","24","1014.7","24","011.4","24"," 18.8","24","  5.4","24","  9.9","999.9","  68.0","*","  42.3"," "," 0.00","I","999.9","000000"
"47140099999","2023-04-18","36.0023491","126.7634672","26.9","GUNSAN, KS","  59.4","24","  57.1","24","1011.6","24","008.3","24","  5.0","24","  4.3","24","  8.2","999.9","  64.0","*","  57.2","*"," 0.02","F","999.9","000000"
"47140099999","2023-04-19","36.0023491","126.7634672","26.9","GUNSAN, KS","  63.3","24","  57.2","24","1010.2","24","006.9","24","  7.5","24","  2.9","24","  5.8","999.9","  78.3","*","  55.8","*"," 0.00","I","999.9","000000"
"47140099999","2023-04-20","36.0023491","126.7634672","26.9","GUNSAN, KS","  60.1","24","  56.3","24","1011.2","24","007.9","24"," 12.0","24","  3.8","24","  8.0","999.9","  70.0","*","  54.0","*"," 0.00","I","999.9","000000"
"47140099999","2023-04-21","36.0023491","126.7634672","26.9","GUNSAN, KS","  62.3","24","  41.1","24","1013.8","24","010.5","24"," 14.5","24","  4.9","24","  8.9","999.9","  69.8"," ","  54.1"," "," 0.00","I","999.9","000000"
"47140099999","2023-04-22","36.0023491","126.7634672","26.9","GUNSAN, KS","  62.2","24","  31.7","24","1020.5","24","017.2","24"," 14.5","24","  4.5","24"," 10.7","999.9","  72.9","*","  55.4","*"," 0.00","I","999.9","000000"
"47140099999","2023-04-23","36.0023491","126.7634672","26.9","GUNSAN, KS","  58.5","23","  41.5","23","1023.6","23","020.2","23"," 15.4","23","  2.7","23","  6.8","999.9","  69.1","*","  53.1","*"," 0.00","I","999.9","000000"
"47140099999","2023-04-24","36.0023491","126.7634672","26.9","GUNSAN, KS","  56.4","24","  40.1","24","1022.8","24","019.5","24"," 27.0","24","  4.3","24","  9.9","999.9","  63.7","*","  50.9","*"," 0.00","I","999.9","000000"
"47140099999","2023-04-25","36.0023491","126.7634672","26.9","GUNSAN, KS","  47.2","24","  42.7","24","1014.8","24","011.4","24"," 11.8","24","  2.5","24","  6.4","999.9","  51.8","*","  41.4","*"," 0.04","F","999.9","000000"
"47140099999","2023-04-26","36.0023491","126.7634672","26.9","GUNSAN, KS","  44.9","24","  37.5","24","1018.8","24","015.3","24"," 17.5","24","  6.7","24"," 16.7","999.9","  51.8","*","  36.7","*"," 0.00","I","999.9","000000"
"47140099999","2023-04-27","36.0023491","126.7634672","26.9","GUNSAN, KS","  51.9","24","  39.4","24","1021.0","24","017.6","24"," 19.5","24","  3.6","24","  8.4","999.9","  62.6","*","  36.3"," "," 0.00","I","999.9","000000"
"47140099999","2023-04-28","36.0023491","126.7634672","26.9","GUNSAN, KS","  65.0","24","  51.4","24","1013.8","24","010.6","24"," 22.6","24","  4.7","24","  7.4","999.9","  70.9"," ","  42.1"," "," 0.00","I","999.9","000000"
"47140099999","2023-04-29","36.0023491","126.7634672","26.9","GUNSAN, KS","  51.6","24","  47.3","24","1010.7","24","007.3","24"," 15.6","24","  7.9","24"," 15.7","999.9","  63.0","*","  44.1","*"," 0.01","E","999.9","000000"
"47140099999","2023-04-30","36.0023491","126.7634672","26.9","GUNSAN, KS","  56.7","24","  44.7","24","1013.8","24","010.4","24"," 17.1","24","  6.5","24"," 12.2","999.9","  64.4","*","  43.7"," "," 0.00","I","999.9","000000"
"47140099999","2023-05-01","36.0023491","126.7634672","26.9","GUNSAN, KS","  55.7","24","  45.4","24","1020.8","24","017.5","24"," 16.1","24","  2.9","24","  9.3","999.9","  67.1","*","  46.8","*"," 0.00","I","999.9","000000"
"47140099999","2023-05-02","36.0023491","126.7634672","26.9","GUNSAN, KS","  62.8","24","  41.9","24","1023.2","24","019.8","24"," 28.5","24","  3.6","24","  7.4","999.9","  76.1","*","  46.6"," "," 0.00","I","999.9","000000"
"47140099999","2023-05-03","36.0023491","126.7634672","26.9","GUNSAN, KS","  68.1","24","  51.6","24","1020.0","24","016.8","24"," 28.7","24","  6.1","24","  8.9","999.9","  76.5","*","  52.0"," "," 0.00","I","999.9","000000"
"47140099999","2023-05-04","36.0023491","126.7634672","26.9","GUNSAN, KS","  68.4","24","  58.8","24","1009.9","24","006.6","24"," 25.9","24"," 10.0","24"," 14.0","999.9","  77.0","*","  63.1"," "," 0.01","E","999.9","000000"
"47140099999","2023-05-05","36.0023491","126.7634672","26.9","GUNSAN, KS","  67.4","24","  66.3","24","1001.4","24","998.2","24","  5.6","24","  5.1","24","  8.5","999.9","  69.8","*","  59.2","*"," 0.70","G","999.9","000000"
"47140099999","2023-05-06","36.0023491","126.7634672","26.9","GUNSAN, KS","  56.4","23","  53.3","23","1007.4","23","004.1","23"," 12.2","23","  4.6","23","  8.5","999.9","  59.4","*","  52.2","*"," 0.00","G","999.9","000000"
"47140099999","2023-05-07","36.0023491","126.7634672","26.9","GUNSAN, KS","  53.2","24","  42.9","24","1013.8","24","010.4","24"," 18.7","24","  3.2","24","  6.6","999.9","  61.7","*","  44.1","*"," 0.01","E","999.9","000000"
"47140099999","2023-05-08","36.0023491","126.7634672","26.9","GUNSAN, KS","  55.4","24","  42.9","24","1018.4","24","015.1","24"," 20.6","24","  3.8","24"," 11.1","999.9","  65.5","*","  43.9"," "," 0.00","I","999.9","000000"
"47140099999","2023-05-09","36.0023491","126.7634672","26.9","GUNSAN, KS","  57.8","24","  47.8","24","1018.0","24","014.7","24"," 12.0","24","  4.0","24","  7.6","999.9","  67.1","*","  45.1"," "," 0.00","I","999.9","000000"
"47140099999","2023-05-10","36.0023491","126.7634672","26.9","GUNSAN, KS","  60.1","24","  50.6","24","1018.2","24","014.9","24"," 10.0","24","  3.3","24","  7.8","999.9","  73.0"," ","  50.0","*"," 0.00","I","999.9","000000"
"47140099999","2023-05-11","36.0023491","126.7634672","26.9","GUNSAN, KS","  62.8","23","  47.6","23","1019.0","23","015.7","23"," 17.4","21","  3.7","23","  7.4","999.9","  75.0","*","  50.0"," "," 0.00","I","999.9","000000"
"47140099999","2023-05-12","36.0023491","126.7634672","26.9","GUNSAN, KS","  63.6","23","  52.0","23","1017.0","23","013.7","23"," 12.7","23","  3.3","23","  9.9","999.9","  74.7","*","  51.4"," "," 0.00","I","999.9","000000"
"47140099999","2023-05-13","36.0023491","126.7634672","26.9","GUNSAN, KS","  59.9","24","  51.2","24","1012.7","24","009.4","24"," 17.4","24","  4.5","24"," 11.1","999.9","  68.2","*","  50.0","*"," 0.00","I","999.9","000000"
"47140099999","2023-05-14","36.0023491","126.7634672","26.9","GUNSAN, KS","  62.3","24","  50.6","24","1009.9","24","006.6","24"," 15.0","24","  3.7","24","  9.9","999.9","  72.9","*","  49.8"," "," 0.00","I","999.9","000000"
"47140099999","2023-05-15","36.0023491","126.7634672","26.9","GUNSAN, KS","  68.6","23","  54.3","23","1010.1","23","006.8","23"," 13.0","23","  3.4","23","  7.2","999.9","  82.8","*","  51.6"," "," 0.00","I","999.9","000000"
"47140099999","2023-05-16","36.0023491","126.7634672","26.9","GUNSAN, KS","  73.2","24","  53.6","24","1013.1","24","009.9","24"," 22.8","24","  4.8","24","  9.9","999.9","  84.9","*","  59.0"," "," 0.00","I","999.9","000000"
"47140099999","2023-05-17","36.0023491","126.7634672","26.9","GUNSAN, KS","  72.9","24","  59.4","24","1013.5","24","010.3","24"," 14.7","22","  5.3","24"," 12.0","999.9","  82.4","*","  61.2"," "," 0.00","I","999.9","000000"
"47140099999","2023-05-18","36.0023491","126.7634672","26.9","GUNSAN, KS","  65.2","22","  56.9","22","1009.6","22","006.4","22"," 19.2","22","  4.2","22","  9.7","999.9","  69.8","*","  61.2","*"," 0.00","I","999.9","000000"
"47140099999","2023-05-19","36.0023491","126.7634672","26.9","GUNSAN, KS","  70.6","24","  57.3","24","1010.5","24","007.2","24"," 22.3","24","  3.7","24","  6.0","999.9","  79.2","*","  61.0","*"," 0.00","I","999.9","000000"
"47140099999","2023-05-20","36.0023491","126.7634672","26.9","GUNSAN, KS","  64.5","24","  57.7","24","1012.4","24","009.1","24","  8.0","24","  6.2","24"," 13.6","999.9","  76.1","*","  59.4","*"," 0.00","I","999.9","000000"
"47140099999","2023-05-21","36.0023491","126.7634672","26.9","GUNSAN, KS","  61.4","24","  55.5","24","1011.1","24","007.8","24"," 12.5","24","  4.9","24"," 12.6","999.9","  66.4","*","  58.1","*"," 0.00","I","999.9","000000"
"47140099999","2023-05-22","36.0023491","126.7634672","26.9","GUNSAN, KS","  62.4","17","  53.9","17","1009.7","17","006.4","17","  6.4","17","  5.0","17"," 10.9","999.9","  71.1","*","  54.0","*"," 0.00","I","999.9","000000"
"47140099999","2023-05-23","36.0023491","126.7634672","26.9","GUNSAN, KS","  63.1","24","  53.5","24","1012.8","24","009.6","24"," 15.5","24","  4.5","24"," 12.2","999.9","  72.0","*","  53.6"," "," 0.00","I","999.9","000000"
"47140099999","2023-05-24","36.0023491","126.7634672","26.9","GUNSAN, KS","  66.1","24","  54.7","24","1016.5","24","013.3","24"," 15.3","24","  3.9","24","  7.8","999.9","  76.5","*","  54.3"," "," 0.00","I","999.9","000000"
"47140099999","2023-05-25","36.0023491","126.7634672","26.9","GUNSAN, KS","  67.4","24","  50.5","24","1017.7","24","014.4","24"," 26.3","24","  4.5","24"," 13.4","999.9","  78.8","*","  57.7"," "," 0.00","I","999.9","000000"
"47140099999","2023-05-26","36.0023491","126.7634672","26.9","GUNSAN, KS","  71.3","24","  58.8","24","1019.0","24","015.8","24"," 20.8","24","  3.4","24","  7.0","999.9","  78.3","*","  60.4"," "," 0.00","I","999.9","000000"
"47140099999","2023-05-27","36.0023491","126.7634672","26.9","GUNSAN, KS","  71.4","24","  63.1","24","1016.3","24","013.1","24"," 14.8","24","  5.0","24","  8.9","999.9","  77.5","*","  66.2","*"," 0.00","I","999.9","000000"
"47140099999","2023-05-28","36.0023491","126.7634672","26.9","GUNSAN, KS","  69.7","24","  67.9","24","1012.4","24","009.2","24","  5.2","24","  3.8","24","  8.9","999.9","  72.0","*","  65.3","*"," 1.18","F","999.9","000000"
"47140099999","2023-05-29","36.0023491","126.7634672","26.9","GUNSAN, KS","  68.1","24","  65.6","24","1011.1","24","007.9","24"," 17.2","24","  1.4","24","  2.9","999.9","  71.1","*","  65.1"," "," 2.76","F","999.9","000000"
"47140099999","2023-05-30","36.0023491","126.7634672","26.9","GUNSAN, KS","  72.0","24","  65.0","24","1010.2","24","007.0","24"," 16.0","24","  3.7","24","  8.0","999.9","  81.3","*","  66.2","*"," 0.00","I","999.9","000000"
"47140099999","2023-05-31","36.0023491","126.7634672","26.9","GUNSAN, KS","  71.3","24","  62.7","24","1010.3","24","007.1","24"," 16.1","24","  3.4","24","  6.4","999.9","  81.7","*","  63.9","*"," 0.00","I","999.9","000000"
"47140099999","2023-06-01","36.0023491","126.7634672","26.9","GUNSAN, KS","  69.7","23","  62.4","23","1005.3","23","002.1","23"," 13.4","23","  4.3","23","  8.4","999.9","  79.0","*","  64.0"," "," 0.00","I","999.9","000000"
"47140099999","2023-06-02","36.0023491","126.7634672","26.9","GUNSAN, KS","  65.9","24","  60.4","24","1005.5","24","002.2","24","  8.2","24","  5.0","24"," 11.3","999.9","  73.6","*","  59.0","*"," 0.00","I","999.9","000000"
"47140099999","2023-06-03","36.0023491","126.7634672","26.9","GUNSAN, KS","  69.2","24","  57.0","24","1011.4","24","008.2","24"," 18.7","24","  5.5","24"," 16.3","999.9","  80.1","*","  58.3"," "," 0.00","I","999.9","000000"
"47140099999","2023-06-04","36.0023491","126.7634672","26.9","GUNSAN, KS","  69.6","24","  59.8","24","1012.8","24","009.6","24"," 14.7","24","  4.8","24","  8.7","999.9","  76.3","*","  60.3"," "," 0.00","I","999.9","000000"
"47140099999","2023-06-05","36.0023491","126.7634672","26.9","GUNSAN, KS","  67.6","24","  58.7","24","1012.1","24","008.8","24"," 21.1","24","  3.8","24","  7.6","999.9","  74.3","*","  61.2","*"," 0.00","I","999.9","000000"
"47140099999","2023-06-06","36.0023491","126.7634672","26.9","GUNSAN, KS","  67.7","24","  59.1","24","1009.1","24","005.9","24"," 20.2","24","  6.1","24"," 12.6","999.9","  76.1","*","  61.0"," "," 0.00","I","999.9","000000"
"47140099999","2023-06-07","36.0023491","126.7634672","26.9","GUNSAN, KS","  69.2","24","  62.0","24","1009.3","24","006.1","24"," 14.0","23","  4.4","24","  7.0","999.9","  76.5","*","  62.4"," "," 0.00","I","999.9","000000"
"47140099999","2023-06-08","36.0023491","126.7634672","26.9","GUNSAN, KS","  70.5","22","  62.8","22","1004.9","22","001.7","22"," 18.7","21","  5.9","22"," 16.5","999.9","  81.0"," ","  64.8"," "," 0.00","I","999.9","000000"
"47140099999","2023-06-09","36.0023491","126.7634672","26.9","GUNSAN, KS","  74.6","24","  62.0","24","1005.1","24","002.0","24"," 11.8","24","  3.9","24"," 10.5","999.9","  82.8","*","  66.7"," "," 0.00","G","999.9","000000"
"47140099999","2023-06-10","36.0023491","126.7634672","26.9","GUNSAN, KS","  72.6","24","  61.4","24","1005.7","24","002.6","24"," 18.1","24","  4.6","24"," 20.4","999.9","  86.5"," ","  65.3","*"," 0.00","G","999.9","000000"
"47140099999","2023-06-11","36.0023491","126.7634672","26.9","GUNSAN, KS","  70.9","24","  63.5","24","1006.6","24","003.5","24"," 13.1","24","  4.8","24"," 12.2","999.9","  78.3","*","  63.0","*"," 0.00","I","999.9","000000"
"47140099999","2023-06-12","36.0023491","126.7634672","26.9","GUNSAN, KS","  70.6","24","  61.9","24","1006.2","24","003.0","24"," 19.7","24","  4.9","24"," 10.3","999.9","  77.4","*","  62.6","*"," 0.00","I","999.9","000000"
"47140099999","2023-06-13","36.0023491","126.7634672","26.9","GUNSAN, KS","  69.2","24","  61.4","24","1005.8","24","002.6","24"," 13.8","24","  4.5","24"," 11.8","999.9","  76.3","*","  62.2"," "," 0.00","I","999.9","000000"
"47140099999","2023-06-14","36.0023491","126.7634672","26.9","GUNSAN, KS","  69.0","23","  60.2","23","1007.8","23","004.6","23"," 14.9","23","  4.8","23","  9.7","999.9","  77.0","*","  61.7","*"," 0.00","I","999.9","000000"
"47140099999","2023-06-15","36.0023491","126.7634672","26.9","GUNSAN, KS","  69.5","20","  61.0","20","1011.5","20","008.3","20","  9.5","18","  5.4","20"," 11.1","999.9","  76.1","*","  61.3"," "," 0.00","I","999.9","000000"
"47140099999","2023-06-16","36.0023491","126.7634672","26.9","GUNSAN, KS","  72.9","24","  62.8","24","1014.8","24","011.6","24"," 16.7","24","  4.0","24","  9.3","999.9","  79.7","*","  62.8"," "," 0.00","I","999.9","000000"
"47140099999","2023-06-17","36.0023491","126.7634672","26.9","GUNSAN, KS","  72.7","24","  63.1","24","1012.5","24","009.3","24"," 18.5","24","  4.5","24"," 11.7","999.9","  82.4","*","  64.8"," "," 0.00","I","999.9","000000"
"47140099999","2023-06-18","36.0023491","126.7634672","26.9","GUNSAN, KS","  72.2","23","  62.4","23","1007.7","23","004.5","23"," 16.0","23","  4.3","23","  9.5","999.9","  79.2","*","  65.7","*"," 0.00","I","999.9","000000"
"47140099999","2023-06-19","36.0023491","126.7634672","26.9","GUNSAN, KS","  76.5","24","  64.3","24","1006.4","24","003.2","24"," 14.3","24","  4.2","24","  9.9","999.9","  89.1","*","  65.3"," "," 0.00","I","999.9","000000"
"47140099999","2023-06-20","36.0023491","126.7634672","26.9","GUNSAN, KS","  73.8","24","  65.8","24","1003.3","24","000.1","24"," 10.5","24","  3.3","24","  6.6","999.9","  81.0","*","  68.2"," "," 0.08","E","999.9","000000"
"47140099999","2023-06-21","36.0023491","126.7634672","26.9","GUNSAN, KS","  69.2","24","  65.4","24","1003.5","24","000.3","24"," 11.2","24","  5.7","24","  9.5","999.9","  73.8","*","  66.2","*"," 0.00","I","999.9","000000"
"47140099999","2023-06-22","36.0023491","126.7634672","26.9","GUNSAN, KS","  71.8","22","  65.2","22","1006.7","22","003.5","22"," 12.5","22","  6.3","22"," 12.6","999.9","  75.7"," ","  66.4"," "," 0.00","I","999.9","000000"
"47140099999","2023-06-23","36.0023491","126.7634672","26.9","GUNSAN, KS","  75.5","24","  67.7","24","1012.0","24","008.8","24","  7.5","24","  3.7","24","  7.4","999.9","  84.6","*","  68.5"," "," 0.00","I","999.9","000000"
"47140099999","2023-06-24","36.0023491","126.7634672","26.9","GUNSAN, KS","  78.4","17","  67.6","17","1014.6","17","011.4","17"," 12.1","17","  5.3","17","  9.5","999.9","  86.9","*","  69.3"," "," 0.00","I","999.9","000000"
"47140099999","2023-06-25","36.0023491","126.7634672","26.9","GUNSAN, KS","  75.9","11","  67.9","11","1010.2","11","007.0","11"," 20.4","11","  6.0","11","  8.2","999.9","  87.8"," ","  69.1"," "," 0.00","I","999.9","000000"
"47140099999","2023-06-26","36.0023491","126.7634672","26.9","GUNSAN, KS","  76.0","23","  72.5","23","1008.1","23","004.9","23"," 11.8","23","  6.6","23","  9.9","999.9","  80.1","*","  70.7"," "," 0.01","E","999.9","000000"
"47140099999","2023-06-27","36.0023491","126.7634672","26.9","GUNSAN, KS","  76.1","24","  69.9","24","1010.6","24","007.4","24"," 15.3","24","  6.4","24"," 15.9","999.9","  83.3","*","  68.2","*"," 0.00","I","999.9","000000"
"47140099999","2023-06-28","36.0023491","126.7634672","26.9","GUNSAN, KS","  76.4","24","  72.3","24","1007.8","24","004.6","24"," 10.9","24","  4.9","24","  8.4","999.9","  79.9","*","  68.2"," "," 0.24","E","999.9","000000"
"47140099999","2023-06-29","36.0023491","126.7634672","26.9","GUNSAN, KS","  76.1","22","  73.4","22","1001.4","22","998.2","22","  7.1","22","  6.8","22"," 11.3","999.9","  78.3","*","  73.8","*"," 0.20","E","999.9","000000"
"47140099999","2023-06-30","36.0023491","126.7634672","26.9","GUNSAN, KS","  74.7","24","  72.7","24","1002.8","24","999.6","24","  6.7","24","  2.6","24","  5.8","999.9","  77.0","*","  73.8"," "," 0.01","E","999.9","000000"
"47140099999","2023-07-01","36.0023491","126.7634672","26.9","GUNSAN, KS","  77.3","24","  72.9","24","1008.2","24","005.0","24","  7.3","24","  4.5","24","  8.5","999.9","  83.7","*","  72.9","*"," 0.00","I","999.9","000000"
"47140099999","2023-07-02","36.0023491","126.7634672","26.9","GUNSAN, KS","  79.4","24","  73.1","24","1008.6","24","005.5","24"," 13.7","24","  3.0","24","  8.7","999.9","  88.2","*","  73.0"," "," 0.00","I","999.9","000000"
"47140099999","2023-07-03","36.0023491","126.7634672","26.9","GUNSAN, KS","  80.3","24","  74.5","24","1005.3","24","002.2","24"," 10.9","24","  3.4","24","  8.0","999.9","  89.8"," ","  73.9"," "," 0.00","I","999.9","000000"
"47140099999","2023-07-04","36.0023491","126.7634672","26.9","GUNSAN, KS","  75.7","24","  73.1","24"," 998.8","24","995.7","24"," 10.7","24","  7.9","24"," 12.2","999.9","  77.0","*","  73.8","*"," 0.24","F","999.9","000000"
"47140099999","2023-07-05","36.0023491","126.7634672","26.9","GUNSAN, KS","  75.0","24","  68.0","24","1000.3","24","997.1","24"," 11.2","23","  6.9","24"," 10.7","999.9","  79.7","*","  70.2","*"," 0.02","E","999.9","000000"
"47140099999","2023-07-06","36.0023491","126.7634672","26.9","GUNSAN, KS","  79.9","23","  68.0","23","1003.8","23","000.6","23","  7.5","14","  3.9","23","  6.2","999.9","  89.1","*","  70.3"," "," 0.00","I","999.9","000000"
"47140099999","2023-07-07","36.0023491","126.7634672","26.9","GUNSAN, KS","  70.5","22","  68.1","22","1002.1","22","999.0","22","  8.1","22","  4.2","22","  8.9","999.9","  77.0","*","  67.5","*"," 0.16","E","999.9","000000"
"47140099999","2023-07-08","36.0023491","126.7634672","26.9","GUNSAN, KS","  77.4","24","  73.8","24","1003.6","24","000.5","24"," 11.5","24","  3.9","24","  7.0","999.9","  84.2","*","  69.3"," "," 0.03","E","999.9","000000"
"47140099999","2023-07-09","36.0023491","126.7634672","26.9","GUNSAN, KS","  80.7","24","  75.5","24","1003.9","24","000.7","24","  7.8","24","  5.6","24","  8.9","999.9","  85.1","*","  75.2"," "," 0.00","I","999.9","000000"
"47140099999","2023-07-10","36.0023491","126.7634672","26.9","GUNSAN, KS","  81.0","24","  72.2","24","1006.1","24","002.9","24"," 17.7","24","  4.7","24","  8.7","999.9","  89.1","*","  77.2","*"," 0.00","I","999.9","000000"
"47140099999","2023-07-11","36.0023491","126.7634672","26.9","GUNSAN, KS","  76.8","24","  74.1","24","1006.4","24","003.2","24","  5.8","24","  4.7","24"," 10.1","999.9","  79.9","*","  74.7","*"," 0.55","F","999.9","000000"
"47140099999","2023-07-12","36.0023491","126.7634672","26.9","GUNSAN, KS","  78.7","24","  75.2","24","1006.6","24","003.4","24","  7.5","24","  3.9","24","  7.6","999.9","  84.6"," ","  73.8","*"," 0.00","I","999.9","000000"
"47140099999","2023-07-13","36.0023491","126.7634672","26.9","GUNSAN, KS","  77.7","23","  75.7","23","1003.2","23","000.1","23","  5.6","23","  8.1","23"," 13.2","999.9","  79.0"," ","  73.8"," "," 0.83","F","999.9","000000"
"47140099999","2023-07-14","36.0023491","126.7634672","26.9","GUNSAN, KS","  76.8","24","  75.1","24","1000.8","24","997.6","24","  3.6","24","  9.1","24"," 14.4","999.9","  77.9","*","  75.4","*"," 0.00","I","999.9","000000"
"47140099999","2023-07-15","36.0023491","126.7634672","26.9","GUNSAN, KS","  75.1","24","  72.7","24","1004.8","24","001.6","24"," 11.9","24","  6.0","24"," 14.2","999.9","  80.1","*","  72.5","*"," 1.73","F","999.9","000000"
"47140099999","2023-07-16","36.0023491","126.7634672","26.9","GUNSAN, KS","  76.6","24","  73.7","24","1010.1","24","006.9","24"," 11.9","19","  2.9","24","  6.2","999.9","  82.8","*","  73.2"," "," 0.01","E","999.9","000000"
"47140099999","2023-07-17","36.0023491","126.7634672","26.9","GUNSAN, KS","  78.5","24","  74.8","24","1013.3","24","010.2","24"," 22.8","24","  4.3","24","  9.3","999.9","  85.3","*","  74.1"," "," 0.71","F","999.9","000000"
"47140099999","2023-07-18","36.0023491","126.7634672","26.9","GUNSAN, KS","  73.6","24","  71.9","24","1009.1","24","005.9","24"," 20.1","24","  2.8","24","  8.0","999.9","  75.6","*","  71.1","*"," 1.18","F","999.9","000000"
"47140099999","2023-07-19","36.0023491","126.7634672","26.9","GUNSAN, KS","  77.0","22","  72.3","22","1009.0","22","005.8","22"," 11.2","22","  3.0","22","  7.4","999.9","  83.7","*","  71.2"," "," 0.00","I","999.9","000000"
"47140099999","2023-07-20","36.0023491","126.7634672","26.9","GUNSAN, KS","  77.2","24","  72.7","24","1010.9","24","007.7","24","  5.2","21","  2.8","24","  5.8","999.9","  83.7","*","  71.4"," "," 0.00","I","999.9","000000"
"47140099999","2023-07-21","36.0023491","126.7634672","26.9","GUNSAN, KS","  81.3","24","  73.0","24","1012.8","24","009.6","24"," 13.0","24","  4.2","24","  8.0","999.9","  91.8","*","  71.4"," "," 0.00","I","999.9","000000"
"47140099999","2023-07-22","36.0023491","126.7634672","26.9","GUNSAN, KS","  76.9","24","  72.4","24","1011.6","24","008.4","24"," 19.6","24","  6.8","24"," 11.5","999.9","  81.7","*","  73.6","*"," 0.43","E","999.9","000000"
"47140099999","2023-07-23","36.0023491","126.7634672","26.9","GUNSAN, KS","  76.6","24","  75.2","24","1008.9","24","005.7","24","  8.8","24","  5.1","24","  9.1","999.9","  77.9","*","  74.5","*"," 0.63","F","999.9","000000"
"47140099999","2023-07-24","36.0023491","126.7634672","26.9","GUNSAN, KS","  79.3","24","  74.4","24","1010.9","24","007.8","24"," 20.0","24","  3.4","24","  6.8","999.9","  86.4","*","  73.9"," "," 0.31","E","999.9","000000"
"47140099999","2023-07-25","36.0023491","126.7634672","26.9","GUNSAN, KS","  78.4","24","  74.3","24","1014.7","24","011.5","24"," 25.9","24","  2.1","24","  7.6","999.9","  86.9","*","  73.8","*"," 0.02","E","999.9","000000"
"47140099999","2023-07-26","36.0023491","126.7634672","26.9","GUNSAN, KS","  79.0","24","  74.7","24","1015.7","24","012.5","24"," 13.9","24","  3.8","24","  9.9","999.9","  87.8","*","  73.4","*"," 0.36","F","999.9","000000"
"47140099999","2023-07-27","36.0023491","126.7634672","26.9","GUNSAN, KS","  82.4","23","  75.5","23","1014.8","23","011.6","23"," 15.0","23","  2.1","23","  7.2","999.9","  89.6","*","  73.0"," "," 0.00","I","999.9","000000"
"47140099999","2023-07-28","36.0023491","126.7634672","26.9","GUNSAN, KS","  83.4","24","  75.5","24","1015.1","24","011.9","24"," 14.7","24","  2.7","24","  7.4","999.9","  92.3","*","  75.4"," "," 0.00","I","999.9","000000"
"47140099999","2023-07-29","36.0023491","126.7634672","26.9","GUNSAN, KS","  84.0","24","  73.4","24","1014.6","24","011.5","24"," 19.8","24","  2.6","24","  7.2","999.9","  91.8","*","  76.1","*"," 0.00","I","999.9","000000"
"47140099999","2023-07-30","36.0023491","126.7634672","26.9","GUNSAN, KS","  81.4","24","  73.9","24","1014.2","24","011.1","24"," 11.8","24","  3.9","24","  9.3","999.9","  89.8","*","  74.7","*"," 1.81","E","999.9","000000"
"47140099999","2023-07-31","36.0023491","126.7634672","26.9","GUNSAN, KS","  82.8","24","  75.8","24","1012.7","24","009.5","24"," 12.3","24","  2.2","23","  6.8","999.9","  90.0","*","  74.7"," "," 0.00","I","999.9","000000"
"47140099999","2023-08-01","36.0023491","126.7634672","26.9","GUNSAN, KS","  84.9","24","  77.0","24","1010.4","24","007.2","24","  9.0","24","  3.0","23","  6.6","999.9","  95.0","*","  76.8"," "," 0.00","I","999.9","000000"
"47140099999","2023-08-02","36.0023491","126.7634672","26.9","GUNSAN, KS","  83.0","24","  74.7","24","1008.2","24","005.0","24"," 11.6","24","  2.8","22","  6.8","999.9","  90.9","*","  75.4","*"," 0.00","I","999.9","000000"
"47140099999","2023-08-03","36.0023491","126.7634672","26.9","GUNSAN, KS","  85.3","24","  74.8","24","1006.6","24","003.5","24"," 25.2","24","  2.9","24","  6.6","999.9","  93.2","*","  75.2"," "," 0.00","I","999.9","000000"
"47140099999","2023-08-04","36.0023491","126.7634672","26.9","GUNSAN, KS","  85.5","24","  76.5","24","1004.1","24","001.0","24"," 23.3","24","  2.9","24","  8.5","999.9","  92.5","*","  77.9"," "," 0.00","I","999.9","000000"
"47140099999","2023-08-05","36.0023491","126.7634672","26.9","GUNSAN, KS","  84.6","24","  75.6","24","1000.4","24","997.3","24"," 26.9","24","  3.5","24","  9.5","999.9","  92.7","*","  77.4","*"," 0.00","I","999.9","000000"
"47140099999","2023-08-06","36.0023491","126.7634672","26.9","GUNSAN, KS","  83.4","24","  76.3","24"," 998.9","24","995.8","24"," 23.1","24","  3.8","24"," 11.1","999.9","  92.5","*","  75.6","*"," 0.00","I","999.9","000000"
"47140099999","2023-08-07","36.0023491","126.7634672","26.9","GUNSAN, KS","  85.2","21","  77.8","21","1000.1","21","997.0","21"," 22.0","21","  4.1","21","  9.9","999.9","  91.8","*","  75.6"," "," 0.00","I","999.9","000000"
"47140099999","2023-08-08","36.0023491","126.7634672","26.9","GUNSAN, KS","  87.7","24","  76.0","24","1002.1","24","999.0","24"," 31.1","24","  3.1","24","  4.5","999.9","  95.9","*","  79.0"," "," 0.00","I","999.9","000000"
"47140099999","2023-08-09","36.0023491","126.7634672","26.9","GUNSAN, KS","  79.6","24","  73.3","24","1000.6","24","997.5","24"," 19.6","24","  5.8","24"," 10.5","999.9","  87.8","*","  72.5","*"," 0.04","E","999.9","000000"
"47140099999","2023-08-10","36.0023491","126.7634672","26.9","GUNSAN, KS","  73.6","23","  71.3","23"," 997.6","23","994.5","23"," 14.7","23","  8.5","23"," 17.9","999.9","  76.3","*","  71.1","*"," 1.22","E","999.9","000000"
"47140099999","2023-08-11","36.0023491","126.7634672","26.9","GUNSAN, KS","  78.3","24","  72.3","24","1003.0","24","999.8","24"," 18.5","24","  5.6","24","  9.9","999.9","  85.1","*","  72.9","*"," 0.08","E","999.9","000000"
"47140099999","2023-08-12","36.0023491","126.7634672","26.9","GUNSAN, KS","  78.1","24","  74.1","24","1004.9","24","001.8","24","  8.6","24","  2.4","24","  6.2","999.9","  83.7","*","  72.7"," "," 0.28","E","999.9","000000"
"47140099999","2023-08-13","36.0023491","126.7634672","26.9","GUNSAN, KS","  81.6","24","  73.9","24","1005.8","24","002.7","24"," 11.7","22","  2.9","20","  8.7","999.9","  90.5","*","  73.8"," "," 0.00","I","999.9","000000"
"47140099999","2023-08-14","36.0023491","126.7634672","26.9","GUNSAN, KS","  81.4","24","  74.7","24","1006.2","24","003.1","24"," 10.9","24","  2.5","23","  9.1","999.9","  90.0","*","  74.7","*"," 0.00","I","999.9","000000"
"47140099999","2023-08-15","36.0023491","126.7634672","26.9","GUNSAN, KS","  81.0","24","  74.8","24","1005.1","24","001.9","24"," 11.0","24","  3.5","24"," 10.3","999.9","  87.8","*","  74.5"," "," 0.00","I","999.9","000000"
"47140099999","2023-08-16","36.0023491","126.7634672","26.9","GUNSAN, KS","  79.4","24","  73.5","24","1005.2","24","002.0","24"," 17.1","24","  3.6","24"," 10.3","999.9","  86.4","*","  73.8","*"," 0.00","I","999.9","000000"
"47140099999","2023-08-17","36.0023491","126.7634672","26.9","GUNSAN, KS","  80.6","23","  73.4","23","1006.3","23","003.1","23"," 17.2","23","  2.7","21","  8.2","999.9","  88.2","*","  73.4"," "," 0.00","I","999.9","000000"
"47140099999","2023-08-18","36.0023491","126.7634672","26.9","GUNSAN, KS","  81.5","24","  73.0","24","1008.4","24","005.2","24"," 21.3","24","  3.9","24","  8.4","999.9","  87.8","*","  75.0"," "," 0.06","G","999.9","000000"
"47140099999","2023-08-19","36.0023491","126.7634672","26.9","GUNSAN, KS","  81.5","24","  74.8","24","1011.3","24","008.2","24"," 16.8","24","  3.1","24","  8.5","999.9","  88.0","*","  76.5"," "," 0.00","G","999.9","000000"
"47140099999","2023-08-20","36.0023491","126.7634672","26.9","GUNSAN, KS","  82.3","24","  74.7","24","1011.4","24","008.2","24"," 11.9","24","  3.6","24","  8.0","999.9","  89.6","*","  76.1","*"," 0.00","G","999.9","000000"
"47140099999","2023-08-21","36.0023491","126.7634672","26.9","GUNSAN, KS","  84.3","24","  74.8","24","1007.3","24","004.2","24"," 23.0","24","  5.3","24","  7.4","999.9","  92.3","*","  76.1"," "," 0.00","I","999.9","000000"
"47140099999","2023-08-22","36.0023491","126.7634672","26.9","GUNSAN, KS","  80.0","24","  75.9","24","1005.2","24","002.0","24"," 15.3","24","  4.6","24","  8.4","999.9","  90.0","*","  75.4","*"," 0.76","G","999.9","000000"
"47140099999","2023-08-23","36.0023491","126.7634672","26.9","GUNSAN, KS","  77.2","24","  74.9","24","1005.9","24","002.7","24"," 12.2","24","  3.1","24","  8.5","999.9","  84.6","*","  74.7","*"," 1.30","G","999.9","000000"
"47140099999","2023-08-24","36.0023491","126.7634672","26.9","GUNSAN, KS","  78.5","23","  74.6","23","1007.4","23","004.2","23"," 21.6","23","  4.1","23","  7.4","999.9","  84.6","*","  74.5","*"," 0.05","G","999.9","000000"
"47140099999","2023-08-25","36.0023491","126.7634672","26.9","GUNSAN, KS","  76.9","24","  70.6","24","1010.2","24","007.1","24"," 17.8","24","  4.4","24","  9.5","999.9","  84.4","*","  69.3","*"," 0.00","G","999.9","000000"
"47140099999","2023-08-26","36.0023491","126.7634672","26.9","GUNSAN, KS","  76.8","24","  70.7","24","1009.9","24","006.8","24"," 11.9","21","  3.5","24"," 10.9","999.9","  84.4","*","  69.1"," "," 0.00","I","999.9","000000"
"47140099999","2023-08-27","36.0023491","126.7634672","26.9","GUNSAN, KS","  80.4","23","  72.9","23","1008.1","23","004.9","23"," 17.4","23","  3.2","23","  6.4","999.9","  87.1","*","  71.1"," "," 0.00","I","999.9","000000"
"47140099999","2023-08-28","36.0023491","126.7634672","26.9","GUNSAN, KS","  80.4","24","  73.1","24","1006.0","24","002.9","24"," 22.9","24","  6.4","24","  8.4","999.9","  86.0","*","  75.4","*"," 0.10","G","999.9","000000"
"47140099999","2023-08-29","36.0023491","126.7634672","26.9","GUNSAN, KS","  74.5","24","  72.4","24","1008.2","24","005.0","24"," 18.1","24","  3.5","24","  7.6","999.9","  82.4","*","  71.1","*"," 0.38","G","999.9","000000"
"47140099999","2023-08-30","36.0023491","126.7634672","26.9","GUNSAN, KS","  69.9","24","  68.4","24","1010.9","24","007.7","24","  7.2","24","  2.7","24","  7.4","999.9","  73.6","*","  68.0","*"," 0.66","G","999.9","000000"
"47140099999","2023-08-31","36.0023491","126.7634672","26.9","GUNSAN, KS","  72.6","24","  67.5","24","1012.0","24","008.8","24"," 16.8","24","  2.7","24","  6.2","999.9","  80.1","*","  66.2","*"," 0.07","G","999.9","000000"
"47140099999","2023-09-01","36.0023491","126.7634672","26.9","GUNSAN, KS","  76.1","24","  65.1","24","1012.5","24","009.3","24"," 23.3","24","  3.0","24","  5.6","999.9","  85.5","*","  65.5"," "," 0.00","G","999.9","000000"
"47140099999","2023-09-02","36.0023491","126.7634672","26.9","GUNSAN, KS","  78.6","24","  70.4","24","1012.2","24","009.0","24"," 15.9","24","  2.7","24","  4.7","999.9","  86.9","*","  68.7"," "," 0.00","I","999.9","000000"
"47140099999","2023-09-03","36.0023491","126.7634672","26.9","GUNSAN, KS","  80.5","24","  73.5","24","1012.5","24","009.3","24"," 21.0","24","  3.0","24","  6.2","999.9","  89.6","*","  73.2"," "," 0.00","I","999.9","000000"
"47140099999","2023-09-04","36.0023491","126.7634672","26.9","GUNSAN, KS","  81.2","24","  75.1","24","1012.2","24","009.1","24"," 18.5","24","  3.1","24","  6.8","999.9","  86.4","*","  74.8"," "," 0.00","I","999.9","000000"
"47140099999","2023-09-05","36.0023491","126.7634672","26.9","GUNSAN, KS","  80.7","23","  70.9","23","1011.7","23","008.6","23"," 25.3","23","  2.2","23","  4.5","999.9","  88.7","*","  72.9","*"," 0.00","I","999.9","000000"
"47140099999","2023-09-06","36.0023491","126.7634672","26.9","GUNSAN, KS","  79.5","24","  70.2","24","1012.9","24","009.7","24"," 24.8","24","  3.4","24","  8.5","999.9","  88.7","*","  71.6","*"," 0.00","G","999.9","000000"
"47140099999","2023-09-07","36.0023491","126.7634672","26.9","GUNSAN, KS","  78.1","23","  61.0","23","1014.8","23","011.6","23"," 30.8","23","  3.6","23","  5.2","999.9","  87.3","*","  69.1","*"," 0.00","G","999.9","000000"
"47140099999","2023-09-08","36.0023491","126.7634672","26.9","GUNSAN, KS","  73.9","24","  63.9","24","1013.0","24","009.9","24"," 22.6","24","  2.9","24","  8.0","999.9","  84.2","*","  65.7","*"," 0.00","I","999.9","000000"
"47140099999","2023-09-09","36.0023491","126.7634672","26.9","GUNSAN, KS","  75.6","24","  68.0","24","1011.8","24","008.6","24"," 13.5","24","  3.9","24","  8.7","999.9","  83.3","*","  65.5"," "," 0.00","I","999.9","000000"
"47140099999","2023-09-10","36.0023491","126.7634672","26.9","GUNSAN, KS","  75.5","24","  67.6","24","1010.7","24","007.6","24"," 15.7","24","  4.0","24"," 10.3","999.9","  83.7","*","  68.9","*"," 0.00","I","999.9","000000"
"47140099999","2023-09-11","36.0023491","126.7634672","26.9","GUNSAN, KS","  75.4","24","  66.0","24","1011.0","24","007.8","24"," 21.9","24","  3.2","24","  9.1","999.9","  84.6","*","  68.4","*"," 0.00","I","999.9","000000"
"47140099999","2023-09-12","36.0023491","126.7634672","26.9","GUNSAN, KS","  76.0","24","  68.5","24","1011.9","24","008.7","24"," 15.4","24","  2.9","24","  7.0","999.9","  82.8","*","  68.4"," "," 0.04","G","999.9","000000"
"47140099999","2023-09-13","36.0023491","126.7634672","26.9","GUNSAN, KS","  68.4","24","  66.6","24","1012.1","24","008.9","24","  7.7","24","  3.2","24","  6.4","999.9","  70.7","*","  67.3","*"," 1.28","G","999.9","000000"
"47140099999","2023-09-14","36.0023491","126.7634672","26.9","GUNSAN, KS","  74.2","22","  70.4","22","1013.6","22","010.4","22"," 17.2","22","  2.5","22","  3.9","999.9","  79.7","*","  67.6"," "," 0.36","G","999.9","000000"
"47140099999","2023-09-15","36.0023491","126.7634672","26.9","GUNSAN, KS","  73.8","24","  71.7","24","1013.4","24","010.2","24"," 15.4","24","  2.8","24","  5.8","999.9","  77.4","*","  71.1"," "," 2.07","G","999.9","000000"
"47140099999","2023-09-16","36.0023491","126.7634672","26.9","GUNSAN, KS","  74.3","24","  72.2","24","1011.7","24","008.5","24"," 13.6","24","  2.4","24","  6.6","999.9","  80.1","*","  72.0"," "," 0.69","G","999.9","000000"
"47140099999","2023-09-17","36.0023491","126.7634672","26.9","GUNSAN, KS","  75.4","24","  71.7","24","1012.1","24","008.9","24"," 16.2","24","  3.3","24","  7.4","999.9","  81.0","*","  71.1","*"," 0.02","G","999.9","000000"
"47140099999","2023-09-18","36.0023491","126.7634672","26.9","GUNSAN, KS","  75.2","24","  70.7","24","1014.4","24","011.2","24"," 18.7","24","  3.6","24"," 11.3","999.9","  82.8","*","  70.7","*"," 0.00","G","999.9","000000"
"47140099999","2023-09-19","36.0023491","126.7634672","26.9","GUNSAN, KS","  77.0","14","  69.0","14","1015.3","14","012.1","14"," 14.5","14","  2.8","14","  5.8","999.9","  81.9","*","  70.5"," "," 0.00","I","999.9","000000"
"47140099999","2023-09-20","36.0023491","126.7634672","26.9","GUNSAN, KS","  69.2","24","  67.1","24","1007.0","24","003.8","24"," 13.5","24","  6.3","24"," 11.3","999.9","  72.9","*","  64.4","*"," 2.57","G","999.9","000000"
"47140099999","2023-09-21","36.0023491","126.7634672","26.9","GUNSAN, KS","  65.8","24","  61.6","24","1014.0","24","010.8","24"," 19.2","24","  2.4","24","  5.6","999.9","  72.9","*","  58.5","*"," 0.02","G","999.9","000000"
"47140099999","2023-09-22","36.0023491","126.7634672","26.9","GUNSAN, KS","  67.1","24","  58.0","24","1017.9","24","014.6","24"," 23.4","24","  2.4","24","  5.4","999.9","  77.4","*","  58.6"," "," 0.00","G","999.9","000000"
"47140099999","2023-09-23","36.0023491","126.7634672","26.9","GUNSAN, KS","  70.5","24","  58.7","24","1020.3","24","017.1","24"," 29.1","24","  3.5","24","  5.4","999.9","  77.4","*","  59.2"," "," 0.00","I","999.9","000000"
"47140099999","2023-09-24","36.0023491","126.7634672","26.9","GUNSAN, KS","  71.3","24","  57.5","24","1018.4","24","015.2","24"," 31.0","24","  3.3","24","  4.7","999.9","  79.0","*","  64.4"," "," 0.00","I","999.9","000000"
"47140099999","2023-09-25","36.0023491","126.7634672","26.9","GUNSAN, KS","  71.0","24","  64.9","24","1015.4","24","012.1","24"," 18.1","24","  2.7","24","  4.9","999.9","  77.4","*","  66.4"," "," 0.54","G","999.9","000000"
"47140099999","2023-09-26","36.0023491","126.7634672","26.9","GUNSAN, KS","  72.6","24","  69.5","24","1012.8","24","009.6","24"," 19.2","24","  5.4","24","  7.6","999.9","  77.0","*","  67.3"," "," 0.09","G","999.9","000000"
"47140099999","2023-09-27","36.0023491","126.7634672","26.9","GUNSAN, KS","  71.0","24","  67.8","24","1013.6","24","010.4","24"," 19.4","24","  3.0","24","  8.0","999.9","  75.2","*","  68.4","*"," 0.01","G","999.9","000000"
"47140099999","2023-09-28","36.0023491","126.7634672","26.9","GUNSAN, KS","  70.8","20","  65.1","20","1015.7","20","012.5","20","  4.2","20","  4.4","20"," 12.4","999.9","  77.2","*","  63.5","*"," 0.00","I","999.9","000000"
"47140099999","2023-09-29","36.0023491","126.7634672","26.9","GUNSAN, KS","  66.3","22","  60.5","22","1014.8","22","011.6","22"," 14.0","22","  2.6","22","  5.4","999.9","  74.3","*","  58.5","*"," 0.17","G","999.9","000000"
"47140099999","2023-09-30","36.0023491","126.7634672","26.9","GUNSAN, KS","  65.4","24","  59.2","24","1013.2","24","010.0","24"," 23.7","24","  3.9","24","  9.9","999.9","  72.5","*","  57.4","*"," 0.02","G","999.9","000000"
"47140099999","2023-10-01","36.0023491","126.7634672","26.9","GUNSAN, KS","  63.4","24","  49.0","24","1017.5","24","014.2","24"," 28.9","24","  4.0","24"," 10.9","999.9","  73.8","*","  53.8","*"," 0.00","I","999.9","000000"
"47140099999","2023-10-02","36.0023491","126.7634672","26.9","GUNSAN, KS","  64.9","24","  48.6","24","1018.8","24","015.5","24"," 30.7","24","  2.8","24","  9.9","999.9","  76.1","*","  53.2"," "," 0.00","I","999.9","000000"
"47140099999","2023-10-03","36.0023491","126.7634672","26.9","GUNSAN, KS","  61.3","23","  55.2","23","1017.8","23","014.5","23"," 22.2","23","  1.8","23","  3.7","999.9","  69.3","*","  54.5","*"," 0.00","I","999.9","000000"
"47140099999","2023-10-04","36.0023491","126.7634672","26.9","GUNSAN, KS","  65.5","24","  53.2","24","1015.7","24","012.5","24"," 27.0","24","  6.4","24"," 14.2","999.9","  73.4","*","  54.1"," "," 0.02","G","999.9","000000"
"47140099999","2023-10-05","36.0023491","126.7634672","26.9","GUNSAN, KS","  58.8","21","  42.0","21","1018.8","21","015.4","21"," 30.5","21","  4.5","21"," 11.7","999.9","  67.1","*","  50.9","*"," 0.00","I","999.9","000000"
"47140099999","2023-10-06","36.0023491","126.7634672","26.9","GUNSAN, KS","  61.0","24","  46.5","24","1020.7","24","017.4","24"," 29.1","20","  2.3","24","  5.4","999.9","  70.2","*","  50.9"," "," 0.00","I","999.9","000000"
"47140099999","2023-10-07","36.0023491","126.7634672","26.9","GUNSAN, KS","  63.4","24","  53.2","24","1022.8","24","019.5","24"," 26.3","22","  2.0","24","  4.1","999.9","  68.0","*","  52.5"," "," 0.00","I","999.9","000000"
"47140099999","2023-10-08","36.0023491","126.7634672","26.9","GUNSAN, KS","  64.2","24","  52.3","24","1021.8","24","018.5","24"," 30.6","24","  3.5","24","  5.1","999.9","  68.4","*","  59.9"," "," 0.00","G","999.9","000000"
"47140099999","2023-10-09","36.0023491","126.7634672","26.9","GUNSAN, KS","  62.9","24","  56.0","24","1020.7","24","017.4","24"," 22.5","24","  3.3","24","  8.2","999.9","  70.7","*","  55.4","*"," 0.00","G","999.9","000000"
"47140099999","2023-10-10","36.0023491","126.7634672","26.9","GUNSAN, KS","  61.9","23","  54.8","23","1022.8","23","019.5","23"," 19.4","23","  3.4","23","  8.7","999.9","  69.8","*","  54.5","*"," 0.00","I","999.9","000000"
"47140099999","2023-10-11","36.0023491","126.7634672","26.9","GUNSAN, KS","  63.2","24","  51.5","24","1025.1","24","021.8","24"," 24.7","24","  2.8","24","  8.0","999.9","  75.6","*","  53.1","*"," 0.00","I","999.9","000000"
"47140099999","2023-10-12","36.0023491","126.7634672","26.9","GUNSAN, KS","  64.7","22","  50.8","22","1023.6","22","020.3","22"," 23.2","22","  2.8","22","  6.4","999.9","  75.4","*","  53.1"," "," 0.00","I","999.9","000000"
"47140099999","2023-10-13","36.0023491","126.7634672","26.9","GUNSAN, KS","  61.6","24","  52.7","24","1016.2","24","013.0","24"," 13.4","24","  2.5","24","  6.4","999.9","  71.1","*","  55.4","*"," 0.00","G","999.9","000000"
"47140099999","2023-10-14","36.0023491","126.7634672","26.9","GUNSAN, KS","  59.7","24","  53.3","24","1010.9","24","007.6","24"," 14.4","24","  4.4","24","  9.1","999.9","  70.2","*","  51.8","*"," 0.00","I","999.9","000000"
"47140099999","2023-10-15","36.0023491","126.7634672","26.9","GUNSAN, KS","  61.8","24","  53.6","24","1014.1","24","010.8","24"," 15.3","24","  5.4","24"," 12.2","999.9","  68.9","*","  51.4"," "," 0.00","G","999.9","000000"
"47140099999","2023-10-16","36.0023491","126.7634672","26.9","GUNSAN, KS","  55.8","24","  44.7","24","1018.3","24","015.0","24"," 26.1","24","  5.5","24"," 12.6","999.9","  65.3","*","  44.6","*"," 0.00","I","999.9","000000"
"47140099999","2023-10-17","36.0023491","126.7634672","26.9","GUNSAN, KS","  57.3","22","  47.7","22","1021.3","22","018.0","22"," 21.0","22","  2.8","22","  7.6","999.9","  67.1","*","  44.2"," "," 0.00","I","999.9","000000"
"47140099999","2023-10-18","36.0023491","126.7634672","26.9","GUNSAN, KS","  61.4","24","  53.1","24","1020.0","24","016.7","24"," 19.3","24","  5.3","24","  9.7","999.9","  73.4","*","  46.9"," "," 0.00","I","999.9","000000"
"47140099999","2023-10-19","36.0023491","126.7634672","26.9","GUNSAN, KS","  59.4","24","  55.9","24","1016.9","24","013.6","24"," 12.7","24","  4.6","24","  8.5","999.9","  70.0","*","  51.1","*"," 0.58","G","999.9","000000"
"47140099999","2023-10-20","36.0023491","126.7634672","26.9","GUNSAN, KS","  52.3","24","  38.3","24","1020.6","24","017.2","24"," 30.9","24","  8.9","24"," 20.8","999.9","  61.0","*","  42.1","*"," 0.02","G","999.9","000000"
"47140099999","2023-10-21","36.0023491","126.7634672","26.9","GUNSAN, KS","  51.5","24","  42.3","24","1023.6","24","020.2","24"," 26.4","24","  5.1","24"," 16.9","999.9","  63.0","*","  41.7"," "," 0.20","G","  0.4","000000"
"47140099999","2023-10-22","36.0023491","126.7634672","26.9","GUNSAN, KS","  56.5","24","  48.2","24","1024.6","24","021.3","24"," 21.2","24","  2.5","24","  5.2","999.9","  64.4","*","  41.7"," "," 0.10","G","999.9","000000"
"47140099999","2023-10-23","36.0023491","126.7634672","26.9","GUNSAN, KS","  57.4","24","  50.9","24","1023.3","24","019.9","24"," 13.8","24","  2.7","24","  7.8","999.9","  68.0","*","  49.1","*"," 0.00","G","999.9","000000"
"47140099999","2023-10-24","36.0023491","126.7634672","26.9","GUNSAN, KS","  59.6","24","  52.2","24","1020.5","24","017.2","24"," 13.2","24","  2.2","24","  6.0","999.9","  69.3","*","  48.7"," "," 0.00","I","999.9","000000"
"47140099999","2023-10-25","36.0023491","126.7634672","26.9","GUNSAN, KS","  62.3","24","  57.3","24","1018.5","24","015.2","24","  4.6","21","  2.8","24","  5.1","999.9","  72.0","*","  52.0"," "," 0.00","I","999.9","000000"
"47140099999","2023-10-26","36.0023491","126.7634672","26.9","GUNSAN, KS","  63.2","24","  55.1","24","1015.7","24","012.4","24"," 12.0","24","  6.2","24"," 12.2","999.9","  72.0","*","  55.9"," "," 0.00","I","999.9","000000"
"47140099999","2023-10-27","36.0023491","126.7634672","26.9","GUNSAN, KS","  56.3","24","  47.8","24","1017.4","24","014.0","24"," 16.9","24","  3.7","24"," 10.1","999.9","  65.3","*","  47.3","*"," 0.00","I","999.9","000000"
"47140099999","2023-10-28","36.0023491","126.7634672","26.9","GUNSAN, KS","  57.9","24","  51.8","24","1020.4","24","017.0","24"," 15.9","24","  3.1","24","  8.9","999.9","  67.1","*","  46.9"," "," 0.00","I","999.9","000000"
"47140099999","2023-10-29","36.0023491","126.7634672","26.9","GUNSAN, KS","  57.9","24","  50.7","24","1022.7","24","019.4","24"," 10.3","24","  2.5","24","  8.2","999.9","  70.2","*","  49.5","*"," 0.00","I","999.9","000000"
"47140099999","2023-10-30","36.0023491","126.7634672","26.9","GUNSAN, KS","  58.8","24","  54.3","24","1023.9","24","020.5","24","  6.1","24","  2.7","24","  7.4","999.9","  68.9","*","  49.5"," "," 0.00","I","999.9","000000"
"47140099999","2023-10-31","36.0023491","126.7634672","26.9","GUNSAN, KS","  60.9","24","  53.9","24","1022.3","24","019.0","24","  8.6","24","  5.4","24","  8.9","999.9","  70.2","*","  52.9"," "," 0.00","I","999.9","000000"
"47140099999","2023-11-01","36.0023491","126.7634672","26.9","GUNSAN, KS","  66.1","24","  58.7","24","1019.4","24","016.1","24"," 13.6","24","  6.7","24"," 13.0","999.9","  74.8"," ","  56.1"," "," 0.00","I","999.9","000000"
"47140099999","2023-11-02","36.0023491","126.7634672","26.9","GUNSAN, KS","  67.1","24","  55.7","24","1017.9","24","014.6","24"," 22.3","24","  5.2","24","  8.0","999.9","  77.5","*","  59.4","*"," 0.00","I","999.9","000000"
"47140099999","2023-11-03","36.0023491","126.7634672","26.9","GUNSAN, KS","  68.1","24","  63.1","24","1017.7","24","014.5","24"," 12.8","24","  4.6","24","  9.9","999.9","  74.8","*","  58.6"," "," 0.00","I","999.9","000000"
"47140099999","2023-11-04","36.0023491","126.7634672","26.9","GUNSAN, KS","  66.4","24","  61.5","24","1020.9","24","017.6","24","  8.5","24","  3.0","24","  5.1","999.9","  71.6","*","  62.6","*"," 0.00","I","999.9","000000"
"47140099999","2023-11-05","36.0023491","126.7634672","26.9","GUNSAN, KS","  68.9","24","  62.7","24","1011.5","24","008.3","24"," 14.5","24"," 10.4","24"," 18.1","999.9","  76.1","*","  62.4"," "," 0.43","F","999.9","000000"
"47140099999","2023-11-06","36.0023491","126.7634672","26.9","GUNSAN, KS","  56.6","20","  42.7","20","1014.7","20","011.4","20"," 24.2","20"," 15.2","20"," 20.0","999.9","  63.5","*","  47.1","*"," 0.36","F","999.9","000000"
"47140099999","2023-11-07","36.0023491","126.7634672","26.9","GUNSAN, KS","  45.4","24","  33.4","24","1024.0","24","020.6","24"," 29.9","24","  5.3","24"," 13.0","999.9","  55.2","*","  36.9","*"," 0.03","E","999.9","000000"
"47140099999","2023-11-08","36.0023491","126.7634672","26.9","GUNSAN, KS","  49.2","24","  36.8","24","1022.6","24","019.2","24"," 25.1","24","  2.3","24","  7.0","999.9","  60.6","*","  36.7"," "," 0.00","I","999.9","000000"
"47140099999","2023-11-09","36.0023491","126.7634672","26.9","GUNSAN, KS","  55.9","24","  49.6","24","1021.1","24","017.7","24"," 12.2","24","  4.1","24","  9.9","999.9","  66.4","*","  41.5","*"," 0.35","E","999.9","000000"
"47140099999","2023-11-10","36.0023491","126.7634672","26.9","GUNSAN, KS","  40.1","24","  25.6","24","1028.5","24","025.0","24"," 30.9","24","  5.3","24"," 12.0","999.9","  50.2","*","  32.4","*"," 0.51","E","999.9","000000"
"47140099999","2023-11-11","36.0023491","126.7634672","26.9","GUNSAN, KS","  38.3","24","  26.9","24","1029.8","24","026.3","24"," 28.9","24","  2.4","24","  8.0","999.9","  44.6","*","  31.6"," "," 0.00","I","999.9","000000"
"47140099999","2023-11-12","36.0023491","126.7634672","26.9","GUNSAN, KS","  38.7","24","  28.2","24","1028.6","24","025.1","24"," 28.7","24","  4.5","24","  8.9","999.9","  43.9","*","  32.4","*"," 0.00","I","999.9","000000"
"47140099999","2023-11-13","36.0023491","126.7634672","26.9","GUNSAN, KS","  41.2","24","  30.0","24","1029.4","24","025.9","24"," 27.5","24","  4.6","24"," 13.0","999.9","  47.8","*","  32.0"," "," 0.00","I","999.9","000000"
"47140099999","2023-11-14","36.0023491","126.7634672","26.9","GUNSAN, KS","  46.7","23","  38.1","23","1027.9","23","024.5","23"," 20.6","23","  2.9","23","  8.0","999.9","  53.8","*","  36.7"," "," 0.00","I","999.9","000000"
"47140099999","2023-11-15","36.0023491","126.7634672","26.9","GUNSAN, KS","  47.3","24","  37.5","24","1027.8","24","024.3","24","  9.0","24","  2.4","24","  6.0","999.9","  57.2","*","  40.8","*"," 0.00","I","999.9","000000"
"47140099999","2023-11-16","36.0023491","126.7634672","26.9","GUNSAN, KS","  43.2","24","  39.9","24","1018.9","24","015.5","24","  9.7","24","  4.0","24"," 15.0","999.9","  47.5","*","  35.2","*"," 0.63","E","999.9","000000"
"47140099999","2023-11-17","36.0023491","126.7634672","26.9","GUNSAN, KS","  34.8","24","  31.1","24","1016.1","24","012.6","24"," 17.1","24","  6.4","24"," 12.0","999.9","  43.3","*","  30.0","*"," 0.55","F","999.9","000000"
"47140099999","2023-11-18","36.0023491","126.7634672","26.9","GUNSAN, KS","  40.9","24","  32.7","24","1021.5","24","018.0","24"," 24.2","24","  8.3","24"," 17.1","999.9","  45.3","*","  29.3"," "," 0.20","E","999.9","000000"
"47140099999","2023-11-19","36.0023491","126.7634672","26.9","GUNSAN, KS","  47.4","24","  39.3","24","1020.5","24","017.1","24"," 18.0","24","  5.3","24","  9.9","999.9","  57.9","*","  35.6","*"," 0.00","I","999.9","000000"
"47140099999","2023-11-20","36.0023491","126.7634672","26.9","GUNSAN, KS","  43.1","24","  35.2","24","1025.1","24","021.6","24"," 16.3","24","  1.9","24","  5.1","999.9","  54.5","*","  33.8","*"," 0.00","I","999.9","000000"
"47140099999","2023-11-21","36.0023491","126.7634672","26.9","GUNSAN, KS","  43.7","24","  36.3","24","1021.9","24","018.5","24"," 10.1","24","  1.5","24","  5.1","999.9","  56.7","*","  33.3"," "," 0.00","I","999.9","000000"
"47140099999","2023-11-22","36.0023491","126.7634672","26.9","GUNSAN, KS","  55.9","23","  48.7","23","1015.9","23","012.6","23"," 12.5","23","  3.9","23","  7.0","999.9","  61.3","*","  34.0"," "," 0.00","I","999.9","000000"
"47140099999","2023-11-23","36.0023491","126.7634672","26.9","GUNSAN, KS","  48.3","24","  36.9","24","1019.4","24","016.0","24"," 17.0","24"," 11.0","24"," 21.0","999.9","  58.1","*","  36.3","*"," 0.00","E","999.9","000000"
"47140099999","2023-11-24","36.0023491","126.7634672","26.9","GUNSAN, KS","  32.9","24","  20.7","24","1032.8","24","029.2","24"," 30.8","24","  6.6","24"," 13.0","999.9","  39.4","*","  26.4","*"," 0.01","E","999.9","000000"
"47140099999","2023-11-25","36.0023491","126.7634672","26.9","GUNSAN, KS","  32.7","23","  14.3","23","1032.1","23","028.5","23"," 30.1","23","  2.8","23","  7.0","999.9","  38.8","*","  26.1"," "," 0.00","I","999.9","000000"
"47140099999","2023-11-26","36.0023491","126.7634672","26.9","GUNSAN, KS","  42.4","24","  30.7","24","1022.3","24","018.8","24"," 18.3","24","  2.5","24","  6.0","999.9","  47.7","*","  28.8"," "," 0.00","I","999.9","000000"
"47140099999","2023-11-27","36.0023491","126.7634672","26.9","GUNSAN, KS","  47.1","24","  38.6","24","1017.0","24","013.6","24"," 15.5","24","  8.1","24"," 17.1","999.9","  53.6","*","  38.1","*"," 0.04","F","999.9","000000"
"47140099999","2023-11-28","36.0023491","126.7634672","26.9","GUNSAN, KS","  37.8","24","  29.2","24","1024.8","24","021.3","24"," 20.6","24","  4.1","24","  9.9","999.9","  44.8","*","  33.3","*"," 0.01","E","999.9","000000"
"47140099999","2023-11-29","36.0023491","126.7634672","26.9","GUNSAN, KS","  37.7","24","  26.3","24","1027.6","24","024.1","24"," 25.4","24","  7.4","24"," 17.1","999.9","  47.5","*","  26.2","*"," 0.00","E","999.9","000000"
"47140099999","2023-11-30","36.0023491","126.7634672","26.9","GUNSAN, KS","  31.1","24","  21.1","24","1029.1","24","025.5","24"," 23.5","24","  4.6","24"," 11.1","999.9","  36.3","*","  25.9"," "," 0.00","I","999.9","000000"
"47140099999","2023-12-01","36.0023491","126.7634672","26.9","GUNSAN, KS","  32.9","24","  22.5","24","1028.1","24","024.5","24"," 26.0","24","  4.5","24"," 13.0","999.9","  36.1","*","  26.4"," "," 0.01","E","999.9","000000"
"47140099999","2023-12-02","36.0023491","126.7634672","26.9","GUNSAN, KS","  41.2","24","  30.4","24","1026.5","24","023.0","24"," 18.2","24","  5.4","24"," 11.1","999.9","  46.4","*","  30.6","*"," 0.00","E","999.9","000000"
"47140099999","2023-12-03","36.0023491","126.7634672","26.9","GUNSAN, KS","  34.9","24","  26.4","24","1027.4","24","023.9","24"," 19.0","24","  2.6","24","  9.9","999.9","  44.4","*","  26.2","*"," 0.00","I","999.9","000000"
"47140099999","2023-12-04","36.0023491","126.7634672","26.9","GUNSAN, KS","  38.8","24","  27.9","24","1021.5","24","018.0","24"," 20.2","24","  1.8","24","  4.1","999.9","  48.0","*","  26.1"," "," 0.00","I","999.9","000000"
"47140099999","2023-12-05","36.0023491","126.7634672","26.9","GUNSAN, KS","  42.7","24","  32.6","24","1017.2","24","013.8","24"," 10.2","24","  1.6","24","  5.1","999.9","  54.9","*","  32.2"," "," 0.00","I","999.9","000000"
"47140099999","2023-12-06","36.0023491","126.7634672","26.9","GUNSAN, KS","  47.4","24","  36.8","24","1012.7","24","009.3","24"," 14.7","24","  9.1","24"," 15.9","999.9","  56.8","*","  35.6"," "," 0.01","E","999.9","000000"
"47140099999","2023-12-07","36.0023491","126.7634672","26.9","GUNSAN, KS","  47.6","24","  33.5","24","1017.4","24","014.0","24"," 18.4","24","  5.9","24","  8.0","999.9","  54.3","*","  37.8"," "," 0.00","I","999.9","000000"
"47140099999","2023-12-08","36.0023491","126.7634672","26.9","GUNSAN, KS","  57.5","24","  48.4","24","1015.5","24","012.2","24"," 13.2","24","  6.6","24"," 14.0","999.9","  68.2","*","  41.9"," "," 0.00","I","999.9","000000"
"47140099999","2023-12-09","36.0023491","126.7634672","26.9","GUNSAN, KS","  58.0","24","  53.4","24","1020.5","24","017.1","24","  5.5","24","  3.3","24","  8.0","999.9","  67.3","*","  52.2"," "," 0.00","I","999.9","000000"
"47140099999","2023-12-10","36.0023491","126.7634672","26.9","GUNSAN, KS","  57.0","24","  50.7","24","1021.5","24","018.1","24","  6.3","24","  2.9","24","  5.1","999.9","  64.2","*","  52.3","*"," 0.00","I","999.9","000000"
"47140099999","2023-12-11","36.0023491","126.7634672","26.9","GUNSAN, KS","  51.4","23","  49.3","23","1013.7","23","010.4","23"," 11.3","23","  4.9","23","  8.0","999.9","  55.9","*","  43.5","*"," 1.55","F","999.9","000000"
"47140099999","2023-12-12","36.0023491","126.7634672","26.9","GUNSAN, KS","  47.0","22","  40.6","22","1023.9","22","020.5","22"," 30.1","22","  2.6","22","  8.0","999.9","  50.4","*","  43.5"," "," 0.02","E","999.9","000000"
"47140099999","2023-12-13","36.0023491","126.7634672","26.9","GUNSAN, KS","  51.9","23","  42.2","23","1027.1","23","023.7","23"," 29.2","23","  2.4","23","  5.1","999.9","  56.5","*","  43.2"," "," 0.00","I","999.9","000000"
"47140099999","2023-12-14","36.0023491","126.7634672","26.9","GUNSAN, KS","  51.2","24","  48.8","24","1017.4","24","014.1","24","  6.2","24","  3.2","24","  5.1","999.9","  54.7","*","  48.7","*"," 0.71","E","999.9","000000"
"47140099999","2023-12-15","36.0023491","126.7634672","26.9","GUNSAN, KS","  44.0","24","  41.3","24","1016.3","24","012.9","24"," 13.1","24"," 12.1","24"," 18.1","999.9","  54.7","*","  34.0","*"," 2.24","F","999.9","000000"
"47140099999","2023-12-16","36.0023491","126.7634672","26.9","GUNSAN, KS","  25.7","24","  20.6","24","1028.2","24","024.6","24"," 17.9","24"," 13.8","24"," 21.0","999.9","  32.7","*","  16.3","*"," 0.10","F","999.9","000000"
"47140099999","2023-12-17","36.0023491","126.7634672","26.9","GUNSAN, KS","  19.3","23","  11.0","23","1036.3","23","032.6","23"," 26.8","23","  2.9","23","  5.1","999.9","  24.3","*","  16.0"," "," 0.08","E","999.9","000000"
"47140099999","2023-12-18","36.0023491","126.7634672","26.9","GUNSAN, KS","  25.5","24","  12.9","24","1033.8","24","030.2","24"," 29.3","24","  2.9","24","  5.1","999.9","  28.4","*","  17.1"," "," 0.00","I","999.9","000000"
"47140099999","2023-12-19","36.0023491","126.7634672","26.9","GUNSAN, KS","  29.9","22","  23.1","22","1028.2","22","024.6","22"," 12.4","22","  3.5","22"," 15.9","999.9","  32.9","*","  23.4"," "," 0.02","E","  0.8","000000"
"47140099999","2023-12-20","36.0023491","126.7634672","26.9","GUNSAN, KS","  20.7","24","  17.0","24","1029.1","24","025.4","24","  5.2","24","  4.9","24","  9.9","999.9","  26.8","*","  13.8","*"," 0.16","F","  1.6","000000"
"47140099999","2023-12-21","36.0023491","126.7634672","26.9","GUNSAN, KS","  16.8","24","  11.1","24","1033.3","24","029.6","24"," 14.1","24","  3.2","24","  9.9","999.9","  24.1","*","   9.3","*"," 0.28","F","  1.6","000000"
"47140099999","2023-12-22","36.0023491","126.7634672","26.9","GUNSAN, KS","  18.0","24","  10.8","24","1038.8","24","035.1","24"," 20.3","24","  2.7","24","  8.0","999.9","  26.1"," ","   9.3"," "," 0.08","E","999.9","000000"
"47140099999","2023-12-23","36.0023491","126.7634672","26.9","GUNSAN, KS","  26.7","24","  17.7","24","1035.9","24","032.2","24"," 18.6","24","  1.8","24","  4.1","999.9","  33.4","*","  12.4"," "," 0.00","I","  2.0","000000"
"47140099999","2023-12-24","36.0023491","126.7634672","26.9","GUNSAN, KS","  30.7","24","  27.5","24","1031.2","24","027.6","24","  4.1","24","  2.8","24","  6.0","999.9","  36.7","*","  23.7"," "," 0.08","E","  1.2","000000"
"47140099999","2023-12-25","36.0023491","126.7634672","26.9","GUNSAN, KS","  34.0","24","  29.6","24","1030.9","24","027.3","24","  5.8","24","  3.6","24","  6.0","999.9","  39.2","*","  27.9"," "," 0.01","F","999.9","000000"
"47140099999","2023-12-26","36.0023491","126.7634672","26.9","GUNSAN, KS","  37.3","24","  31.7","24","1031.4","24","027.9","24","  7.0","24","  2.0","24","  5.1","999.9","  46.6","*","  31.5"," "," 0.00","I","999.9","000000"
"47140099999","2023-12-27","36.0023491","126.7634672","26.9","GUNSAN, KS","  36.1","24","  31.5","24","1030.9","24","027.4","24","  4.0","24","  1.5","24","  6.0","999.9","  46.6","*","  27.1","*"," 0.00","I","999.9","000000"
"47140099999","2023-12-28","36.0023491","126.7634672","26.9","GUNSAN, KS","  35.2","24","  31.8","24","1030.0","24","026.5","24","  2.9","24","  2.0","24","  5.1","999.9","  43.3","*","  27.0"," "," 0.00","I","999.9","000000"
"47140099999","2023-12-29","36.0023491","126.7634672","26.9","GUNSAN, KS","  34.8","24","  30.5","24","1026.3","24","022.7","24","  2.9","24","  1.6","24","  5.1","999.9","  42.6","*","  29.7","*"," 0.00","I","999.9","000000"
"47140099999","2023-12-30","36.0023491","126.7634672","26.9","GUNSAN, KS","  39.5","24","  36.2","24","1015.6","24","012.1","24","  2.8","24","  4.5","24"," 15.9","999.9","  44.8","*","  29.1"," "," 0.08","E","999.9","000000"
"47140099999","2023-12-31","36.0023491","126.7634672","26.9","GUNSAN, KS","  39.0","24","  33.9","24","1024.3","24","020.8","24","  9.9","24","  6.1","24"," 17.1","999.9","  42.3","*","  32.4","*"," 0.08","E","999.9","000000"
