"STATION","DATE","LATITUDE","LONGITUDE","ELEVATION","NAME","TEMP","TEMP_ATTRIBUTES","DEWP","DEWP_ATTRIBUTES","SLP","SLP_ATTRIBUTES","STP","STP_ATTRIBUTES","VISIB","VISIB_ATTRIBUTES","WDSP","WDSP_ATTRIBUTES","MXSPD","GUST","MAX","MAX_ATTRIBUTES","MIN","MIN_ATTRIBUTES","PRCP","PRCP_ATTRIBUTES","SNDP","FRSHTT"
"61415099999","2023-01-01","20.933067","-17.029956","4.87","NOUADHIBOU, MR","  74.2","20","  50.9","20","9999.9"," 0","999.9"," 0","  3.0","20","  9.5","20"," 15.0","999.9","  86.0","*","  66.2","*"," 0.00","I","999.9","000000"
"61415099999","2023-01-02","20.933067","-17.029956","4.87","NOUADHIBOU, MR","  72.9","22","  49.2","22","9999.9"," 0","999.9"," 0","  4.0","22"," 12.4","22"," 18.1","999.9","  86.0","*","  68.0","*"," 0.00","I","999.9","000000"
"61415099999","2023-01-03","20.933067","-17.029956","4.87","NOUADHIBOU, MR","  72.6","20","  51.4","20","9999.9"," 0","999.9"," 0","  4.2","20"," 13.1","20"," 17.1","999.9","  86.0","*","  66.2","*"," 0.00","I","999.9","000000"
"61415099999","2023-01-04","20.933067","-17.029956","4.87","NOUADHIBOU, MR","  73.3","14","  43.7","14","9999.9"," 0","999.9"," 0","  3.7","14","  7.8","14"," 13.0","999.9","  84.2","*","  66.2","*"," 0.00","I","999.9","000000"
"61415099999","2023-01-05","20.933067","-17.029956","4.87","NOUADHIBOU, MR","  72.3","18","  40.5","18","9999.9"," 0","999.9"," 0","  5.0","18","  9.1","18"," 15.9","999.9","  80.6","*","  64.4","*"," 0.00","I","999.9","000000"
"61415099999","2023-01-06","20.933067","-17.029956","4.87","NOUADHIBOU, MR","  71.5","23","  44.7","23","9999.9"," 0","999.9"," 0","  4.3","23"," 11.9","23"," 15.9","999.9","  82.4","*","  64.4","*"," 0.00","I","999.9","000000"
"61415099999","2023-01-07","20.933067","-17.029956","4.87","NOUADHIBOU, MR","  71.0","23","  44.8","23","9999.9"," 0","999.9"," 0","  3.7","23"," 12.5","23"," 18.1","999.9","  80.6","*","  62.6","*"," 0.00","I","999.9","000000"
"61415099999","2023-01-08","20.933067","-17.029956","4.87","NOUADHIBOU, MR","  70.3","23","  41.9","23","9999.9"," 0","999.9"," 0","  4.4","23"," 14.0","23"," 18.1","999.9","  78.8","*","  62.6","*"," 0.00","I","999.9","000000"
"61415099999","2023-01-09","20.933067","-17.029956","4.87","NOUADHIBOU, MR","  70.2","21","  40.9","21","9999.9"," 0","999.9"," 0","  4.3","21"," 11.6","21"," 18.1","999.9","  80.6","*","  62.6","*"," 0.00","I","999.9","000000"
"61415099999","2023-01-10","20.933067","-17.029956","4.87","NOUADHIBOU, MR","  69.6","22","  46.1","22","9999.9"," 0","999.9"," 0","  4.3","22","  9.7","22"," 13.0","999.9","  80.6","*","  64.4","*"," 0.00","I","999.9","000000"
"61415099999","2023-01-11","20.933067","-17.029956","4.87","NOUADHIBOU, MR","  68.2","23","  43.7","23","9999.9"," 0","999.9"," 0","  4.7","23"," 13.4","23"," 19.0","999.9","  78.8","*","  62.6","*"," 0.00","I","999.9","000000"
"61415099999","2023-01-12","20.933067","-17.029956","4.87","NOUADHIBOU, MR","  67.2","24","  49.3","24","9999.9"," 0","999.9"," 0","  5.2","23"," 14.4","23"," 19.0","999.9","  80.6","*","  60.8","*"," 0.00","I","999.9","000000"
"61415099999","2023-01-13","20.933067","-17.029956","4.87","NOUADHIBOU, MR","  69.7","23","  49.5","22","9999.9"," 0","999.9"," 0","  5.0","23"," 11.5","23"," 15.9","999.9","  84.2","*","  62.6","*"," 0.00","I","999.9","000000"
"61415099999","2023-01-14","20.933067","-17.029956","4.87","NOUADHIBOU, MR","  70.9","24","  48.1","24","9999.9"," 0","999.9"," 0","  4.5","24"," 11.5","24"," 17.1","999.9","  84.2","*","  62.6","*"," 0.00","I","999.9","000000"
"61415099999","2023-01-15","20.933067","-17.029956","4.87","NOUADHIBOU, MR","  73.5","22","  44.8","22","9999.9"," 0","999.9"," 0","  4.8","22","  9.2","22"," 14.0","999.9","  84.2","*","  66.2","*"," 0.00","I","999.9","000000"
"61415099999","2023-01-16","20.933067","-17.029956","4.87","NOUADHIBOU, MR","  72.8","22","  43.6","22","9999.9"," 0","999.9"," 0","  4.7","22"," 10.2","22"," 13.0","999.9","  84.2","*","  66.2","*"," 0.00","I","999.9","000000"
"61415099999","2023-01-17","20.933067","-17.029956","4.87","NOUADHIBOU, MR","  71.4","23","  44.2","23","9999.9"," 0","999.9"," 0","  4.7","23"," 12.2","23"," 18.1","999.9","  84.2","*","  66.2","*"," 0.00","I","999.9","000000"
"61415099999","2023-01-18","20.933067","-17.029956","4.87","NOUADHIBOU, MR","  67.3","24","  51.3","24","9999.9"," 0","999.9"," 0","  4.9","24"," 16.1","24"," 21.0","999.9","  78.8","*","  60.8","*"," 0.00","I","999.9","000000"
"61415099999","2023-01-19","20.933067","-17.029956","4.87","NOUADHIBOU, MR","  66.1","24","  53.7","24","9999.9"," 0","999.9"," 0","  5.1","24"," 16.8","24"," 21.0","999.9","  75.2","*","  60.8","*"," 0.00","I","999.9","000000"
"61415099999","2023-01-20","20.933067","-17.029956","4.87","NOUADHIBOU, MR","  64.1","21","  54.0","21","9999.9"," 0","999.9"," 0","  4.7","21"," 14.9","21"," 19.0","999.9","  71.6","*","  59.0","*"," 0.00","I","999.9","000000"
"61415099999","2023-01-21","20.933067","-17.029956","4.87","NOUADHIBOU, MR","  65.2","23","  53.7","23","9999.9"," 0","999.9"," 0","  3.8","23"," 13.1","23"," 17.1","999.9","  75.2","*","  59.0","*"," 0.00","I","999.9","000000"
"61415099999","2023-01-22","20.933067","-17.029956","4.87","NOUADHIBOU, MR","  67.3","22","  46.0","22","9999.9"," 0","999.9"," 0","  3.6","22"," 16.6","22"," 19.0","999.9","  80.6","*","  59.0","*"," 0.00","I","999.9","000000"
"61415099999","2023-01-23","20.933067","-17.029956","4.87","NOUADHIBOU, MR","  67.3","23","  50.5","23","9999.9"," 0","999.9"," 0","  4.7","23"," 16.5","23"," 21.0","999.9","  80.6","*","  60.8","*"," 0.00","I","999.9","000000"
"61415099999","2023-01-24","20.933067","-17.029956","4.87","NOUADHIBOU, MR","  68.4","23","  50.6","23","9999.9"," 0","999.9"," 0","  5.2","23"," 14.3","23"," 18.1","999.9","  82.4","*","  60.8","*"," 0.00","I","999.9","000000"
"61415099999","2023-01-25","20.933067","-17.029956","4.87","NOUADHIBOU, MR","  67.6","24","  49.4","24","9999.9"," 0","999.9"," 0","  5.0","24"," 13.1","24"," 15.9","999.9","  84.2","*","  57.2","*"," 0.00","I","999.9","000000"
"61415099999","2023-01-26","20.933067","-17.029956","4.87","NOUADHIBOU, MR","  70.7","23","  45.1","23","1013.5"," 5","012.8"," 5","  4.1","23"," 12.6","23"," 15.0","999.9","  84.2","*","  62.6","*"," 0.00","I","999.9","000000"
"61415099999","2023-01-27","20.933067","-17.029956","4.87","NOUADHIBOU, MR","  68.0","23","  41.2","23","1016.3"," 5","015.6"," 5","  4.2","23"," 15.7","23"," 20.0","999.9","  80.6","*","  60.6"," "," 0.00","I","999.9","000000"
"61415099999","2023-01-28","20.933067","-17.029956","4.87","NOUADHIBOU, MR","  64.7","24","  45.1","24","1018.2"," 5","017.5"," 5","  4.6","24"," 17.2","24"," 22.0","999.9","  75.2","*","  58.3"," "," 0.00","I","999.9","000000"
"61415099999","2023-01-29","20.933067","-17.029956","4.87","NOUADHIBOU, MR","  63.8","22","  50.4","22","1017.3"," 5","016.6"," 5","  5.1","22"," 14.9","22"," 18.1","999.9","  73.4","*","  57.9"," "," 0.00","I","999.9","000000"
"61415099999","2023-01-30","20.933067","-17.029956","4.87","NOUADHIBOU, MR","  64.7","24","  48.9","24","1017.2"," 5","016.5"," 5","  4.9","24"," 14.7","24"," 20.0","999.9","  75.2","*","  58.1"," "," 0.00","I","999.9","000000"
"61415099999","2023-01-31","20.933067","-17.029956","4.87","NOUADHIBOU, MR","  64.7","23","  48.5","23","1017.4"," 5","016.7"," 5","  4.5","23"," 17.5","23"," 21.0","999.9","  73.4","*","  58.8"," "," 0.00","I","999.9","000000"
"61415099999","2023-02-01","20.933067","-17.029956","4.87","NOUADHIBOU, MR","  64.2","21","  49.2","21","1017.5"," 5","016.8"," 5","  4.4","21"," 17.2","21"," 21.0","999.9","  73.4","*","  58.8"," "," 0.00","I","999.9","000000"
"61415099999","2023-02-02","20.933067","-17.029956","4.87","NOUADHIBOU, MR","  65.4","22","  47.1","21","1017.1"," 5","016.4"," 5","  3.7","22"," 10.3","22"," 15.9","999.9","  80.6","*","  57.2","*"," 0.00","I","999.9","000000"
"61415099999","2023-02-03","20.933067","-17.029956","4.87","NOUADHIBOU, MR","  69.3","23","  38.7","23","1018.0"," 5","017.3"," 5","  4.2","23","  9.1","23"," 15.0","999.9","  78.8","*","  61.9"," "," 0.00","I","999.9","000000"
"61415099999","2023-02-04","20.933067","-17.029956","4.87","NOUADHIBOU, MR","  68.9","23","  34.5","23","1019.7"," 5","019.0"," 5","  4.7","22"," 12.3","23"," 15.9","999.9","  77.0","*","  62.6","*"," 0.00","I","999.9","000000"
"61415099999","2023-02-05","20.933067","-17.029956","4.87","NOUADHIBOU, MR","  66.7","23","  36.2","23","1020.0"," 5","019.4"," 5","  4.4","23"," 13.8","23"," 17.1","999.9","  73.4","*","  57.2","*"," 0.00","I","999.9","000000"
"61415099999","2023-02-06","20.933067","-17.029956","4.87","NOUADHIBOU, MR","  63.6","23","  43.2","23","1019.5"," 4","018.9"," 4","  3.9","23"," 15.6","23"," 18.1","999.9","  75.2","*","  55.4","*"," 0.00","I","999.9","000000"
"61415099999","2023-02-07","20.933067","-17.029956","4.87","NOUADHIBOU, MR","  63.6","24","  44.9","24","1018.8"," 5","018.1"," 5","  4.8","24"," 17.0","24"," 21.0","999.9","  75.2","*","  55.4","*"," 0.00","I","999.9","000000"
"61415099999","2023-02-08","20.933067","-17.029956","4.87","NOUADHIBOU, MR","  65.2","24","  47.7","24","1017.6"," 5","016.9"," 5","  4.9","24"," 15.7","24"," 20.0","999.9","  78.8","*","  57.2","*"," 0.00","I","999.9","000000"
"61415099999","2023-02-09","20.933067","-17.029956","4.87","NOUADHIBOU, MR","  61.9","23","  55.5","23","1016.8"," 5","016.1"," 5","  4.0","23","  6.3","23"," 15.0","999.9","  64.4","*","  60.3","*"," 0.06","G","999.9","010000"
"61415099999","2023-02-10","20.933067","-17.029956","4.87","NOUADHIBOU, MR","  65.2","23","  61.1","23","9999.9"," 0","999.9"," 0","  4.5","23","  7.5","23"," 12.0","999.9","  71.6","*","  60.8","*"," 0.71","G","999.9","010000"
"61415099999","2023-02-11","20.933067","-17.029956","4.87","NOUADHIBOU, MR","  64.3","22","  59.5","22","1016.2"," 4","015.5"," 4","  4.7","22"," 10.6","22"," 13.0","999.9","  71.6","*","  59.0","*"," 0.00","G","999.9","000000"
"61415099999","2023-02-12","20.933067","-17.029956","4.87","NOUADHIBOU, MR","  65.6","23","  59.2","23","1015.2"," 5","014.5"," 5","  4.3","23"," 10.1","23"," 13.0","999.9","  69.8","*","  62.6","*"," 0.00","I","999.9","000000"
"61415099999","2023-02-13","20.933067","-17.029956","4.87","NOUADHIBOU, MR","  63.8","23","  61.1","23","1016.5"," 5","015.8"," 5","  3.4","23","  5.6","23"," 12.0","999.9","  64.4","*","  62.1","*","99.99"," ","999.9","010000"
"61415099999","2023-02-14","20.933067","-17.029956","4.87","NOUADHIBOU, MR","  64.8","24","  60.5","24","1018.0"," 5","017.3"," 5","  2.7","23"," 12.9","24"," 21.0","999.9","  69.8","*","  60.8","*"," 0.28","G","999.9","000000"
"61415099999","2023-02-15","20.933067","-17.029956","4.87","NOUADHIBOU, MR","  66.7","23","  57.5","23","1015.1"," 5","014.5"," 5","  3.5","23"," 16.2","23"," 22.0","999.9","  77.0","*","  60.8","*"," 0.00","G","999.9","000000"
"61415099999","2023-02-16","20.933067","-17.029956","4.87","NOUADHIBOU, MR","  64.0","23","  49.7","23","1014.0"," 5","013.4"," 5","  3.5","23"," 20.9","23"," 26.0","999.9","  73.4","*","  57.2","*"," 0.00","I","999.9","000000"
"61415099999","2023-02-17","20.933067","-17.029956","4.87","NOUADHIBOU, MR","  63.0","21","  49.0","21","1014.4"," 5","013.7"," 5","  4.8","21"," 17.6","21"," 20.0","999.9","  75.2","*","  56.1"," "," 0.00","I","999.9","000000"
"61415099999","2023-02-18","20.933067","-17.029956","4.87","NOUADHIBOU, MR","  64.4","22","  50.8","22","1015.4"," 5","014.7"," 5","  4.8","22"," 16.5","22"," 20.0","999.9","  77.0","*","  56.7"," "," 0.00","I","999.9","000000"
"61415099999","2023-02-19","20.933067","-17.029956","4.87","NOUADHIBOU, MR","  66.5","23","  53.7","23","1014.6"," 5","013.9"," 5","  4.7","23"," 15.4","23"," 19.0","999.9","  77.0","*","  61.5"," "," 0.00","I","999.9","000000"
"61415099999","2023-02-20","20.933067","-17.029956","4.87","NOUADHIBOU, MR","  66.8","24","  53.9","24","1014.1"," 5","013.4"," 5","  4.5","23"," 15.3","24"," 18.1","999.9","  78.8","*","  60.3","*"," 0.00","I","999.9","000000"
"61415099999","2023-02-21","20.933067","-17.029956","4.87","NOUADHIBOU, MR","  66.1","22","  55.3","22","1016.3"," 5","015.6"," 5","  4.1","22"," 15.5","22"," 27.0","999.9","  75.2","*","  62.1"," "," 0.00","I","999.9","000000"
"61415099999","2023-02-22","20.933067","-17.029956","4.87","NOUADHIBOU, MR","  64.9","23","  57.3","23","1016.5"," 5","015.8"," 5","  4.5","23"," 15.3","23"," 19.0","999.9","  71.6","*","  59.0","*"," 0.00","I","999.9","000000"
"61415099999","2023-02-23","20.933067","-17.029956","4.87","NOUADHIBOU, MR","  65.1","23","  57.3","23","1015.7"," 5","015.0"," 5","  4.5","23"," 13.4","23"," 18.1","999.9","  71.6","*","  60.8","*"," 0.00","I","999.9","000000"
"61415099999","2023-02-24","20.933067","-17.029956","4.87","NOUADHIBOU, MR","  65.1","23","  56.2","23","1016.0"," 5","015.3"," 5","  4.7","23"," 13.8","23"," 20.0","999.9","  73.4","*","  60.4"," "," 0.00","I","999.9","000000"
"61415099999","2023-02-25","20.933067","-17.029956","4.87","NOUADHIBOU, MR","  65.4","24","  55.3","24","1016.7"," 5","016.0"," 5","  5.4","24"," 14.4","24"," 18.1","999.9","  75.2","*","  59.0","*"," 0.00","I","999.9","000000"
"61415099999","2023-02-26","20.933067","-17.029956","4.87","NOUADHIBOU, MR","  65.8","24","  55.5","24","1016.8"," 5","016.1"," 5","  5.0","24"," 14.1","24"," 20.0","999.9","  77.0","*","  59.0","*"," 0.00","I","999.9","000000"
"61415099999","2023-02-27","20.933067","-17.029956","4.87","NOUADHIBOU, MR","  67.6","22","  57.4","22","1018.1"," 5","017.5"," 5","  4.9","20"," 16.2","22"," 22.0","999.9","  78.8","*","  61.7"," "," 0.00","I","999.9","000000"
"61415099999","2023-02-28","20.933067","-17.029956","4.87","NOUADHIBOU, MR","  70.3","23","  55.6","23","1018.9"," 5","018.2"," 5","  4.6","22"," 14.7","23"," 19.0","999.9","  84.2","*","  62.1"," "," 0.00","I","999.9","000000"
"61415099999","2023-03-01","20.933067","-17.029956","4.87","NOUADHIBOU, MR","  69.3","23","  57.4","23","1018.0"," 5","017.3"," 5","  4.9","23"," 14.6","23"," 19.0","999.9","  82.4","*","  62.6","*"," 0.00","I","999.9","000000"
"61415099999","2023-03-02","20.933067","-17.029956","4.87","NOUADHIBOU, MR","  69.3","22","  55.6","22","1017.0"," 5","016.3"," 5","  4.6","22"," 15.8","22"," 20.0","999.9","  84.2","*","  62.6","*"," 0.00","I","999.9","000000"
"61415099999","2023-03-03","20.933067","-17.029956","4.87","NOUADHIBOU, MR","  72.9","16","  57.1","16","9999.9"," 0","999.9"," 0","  4.9","16"," 13.3","16"," 18.1","999.9","  84.2","*","  64.4","*"," 0.00","I","999.9","000000"
"61415099999","2023-03-04","20.933067","-17.029956","4.87","NOUADHIBOU, MR","  71.2","24","  57.4","24","1014.5"," 5","013.9"," 5","  4.9","24"," 14.1","24"," 18.1","999.9","  86.0","*","  63.9"," "," 0.00","I","999.9","000000"
"61415099999","2023-03-05","20.933067","-17.029956","4.87","NOUADHIBOU, MR","  70.2","24","  55.5","24","1014.2"," 5","013.5"," 5","  4.9","23"," 14.2","24"," 17.1","999.9","  86.0","*","  60.8","*"," 0.00","I","999.9","000000"
"61415099999","2023-03-06","20.933067","-17.029956","4.87","NOUADHIBOU, MR","  70.6","22","  53.5","22","1013.6"," 5","012.9"," 5","  4.9","22"," 12.5","22"," 15.0","999.9","  86.0","*","  62.6","*"," 0.00","I","999.9","000000"
"61415099999","2023-03-07","20.933067","-17.029956","4.87","NOUADHIBOU, MR","  73.3","24","  54.7","24","1013.8"," 5","013.1"," 5","  4.7","24"," 12.8","24"," 15.9","999.9","  86.0","*","  64.4","*"," 0.00","I","999.9","000000"
"61415099999","2023-03-08","20.933067","-17.029956","4.87","NOUADHIBOU, MR","  74.2","20","  51.9","20","1013.7"," 5","013.0"," 5","  4.3","19"," 11.7","19"," 15.0","999.9","  91.4","*","  65.1"," "," 0.00","I","999.9","000000"
"61415099999","2023-03-09","20.933067","-17.029956","4.87","NOUADHIBOU, MR","  72.5","16","  55.4","16","1014.5"," 5","013.8"," 5","  4.8","15"," 12.1","16"," 15.9","999.9","  86.0","*","  62.6","*"," 0.00","I","999.9","000000"
"61415099999","2023-03-10","20.933067","-17.029956","4.87","NOUADHIBOU, MR","  70.8","21","  58.7","21","1014.5"," 5","013.8"," 5","  4.7","20"," 14.9","21"," 18.1","999.9","  80.8","*","  64.4","*"," 0.00","I","999.9","000000"
"61415099999","2023-03-11","20.933067","-17.029956","4.87","NOUADHIBOU, MR","  71.5","23","  59.1","22","1014.1"," 5","013.4"," 5","  4.7","23"," 14.1","23"," 18.1","999.9","  87.8","*","  64.4","*"," 0.00","I","999.9","000000"
"61415099999","2023-03-12","20.933067","-17.029956","4.87","NOUADHIBOU, MR","  73.0","22","  56.3","22","1012.9"," 4","012.2"," 4","  4.1","22"," 10.3","22"," 15.9","999.9","  87.8","*","  64.0"," "," 0.00","I","999.9","000000"
"61415099999","2023-03-13","20.933067","-17.029956","4.87","NOUADHIBOU, MR","  75.7","23","  51.3","23","1012.4"," 5","011.7"," 5","  3.9","23"," 13.1","23"," 18.1","999.9","  95.0","*","  66.0"," "," 0.00","I","999.9","000000"
"61415099999","2023-03-14","20.933067","-17.029956","4.87","NOUADHIBOU, MR","  73.7","22","  55.4","22","1009.2"," 4","008.6"," 4","  3.4","22"," 16.1","22"," 21.0","999.9","  93.2","*","  66.2","*"," 0.00","I","999.9","000000"
"61415099999","2023-03-15","20.933067","-17.029956","4.87","NOUADHIBOU, MR","  71.3","22","  61.2","22","1007.8"," 4","007.1"," 4","  4.2","21","  6.1","22"," 14.0","999.9","  84.2","*","  62.1"," "," 0.00","I","999.9","000000"
"61415099999","2023-03-16","20.933067","-17.029956","4.87","NOUADHIBOU, MR","  69.7","23","  61.9","23","1008.5"," 5","007.8"," 5","  4.3","23"," 10.8","23"," 18.1","999.9","  82.4","*","  64.0"," "," 0.00","I","999.9","000000"
"61415099999","2023-03-17","20.933067","-17.029956","4.87","NOUADHIBOU, MR","  71.1","22","  60.0","22","1010.2"," 5","009.5"," 5","  3.8","22"," 15.3","22"," 21.0"," 24.1","  87.8","*","  65.3"," "," 0.00","I","999.9","000000"
"61415099999","2023-03-18","20.933067","-17.029956","4.87","NOUADHIBOU, MR","  70.4","23","  58.5","23","1011.9"," 5","011.2"," 5","  3.6","23"," 17.7","23"," 22.9","999.9","  86.0","*","  64.4","*"," 0.00","I","999.9","000000"
"61415099999","2023-03-19","20.933067","-17.029956","4.87","NOUADHIBOU, MR","  68.1","21","  55.7","21","1012.9"," 4","012.2"," 4","  4.2","19"," 16.6","21"," 21.0","999.9","  80.6","*","  60.8","*"," 0.00","I","999.9","000000"
"61415099999","2023-03-20","20.933067","-17.029956","4.87","NOUADHIBOU, MR","  66.9","22","  55.7","22","1013.5"," 5","012.8"," 5","  4.3","22"," 17.4","22"," 27.0"," 28.9","  78.8","*","  60.8"," "," 0.00","I","999.9","000000"
"61415099999","2023-03-21","20.933067","-17.029956","4.87","NOUADHIBOU, MR","  65.0","23","  58.9","23","1012.2"," 5","011.5"," 5","  4.7","22"," 13.0","23"," 20.0"," 26.0","  69.8","*","  61.2"," "," 0.00","I","999.9","000000"
"61415099999","2023-03-22","20.933067","-17.029956","4.87","NOUADHIBOU, MR","  66.8","24","  60.3","24","1011.2"," 5","010.5"," 5","  4.3","24","  8.7","24"," 14.0","999.9","  71.6","*","  62.1"," "," 0.00","I","999.9","000000"
"61415099999","2023-03-23","20.933067","-17.029956","4.87","NOUADHIBOU, MR","  67.7","22","  61.2","22","1012.7"," 5","012.0"," 5","  4.4","21","  7.3","22"," 11.1","999.9","  73.4","*","  63.7"," "," 0.00","I","999.9","000000"
"61415099999","2023-03-24","20.933067","-17.029956","4.87","NOUADHIBOU, MR","  70.0","23","  61.3","23","1014.1"," 5","013.4"," 5","  4.7","23","  9.9","23"," 18.1"," 28.0","  77.0","*","  62.6"," "," 0.00","I","999.9","000000"
"61415099999","2023-03-25","20.933067","-17.029956","4.87","NOUADHIBOU, MR","  77.0","22","  57.7","22","1013.7"," 5","013.1"," 5","  4.5","22","  9.6","22"," 13.0","999.9","  95.0","*","  69.1"," "," 0.00","I","999.9","000000"
"61415099999","2023-03-26","20.933067","-17.029956","4.87","NOUADHIBOU, MR","  81.9","23","  52.0","22","1013.2"," 5","012.6"," 5","  4.9","22","  9.1","23"," 15.0","999.9","  98.6","*","  68.5"," "," 0.00","I","999.9","000000"
"61415099999","2023-03-27","20.933067","-17.029956","4.87","NOUADHIBOU, MR","  79.9","24","  53.2","24","1012.6"," 5","011.9"," 5","  4.5","24"," 10.9","24"," 15.9","999.9","  96.8","*","  69.6"," "," 0.00","I","999.9","000000"
"61415099999","2023-03-28","20.933067","-17.029956","4.87","NOUADHIBOU, MR","  70.9","24","  58.8","24","1012.0"," 5","011.3"," 5","  4.2","24"," 13.8","24"," 18.1","999.9","  77.0","*","  64.4","*"," 0.00","I","999.9","000000"
"61415099999","2023-03-29","20.933067","-17.029956","4.87","NOUADHIBOU, MR","  68.4","24","  62.4","24","1012.7"," 5","012.0"," 5","  4.2","23"," 12.6","24"," 19.0","999.9","  80.6","*","  62.8"," "," 0.00","I","999.9","000000"
"61415099999","2023-03-30","20.933067","-17.029956","4.87","NOUADHIBOU, MR","  73.7","22","  61.1","22","1012.6"," 5","012.0"," 5","  4.3","21"," 10.6","22"," 13.0","999.9","  84.2","*","  65.5"," "," 0.00","I","999.9","000000"
"61415099999","2023-03-31","20.933067","-17.029956","4.87","NOUADHIBOU, MR","  84.4","23","  52.1","23","1013.5"," 5","012.9"," 5","  2.8","23","  8.8","23"," 13.0","999.9","  98.6","*","  71.1"," "," 0.00","I","999.9","000000"
"61415099999","2023-04-01","20.933067","-17.029956","4.87","NOUADHIBOU, MR","  86.0","24","  46.1","24","1014.2"," 5","013.6"," 5","  3.3","23"," 12.2","24"," 19.0","999.9","  98.6","*","  75.2","*"," 0.00","I","999.9","000000"
"61415099999","2023-04-02","20.933067","-17.029956","4.87","NOUADHIBOU, MR","  79.8","24","  56.7","23","1011.6"," 5","011.0"," 5","  3.6","24"," 11.9","24"," 17.1","999.9","  98.6","*","  69.8"," "," 0.00","I","999.9","000000"
"61415099999","2023-04-03","20.933067","-17.029956","4.87","NOUADHIBOU, MR","  75.6","23","  57.0","23","1010.7"," 5","010.1"," 5","  3.7","22"," 14.6","23"," 19.0"," 27.0","  93.2","*","  69.8","*"," 0.00","I","999.9","000000"
"61415099999","2023-04-04","20.933067","-17.029956","4.87","NOUADHIBOU, MR","  70.6","23","  55.7","23","1011.1"," 5","010.5"," 5","  4.0","22"," 18.6","23"," 22.0"," 28.9","  87.8","*","  62.6","*"," 0.00","I","999.9","000000"
"61415099999","2023-04-05","20.933067","-17.029956","4.87","NOUADHIBOU, MR","  69.1","23","  54.0","23","1012.5"," 5","011.9"," 5","  4.2","22"," 19.0","23"," 22.9"," 25.1","  80.6","*","  62.6","*"," 0.00","I","999.9","000000"
"61415099999","2023-04-06","20.933067","-17.029956","4.87","NOUADHIBOU, MR","  68.7","24","  56.1","24","1013.3"," 5","012.6"," 5","  4.3","24"," 16.7","24"," 21.0"," 29.9","  80.6","*","  62.6","*"," 0.00","I","999.9","000000"
"61415099999","2023-04-07","20.933067","-17.029956","4.87","NOUADHIBOU, MR","  67.4","24","  58.6","24","1012.6"," 5","011.9"," 5","  3.8","23"," 14.6","24"," 19.0"," 28.9","  75.4","*","  62.6","*"," 0.00","I","999.9","000000"
"61415099999","2023-04-08","20.933067","-17.029956","4.87","NOUADHIBOU, MR","  66.5","22","  59.1","22","1013.5"," 5","012.9"," 5","  4.5","22"," 14.3","22"," 19.0"," 28.9","  73.4","*","  62.1"," "," 0.00","I","999.9","000000"
"61415099999","2023-04-09","20.933067","-17.029956","4.87","NOUADHIBOU, MR","  65.0","19","  58.7","19","1014.0"," 5","013.3"," 5","  4.8","19"," 12.4","19"," 18.1","999.9","  77.0","*","  61.9"," "," 0.00","I","999.9","000000"
"61415099999","2023-04-10","20.933067","-17.029956","4.87","NOUADHIBOU, MR","  67.4","24","  61.9","24","1013.9"," 5","013.2"," 5","  4.4","22"," 13.4","24"," 20.0","999.9","  73.4","*","  62.6","*"," 0.00","I","999.9","000000"
"61415099999","2023-04-11","20.933067","-17.029956","4.87","NOUADHIBOU, MR","  66.5","21","  63.0","21","1012.7"," 4","012.0"," 4","  1.1","21","  7.8","21"," 12.0","999.9","  73.4","*","  61.3"," "," 0.00","I","999.9","100000"
"61415099999","2023-04-12","20.933067","-17.029956","4.87","NOUADHIBOU, MR","  66.3","24","  62.4","24","1012.2"," 5","011.6"," 5","  1.7","23","  7.6","24"," 13.0","999.9","  71.6","*","  62.4"," "," 0.00","I","999.9","100000"
"61415099999","2023-04-13","20.933067","-17.029956","4.87","NOUADHIBOU, MR","  71.2","24","  62.7","24","1012.6"," 5","012.0"," 5","  3.9","23","  7.0","24"," 11.1","999.9","  77.4","*","  64.4","*","99.99"," ","999.9","110010"
"61415099999","2023-04-14","20.933067","-17.029956","4.87","NOUADHIBOU, MR","  72.5","23","  63.8","23","1012.7"," 5","012.0"," 5","  4.5","23","  8.7","23"," 13.0","999.9","  84.2","*","  66.7"," "," 0.28","G","999.9","010010"
"61415099999","2023-04-15","20.933067","-17.029956","4.87","NOUADHIBOU, MR","  69.1","24","  64.1","24","1013.5"," 5","012.8"," 5","  4.2","24"," 10.2","24"," 18.1"," 28.0","  77.0","*","  65.7"," "," 0.00","G","999.9","010010"
"61415099999","2023-04-16","20.933067","-17.029956","4.87","NOUADHIBOU, MR","  67.6","24","  62.0","24","1012.9"," 5","012.2"," 5","  4.3","23"," 11.7","24"," 17.1","999.9","  73.4","*","  62.6","*"," 0.06","G","999.9","000000"
"61415099999","2023-04-17","20.933067","-17.029956","4.87","NOUADHIBOU, MR","  69.1","23","  61.1","23","1011.1"," 5","010.4"," 5","  4.8","23"," 11.1","23"," 15.9","999.9","  75.2","*","  64.4","*"," 0.00","G","999.9","000000"
"61415099999","2023-04-18","20.933067","-17.029956","4.87","NOUADHIBOU, MR","  69.3","22","  62.1","22","1011.7"," 5","011.1"," 5","  4.8","22"," 10.1","22"," 15.9","999.9","  73.4","*","  65.7"," "," 0.00","I","999.9","000000"
"61415099999","2023-04-19","20.933067","-17.029956","4.87","NOUADHIBOU, MR","  69.1","22","  61.8","22","1014.2"," 5","013.5"," 5","  4.8","20"," 12.0","22"," 20.0","999.9","  73.4","*","  64.4"," "," 0.00","I","999.9","000000"
"61415099999","2023-04-20","20.933067","-17.029956","4.87","NOUADHIBOU, MR","  68.4","24","  61.2","24","1013.8"," 5","013.1"," 5","  4.8","24"," 14.0","24"," 18.1","999.9","  73.4","*","  64.4","*"," 0.00","I","999.9","000000"
"61415099999","2023-04-21","20.933067","-17.029956","4.87","NOUADHIBOU, MR","  68.8","24","  59.0","24","1013.1"," 5","012.4"," 5","  4.5","24"," 13.3","24"," 17.1","999.9","  75.2","*","  64.4"," "," 0.00","I","999.9","000000"
"61415099999","2023-04-22","20.933067","-17.029956","4.87","NOUADHIBOU, MR","  69.8","23","  60.3","23","1012.4"," 5","011.7"," 5","  4.3","23"," 16.4","23"," 22.0","999.9","  77.0","*","  64.4","*"," 0.00","I","999.9","000000"
"61415099999","2023-04-23","20.933067","-17.029956","4.87","NOUADHIBOU, MR","  71.4","21","  60.8","21","1011.9"," 4","011.2"," 4","  5.0","21"," 15.5","21"," 20.0"," 24.1","  84.2","*","  64.4","*"," 0.00","I","999.9","000000"
"61415099999","2023-04-24","20.933067","-17.029956","4.87","NOUADHIBOU, MR","  70.2","23","  59.2","23","1011.6"," 5","010.9"," 5","  4.9","23"," 17.0","23"," 21.0","999.9","  82.4","*","  66.0"," "," 0.00","I","999.9","000000"
"61415099999","2023-04-25","20.933067","-17.029956","4.87","NOUADHIBOU, MR","  68.0","24","  62.1","24","1012.1"," 5","011.4"," 5","  4.5","24"," 14.1","24"," 20.0"," 31.1","  73.4","*","  63.7"," "," 0.00","I","999.9","000000"
"61415099999","2023-04-26","20.933067","-17.029956","4.87","NOUADHIBOU, MR","  68.5","24","  61.3","24","1012.8"," 5","012.1"," 5","  4.6","23"," 14.3","24"," 19.0"," 25.1","  73.4","*","  65.1"," "," 0.00","I","999.9","000000"
"61415099999","2023-04-27","20.933067","-17.029956","4.87","NOUADHIBOU, MR","  68.5","24","  61.7","24","1013.4"," 5","012.7"," 5","  4.2","23"," 12.8","24"," 18.1"," 26.0","  75.2","*","  63.5"," "," 0.00","I","999.9","100000"
"61415099999","2023-04-28","20.933067","-17.029956","4.87","NOUADHIBOU, MR","  69.2","23","  61.8","23","1013.9"," 5","013.2"," 5","  4.6","22"," 14.6","23"," 20.0"," 28.9","  75.2","*","  64.4","*"," 0.00","I","999.9","000000"
"61415099999","2023-04-29","20.933067","-17.029956","4.87","NOUADHIBOU, MR","  71.4","24","  62.5","24","1013.7"," 5","013.1"," 5","  4.7","24"," 15.4","24"," 19.0","999.9","  86.0","*","  65.3"," "," 0.00","I","999.9","000000"
"61415099999","2023-04-30","20.933067","-17.029956","4.87","NOUADHIBOU, MR","  71.1","24","  63.6","24","1012.0"," 5","011.3"," 5","  4.6","24"," 14.7","24"," 20.0","999.9","  78.8","*","  66.2","*"," 0.00","I","999.9","000000"
"61415099999","2023-05-01","20.933067","-17.029956","4.87","NOUADHIBOU, MR","  75.9","23","  59.9","23","1009.8"," 5","009.2"," 5","  4.5","23"," 13.5","23"," 18.1","999.9","  98.6","*","  66.2","*"," 0.00","I","999.9","000000"
"61415099999","2023-05-02","20.933067","-17.029956","4.87","NOUADHIBOU, MR","  73.2","22","  62.0","22","1009.5"," 5","008.9"," 5","  4.5","22"," 14.5","22"," 18.1","999.9","  89.1","*","  65.1"," "," 0.00","I","999.9","000000"
"61415099999","2023-05-03","20.933067","-17.029956","4.87","NOUADHIBOU, MR","  75.9","23","  55.3","23","1013.0"," 5","012.3"," 5","  4.2","23"," 15.7","23"," 22.9","999.9","  93.2","*","  66.6"," "," 0.00","I","999.9","000000"
"61415099999","2023-05-04","20.933067","-17.029956","4.87","NOUADHIBOU, MR","  74.3","24","  61.0","24","1015.9"," 5","015.2"," 5","  4.2","24"," 15.0","24"," 21.0","999.9","  87.8","*","  66.6"," "," 0.00","I","999.9","000000"
"61415099999","2023-05-05","20.933067","-17.029956","4.87","NOUADHIBOU, MR","  72.0","23","  59.1","23","1016.2"," 5","015.5"," 5","  4.0","22"," 18.4","23"," 24.1"," 28.9","  80.8","*","  66.2","*"," 0.00","I","999.9","000000"
"61415099999","2023-05-06","20.933067","-17.029956","4.87","NOUADHIBOU, MR","  71.0","24","  57.9","24","1014.5"," 5","013.9"," 5","  3.4","21"," 20.4","24"," 26.0"," 27.0","  82.4","*","  65.3"," "," 0.00","I","999.9","000000"
"61415099999","2023-05-07","20.933067","-17.029956","4.87","NOUADHIBOU, MR","  72.8","22","  58.9","22","1012.8"," 5","012.2"," 5","  3.0","22"," 20.1","22"," 24.1"," 28.0","  84.2","*","  66.2","*"," 0.00","I","999.9","000000"
"61415099999","2023-05-08","20.933067","-17.029956","4.87","NOUADHIBOU, MR","  72.1","23","  58.0","23","1014.0"," 5","013.3"," 5","  4.0","22"," 18.6","23"," 22.9","999.9","  84.2","*","  66.0"," "," 0.00","I","999.9","000000"
"61415099999","2023-05-09","20.933067","-17.029956","4.87","NOUADHIBOU, MR","  68.1","23","  62.0","23","1014.1"," 5","013.4"," 5","  4.5","23"," 14.1","23"," 19.0"," 24.1","  75.2","*","  64.4"," "," 0.00","I","999.9","000000"
"61415099999","2023-05-10","20.933067","-17.029956","4.87","NOUADHIBOU, MR","  66.2","24","  63.0","24","1013.2"," 5","012.5"," 5","  2.9","22"," 14.4","24"," 21.0","999.9","  69.8","*","  62.8"," "," 0.00","I","999.9","000000"
"61415099999","2023-05-11","20.933067","-17.029956","4.87","NOUADHIBOU, MR","  66.7","24","  63.0","24","1011.6"," 5","010.9"," 5","  2.9","24"," 15.8","24"," 21.0"," 28.9","  71.6","*","  63.7"," "," 0.00","I","999.9","000000"
"61415099999","2023-05-12","20.933067","-17.029956","4.87","NOUADHIBOU, MR","  67.9","19","  63.3","19","1011.1"," 5","010.4"," 5","  3.3","19"," 15.2","19"," 18.1","999.9","  73.4","*","  64.2"," "," 0.00","I","999.9","100000"
"61415099999","2023-05-13","20.933067","-17.029956","4.87","NOUADHIBOU, MR","  67.5","21","  62.4","21","1012.0"," 5","011.3"," 5","  4.4","21"," 12.5","21"," 19.0","999.9","  75.2","*","  63.7"," "," 0.00","I","999.9","000000"
"61415099999","2023-05-14","20.933067","-17.029956","4.87","NOUADHIBOU, MR","  68.0","19","  62.5","19","1014.5"," 5","013.8"," 5","  4.4","19"," 10.1","19"," 15.0","999.9","  73.4","*","  63.3"," "," 0.01","G","999.9","010000"
"61415099999","2023-05-15","20.933067","-17.029956","4.87","NOUADHIBOU, MR","  68.4","18","  63.6","18","1014.7"," 5","014.1"," 5","  4.1","18"," 11.7","18"," 17.1","999.9","  75.2","*","  64.8"," "," 0.00","G","999.9","000000"
"61415099999","2023-05-16","20.933067","-17.029956","4.87","NOUADHIBOU, MR","  68.7","22","  63.6","22","1013.1"," 5","012.4"," 5","  4.3","20"," 13.8","22"," 20.0","999.9","  77.0","*","  65.1"," "," 0.00","I","999.9","000000"
"61415099999","2023-05-17","20.933067","-17.029956","4.87","NOUADHIBOU, MR","  69.8","23","  59.4","23","9999.9"," 0","999.9"," 0","  3.8","23"," 16.2","23"," 22.9"," 32.1","  78.8","*","  64.4","*"," 0.00","I","999.9","000000"
"61415099999","2023-05-18","20.933067","-17.029956","4.87","NOUADHIBOU, MR","  70.5","20","  56.4","20","1014.8"," 5","014.2"," 5","  4.6","20"," 18.6","20"," 22.0","999.9","  84.2","*","  64.4","*"," 0.00","I","999.9","000000"
"61415099999","2023-05-19","20.933067","-17.029956","4.87","NOUADHIBOU, MR","  71.5","24","  56.7","24","1015.6"," 5","014.9"," 5","  4.9","23"," 16.8","24"," 21.0","999.9","  86.0","*","  65.3"," "," 0.00","I","999.9","000000"
"61415099999","2023-05-20","20.933067","-17.029956","4.87","NOUADHIBOU, MR","  69.2","24","  57.0","24","1014.5"," 5","013.8"," 5","  4.5","23"," 17.6","24"," 21.0"," 31.1","  78.8","*","  64.2"," "," 0.00","I","999.9","000000"
"61415099999","2023-05-21","20.933067","-17.029956","4.87","NOUADHIBOU, MR","  68.0","24","  56.7","24","1013.8"," 5","013.2"," 5","  4.6","23"," 14.9","24"," 20.0"," 26.0","  78.8","*","  61.9"," "," 0.00","I","999.9","000000"
"61415099999","2023-05-22","20.933067","-17.029956","4.87","NOUADHIBOU, MR","  69.1","21","  58.6","21","1014.5"," 5","013.8"," 5","  4.5","21"," 15.6","21"," 21.0","999.9","  77.0","*","  63.0","*"," 0.00","I","999.9","000000"
"61415099999","2023-05-23","20.933067","-17.029956","4.87","NOUADHIBOU, MR","  69.7","23","  56.6","23","1014.4"," 5","013.8"," 5","  5.5","23"," 16.3","23"," 20.0","999.9","  80.6","*","  64.4","*"," 0.00","I","999.9","000000"
"61415099999","2023-05-24","20.933067","-17.029956","4.87","NOUADHIBOU, MR","  71.3","23","  57.8","23","1013.8"," 5","013.1"," 5","  4.9","22"," 14.2","23"," 20.0"," 27.0","  80.6","*","  64.4"," "," 0.00","I","999.9","000000"
"61415099999","2023-05-25","20.933067","-17.029956","4.87","NOUADHIBOU, MR","  67.5","22","  62.5","22","1014.1"," 5","013.4"," 5","  4.4","22"," 12.1","22"," 17.1","999.9","  73.4","*","  64.4","*"," 0.04","G","999.9","010000"
"61415099999","2023-05-26","20.933067","-17.029956","4.87","NOUADHIBOU, MR","  69.7","24","  64.4","24","1015.4"," 5","014.7"," 5","  4.7","24"," 12.6","24"," 19.0","999.9","  77.0","*","  65.1"," "," 0.76","G","999.9","010000"
"61415099999","2023-05-27","20.933067","-17.029956","4.87","NOUADHIBOU, MR","  72.2","22","  63.8","22","1016.3"," 5","015.6"," 5","  4.8","22"," 13.2","22"," 17.1","999.9","  82.4","*","  65.7"," "," 0.00","G","999.9","000000"
"61415099999","2023-05-28","20.933067","-17.029956","4.87","NOUADHIBOU, MR","  73.9","23","  60.3","23","1014.9"," 5","014.3"," 5","  5.0","22"," 15.9","23"," 21.0","999.9","  86.0","*","  67.5"," "," 0.00","I","999.9","000000"
"61415099999","2023-05-29","20.933067","-17.029956","4.87","NOUADHIBOU, MR","  74.5","22","  58.8","22","1015.2"," 5","014.5"," 5","  4.8","22"," 16.3","22"," 20.0"," 27.0","  84.2","*","  69.8","*"," 0.00","I","999.9","000000"
"61415099999","2023-05-30","20.933067","-17.029956","4.87","NOUADHIBOU, MR","  74.0","23","  60.3","23","1015.2"," 5","014.5"," 5","  4.5","23"," 16.4","23"," 20.0","999.9","  86.0","*","  68.9"," "," 0.00","I","999.9","000000"
"61415099999","2023-05-31","20.933067","-17.029956","4.87","NOUADHIBOU, MR","  71.5","22","  62.2","22","1014.9"," 5","014.3"," 5","  3.9","22"," 15.4","22"," 20.0","999.9","  82.4","*","  66.9"," "," 0.00","I","999.9","000000"
"61415099999","2023-06-01","20.933067","-17.029956","4.87","NOUADHIBOU, MR","  69.7","21","  63.0","21","1013.7"," 4","013.0"," 4","  4.3","20"," 14.9","21"," 20.0","999.9","  75.2","*","  66.0"," "," 0.00","I","999.9","000000"
"61415099999","2023-06-02","20.933067","-17.029956","4.87","NOUADHIBOU, MR","  70.8","23","  65.3","23","1013.4"," 5","012.7"," 5","  4.4","22"," 13.8","23"," 20.0","999.9","  75.2","*","  65.5"," "," 0.00","I","999.9","100000"
"61415099999","2023-06-03","20.933067","-17.029956","4.87","NOUADHIBOU, MR","  70.9","24","  64.8","24","1013.8"," 5","013.1"," 5","  3.7","24"," 14.4","24"," 20.0"," 26.0","  80.6","*","  66.0"," "," 0.00","I","999.9","000000"
"61415099999","2023-06-04","20.933067","-17.029956","4.87","NOUADHIBOU, MR","  71.5","22","  64.5","22","1013.9"," 5","013.2"," 5","  4.4","21"," 13.4","22"," 17.1","999.9","  82.8","*","  64.9"," "," 0.00","I","999.9","000000"
"61415099999","2023-06-05","20.933067","-17.029956","4.87","NOUADHIBOU, MR","  71.5","23","  66.0","23","1013.8"," 5","013.1"," 5","  4.1","22"," 10.8","23"," 15.9","999.9","  80.6","*","  64.4","*"," 0.00","I","999.9","100000"
"61415099999","2023-06-06","20.933067","-17.029956","4.87","NOUADHIBOU, MR","  72.7","23","  66.6","22","1013.3"," 5","012.6"," 5","  3.7","22","  7.1","23"," 12.0","999.9","  78.8","*","  66.2","*"," 0.00","I","999.9","100000"
"61415099999","2023-06-07","20.933067","-17.029956","4.87","NOUADHIBOU, MR","  73.6","24","  69.2","24","1014.5"," 5","013.8"," 5","  3.9","24","  9.4","24"," 15.0","999.9","  77.0","*","  68.9"," "," 0.00","I","999.9","100000"
"61415099999","2023-06-08","20.933067","-17.029956","4.87","NOUADHIBOU, MR","  74.5","22","  70.2","22","1015.2"," 4","014.6"," 4","  3.7","21"," 11.0","22"," 17.1","999.9","  80.6","*","  70.3"," "," 0.00","I","999.9","100000"
"61415099999","2023-06-09","20.933067","-17.029956","4.87","NOUADHIBOU, MR","  74.4","20","  67.0","20","1015.0"," 5","014.3"," 5","  5.5","19"," 14.2","20"," 20.0","999.9","  80.6","*","  69.4"," "," 0.00","I","999.9","000000"
"61415099999","2023-06-10","20.933067","-17.029956","4.87","NOUADHIBOU, MR","  75.4","21","  64.0","21","1014.4"," 5","013.7"," 5","  5.0","21"," 14.8","21"," 20.0","999.9","  87.8","*","  69.3","*"," 0.00","I","999.9","000000"
"61415099999","2023-06-11","20.933067","-17.029956","4.87","NOUADHIBOU, MR","  77.1","22","  62.6","22","1014.3"," 5","013.6"," 5","  4.9","21"," 14.4","22"," 20.0"," 25.1","  84.2","*","  69.6"," "," 0.00","I","999.9","000000"
"61415099999","2023-06-12","20.933067","-17.029956","4.87","NOUADHIBOU, MR","  75.0","19","  63.1","19","1014.3"," 5","013.6"," 5","  5.1","19"," 16.7","19"," 20.0","999.9","  86.4","*","  70.7"," "," 0.00","I","999.9","000000"
"61415099999","2023-06-13","20.933067","-17.029956","4.87","NOUADHIBOU, MR","  74.8","20","  65.5","20","1013.7"," 5","013.0"," 5","  4.8","19"," 16.4","20"," 21.0"," 32.1","  86.0","*","  69.8","*"," 0.00","I","999.9","000000"
"61415099999","2023-06-14","20.933067","-17.029956","4.87","NOUADHIBOU, MR","  73.9","20","  62.7","20","1012.0"," 5","011.4"," 5","  4.8","20"," 15.0","20"," 21.0"," 27.0","  80.6","*","  66.7"," "," 0.00","I","999.9","000000"
"61415099999","2023-06-15","20.933067","-17.029956","4.87","NOUADHIBOU, MR","  73.4","18","  63.1","18","1011.9"," 4","011.2"," 4","  4.8","18"," 13.0","18"," 18.1","999.9","  82.4","*","  66.2","*"," 0.00","I","999.9","000000"
"61415099999","2023-06-16","20.933067","-17.029956","4.87","NOUADHIBOU, MR","  78.3","22","  62.9","22","1011.9"," 5","011.2"," 5","  4.8","22"," 13.8","22"," 18.1","999.9","  87.8","*","  71.6","*"," 0.00","I","999.9","000000"
"61415099999","2023-06-17","20.933067","-17.029956","4.87","NOUADHIBOU, MR","  78.0","21","  63.8","21","1012.1"," 5","011.4"," 5","  4.8","21"," 14.7","21"," 18.1","999.9","  91.4","*","  73.4"," "," 0.00","I","999.9","000000"
"61415099999","2023-06-18","20.933067","-17.029956","4.87","NOUADHIBOU, MR","  74.5","19","  64.4","19","1012.0"," 4","011.3"," 4","  4.6","19"," 15.0","19"," 21.0","999.9","  80.6","*","  67.8"," "," 0.00","I","999.9","000000"
"61415099999","2023-06-19","20.933067","-17.029956","4.87","NOUADHIBOU, MR","  73.4","22","  64.1","22","1012.9"," 5","012.3"," 5","  4.4","22"," 16.6","22"," 22.0"," 27.0","  86.0","*","  69.6"," "," 0.00","I","999.9","000000"
"61415099999","2023-06-20","20.933067","-17.029956","4.87","NOUADHIBOU, MR","  72.5","24","  64.7","24","1013.7"," 5","013.0"," 5","  4.4","24"," 14.4","24"," 18.1"," 28.0","  77.0","*","  69.3"," "," 0.00","I","999.9","000000"
"61415099999","2023-06-21","20.933067","-17.029956","4.87","NOUADHIBOU, MR","  74.5","23","  65.5","23","1013.5"," 5","012.8"," 5","  4.0","23"," 14.4","23"," 21.0"," 28.0","  86.0","*","  67.3"," "," 0.00","I","999.9","000000"
"61415099999","2023-06-22","20.933067","-17.029956","4.87","NOUADHIBOU, MR","  78.9","20","  64.1","20","1013.1"," 5","012.4"," 5","  4.3","20"," 15.2","20"," 18.1","999.9","  90.5","*","  73.0"," "," 0.00","I","999.9","000000"
"61415099999","2023-06-23","20.933067","-17.029956","4.87","NOUADHIBOU, MR","  78.0","22","  64.3","22","1012.9"," 5","012.3"," 5","  4.3","22"," 14.8","22"," 20.0","999.9","  86.0","*","  71.6","*"," 0.00","I","999.9","000000"
"61415099999","2023-06-24","20.933067","-17.029956","4.87","NOUADHIBOU, MR","  75.6","23","  64.5","23","1013.3"," 4","012.7"," 4","  4.0","22"," 16.5","23"," 20.0","999.9","  82.4","*","  68.5"," "," 0.00","I","999.9","000000"
"61415099999","2023-06-25","20.933067","-17.029956","4.87","NOUADHIBOU, MR","  73.0","20","  63.7","20","9999.9"," 0","999.9"," 0","  3.7","20"," 15.4","20"," 19.0"," 27.0","  78.8","*","  68.0","*"," 0.00","I","999.9","000000"
"61415099999","2023-06-26","20.933067","-17.029956","4.87","NOUADHIBOU, MR","  72.0","21","  65.9","21","1011.6"," 5","010.9"," 5","  4.3","19"," 13.4","21"," 18.1","999.9","  77.0","*","  67.3"," "," 0.00","I","999.9","000000"
"61415099999","2023-06-27","20.933067","-17.029956","4.87","NOUADHIBOU, MR","  72.9","22","  67.5","20","1012.8"," 5","012.2"," 5","  4.3","22"," 14.5","22"," 22.9"," 29.9","  78.8","*","  67.8"," "," 0.00","I","999.9","000000"
"61415099999","2023-06-28","20.933067","-17.029956","4.87","NOUADHIBOU, MR","  74.3","23","  68.0","22","1012.3"," 4","011.6"," 4","  4.1","22"," 17.0","23"," 22.9","999.9","  82.4","*","  69.1"," "," 0.00","I","999.9","000000"
"61415099999","2023-06-29","20.933067","-17.029956","4.87","NOUADHIBOU, MR","  73.4","22","  67.7","21","1012.6"," 5","011.9"," 5","  3.5","22"," 14.8","22"," 20.0","999.9","  82.4","*","  68.5"," "," 0.00","I","999.9","000000"
"61415099999","2023-06-30","20.933067","-17.029956","4.87","NOUADHIBOU, MR","  76.4","19","  65.0","19","1012.0"," 4","011.3"," 4","  3.9","19"," 14.6","19"," 18.1","999.9","  84.2","*","  71.6","*"," 0.00","I","999.9","000000"
"61415099999","2023-07-01","20.933067","-17.029956","4.87","NOUADHIBOU, MR","  74.1","23","  64.7","22","1012.4"," 5","011.7"," 5","  3.7","22"," 16.4","23"," 22.0"," 29.9","  86.0","*","  66.4"," "," 0.00","I","999.9","000000"
"61415099999","2023-07-02","20.933067","-17.029956","4.87","NOUADHIBOU, MR","  75.8","20","  64.9","20","1012.4"," 5","011.7"," 5","  4.8","19"," 12.9","20"," 19.0","999.9","  86.0","*","  71.1","*"," 0.00","I","999.9","000000"
"61415099999","2023-07-03","20.933067","-17.029956","4.87","NOUADHIBOU, MR","  78.4","20","  65.9","20","1014.5"," 4","013.9"," 4","  4.6","19","  8.6","19"," 15.0","999.9","  91.4","*","  71.4"," "," 0.00","I","999.9","000000"
"61415099999","2023-07-04","20.933067","-17.029956","4.87","NOUADHIBOU, MR","  76.0","21","  66.5","21","1015.2"," 5","014.5"," 5","  4.4","21"," 15.0","21"," 22.0"," 31.1","  86.0","*","  70.9"," "," 0.00","I","999.9","000000"
"61415099999","2023-07-05","20.933067","-17.029956","4.87","NOUADHIBOU, MR","  73.1","23","  67.0","21","1012.8"," 5","012.1"," 5","  3.2","23"," 18.0","23"," 25.1"," 36.9","  77.0","*","  68.0","*"," 0.00","I","999.9","000000"
"61415099999","2023-07-06","20.933067","-17.029956","4.87","NOUADHIBOU, MR","  76.5","22","  66.3","22","1010.0"," 4","009.3"," 4","  3.2","22"," 18.3","22"," 24.1"," 32.1","  82.4","*","  72.9"," "," 0.00","I","999.9","000000"
"61415099999","2023-07-07","20.933067","-17.029956","4.87","NOUADHIBOU, MR","  77.7","23","  64.9","23","1011.9"," 5","011.2"," 5","  3.8","22"," 15.1","23"," 22.0"," 32.1","  87.8","*","  71.6","*"," 0.00","I","999.9","000000"
"61415099999","2023-07-08","20.933067","-17.029956","4.87","NOUADHIBOU, MR","  75.4","22","  64.1","22","1014.6"," 5","014.0"," 5","  4.3","22"," 15.0","22"," 22.9"," 27.0","  82.4","*","  71.6","*"," 0.00","I","999.9","000000"
"61415099999","2023-07-09","20.933067","-17.029956","4.87","NOUADHIBOU, MR","  74.4","22","  64.1","22","1014.3"," 5","013.7"," 5","  3.3","21"," 18.4","22"," 24.1"," 33.0","  84.2","*","  69.8"," "," 0.00","I","999.9","000000"
"61415099999","2023-07-10","20.933067","-17.029956","4.87","NOUADHIBOU, MR","  74.5","23","  66.3","23","1012.4"," 5","011.8"," 5","  3.9","23"," 18.1","23"," 22.0"," 31.1","  84.2","*","  69.8","*"," 0.00","I","999.9","000000"
"61415099999","2023-07-11","20.933067","-17.029956","4.87","NOUADHIBOU, MR","  73.2","22","  67.3","22","1010.4"," 5","009.7"," 5","  3.8","22"," 11.3","22"," 18.1","999.9","  78.8","*","  68.9"," "," 0.00","I","999.9","000000"
"61415099999","2023-07-12","20.933067","-17.029956","4.87","NOUADHIBOU, MR","  75.1","21","  68.6","18","1011.6"," 5","010.9"," 5","  4.2","20","  6.9","21"," 11.1","999.9","  84.2","*","  69.3","*"," 0.00","I","999.9","000000"
"61415099999","2023-07-13","20.933067","-17.029956","4.87","NOUADHIBOU, MR","  73.4","22","  69.0","20","1009.7"," 5","009.0"," 5","  3.4","21"," 12.5","22"," 18.1"," 28.0","  78.8","*","  69.8"," "," 0.00","I","999.9","000000"
"61415099999","2023-07-14","20.933067","-17.029956","4.87","NOUADHIBOU, MR","  76.0","23","  68.4","23","1007.8"," 5","007.2"," 5","  3.6","23","  7.6","23"," 13.0","999.9","  86.0","*","  70.5"," "," 0.00","I","999.9","000000"
"61415099999","2023-07-15","20.933067","-17.029956","4.87","NOUADHIBOU, MR","  77.4","23","  71.8","20","1010.9"," 5","010.2"," 5","  3.5","21","  8.1","23"," 13.0"," 15.0","  82.4","*","  73.4","*"," 0.00","I","999.9","000000"
"61415099999","2023-07-16","20.933067","-17.029956","4.87","NOUADHIBOU, MR","  75.2","24","  66.1","23","1012.1"," 5","011.4"," 5","  3.5","24"," 15.7","24"," 24.1"," 35.0","  84.2","*","  70.7"," "," 0.00","I","999.9","000000"
"61415099999","2023-07-17","20.933067","-17.029956","4.87","NOUADHIBOU, MR","  74.4","23","  64.8","23","1012.7"," 5","012.1"," 5","  4.2","23"," 17.2","23"," 22.0"," 28.9","  82.8","*","  69.1"," "," 0.00","I","999.9","000000"
"61415099999","2023-07-18","20.933067","-17.029956","4.87","NOUADHIBOU, MR","  76.7","23","  65.1","23","1013.7"," 5","013.0"," 5","  4.7","22"," 14.2","23"," 18.1","999.9","  88.7","*","  71.4"," "," 0.00","I","999.9","000000"
"61415099999","2023-07-19","20.933067","-17.029956","4.87","NOUADHIBOU, MR","  81.9","23","  67.3","23","1014.8"," 5","014.1"," 5","  4.1","23"," 10.6","23"," 14.0","999.9","  98.8","*","  74.8"," "," 0.00","I","999.9","000000"
"61415099999","2023-07-20","20.933067","-17.029956","4.87","NOUADHIBOU, MR","  74.8","23","  67.7","23","1013.9"," 5","013.2"," 5","  4.0","23"," 13.3","23"," 20.0","999.9","  82.4","*","  70.9"," "," 0.00","I","999.9","000000"
"61415099999","2023-07-21","20.933067","-17.029956","4.87","NOUADHIBOU, MR","  73.9","21","  66.2","19","1012.7"," 5","012.1"," 5","  3.2","20"," 18.5","21"," 26.0"," 34.0","  78.8","*","  69.6"," "," 0.00","I","999.9","000000"
"61415099999","2023-07-22","20.933067","-17.029956","4.87","NOUADHIBOU, MR","  74.3","24","  65.5","22","1010.7"," 5","010.1"," 5","  3.5","24"," 17.9","24"," 22.0"," 28.9","  84.2","*","  68.5"," "," 0.00","I","999.9","000000"
"61415099999","2023-07-23","20.933067","-17.029956","4.87","NOUADHIBOU, MR","  75.2","23","  64.8","23","1012.4"," 5","011.8"," 5","  4.4","22"," 16.2","23"," 21.0","999.9","  82.8","*","  69.8","*"," 0.00","I","999.9","000000"
"61415099999","2023-07-24","20.933067","-17.029956","4.87","NOUADHIBOU, MR","  76.6","22","  64.7","22","1014.0"," 5","013.3"," 5","  4.3","21"," 15.6","22"," 19.0","999.9","  89.6","*","  71.6"," "," 0.00","I","999.9","000000"
"61415099999","2023-07-25","20.933067","-17.029956","4.87","NOUADHIBOU, MR","  77.3","23","  64.3","23","1013.3"," 5","012.7"," 5","  4.5","22"," 15.5","23"," 18.1"," 28.0","  90.0","*","  71.6","*"," 0.00","I","999.9","000000"
"61415099999","2023-07-26","20.933067","-17.029956","4.87","NOUADHIBOU, MR","  75.3","23","  65.5","22","9999.9"," 0","999.9"," 0","  4.3","23"," 14.7","23"," 20.0"," 29.9","  84.2","*","  70.2"," "," 0.00","I","999.9","000000"
"61415099999","2023-07-27","20.933067","-17.029956","4.87","NOUADHIBOU, MR","  75.6","20","  63.9","20","9999.9"," 0","999.9"," 0","  3.4","20"," 18.5","20"," 22.9","999.9","  84.2","*","  71.6","*"," 0.00","I","999.9","000000"
"61415099999","2023-07-28","20.933067","-17.029956","4.87","NOUADHIBOU, MR","  75.3","21","  62.3","21","9999.9"," 0","999.9"," 0","  3.3","21"," 20.7","21"," 26.0","999.9","  86.0","*","  68.0","*"," 0.00","I","999.9","000000"
"61415099999","2023-07-29","20.933067","-17.029956","4.87","NOUADHIBOU, MR","  77.1","23","  64.4","23","9999.9"," 0","999.9"," 0","  4.9","23"," 13.6","23"," 20.0","999.9","  87.8","*","  71.6","*"," 0.00","I","999.9","000000"
"61415099999","2023-07-30","20.933067","-17.029956","4.87","NOUADHIBOU, MR","  73.9","23","  66.0","23","9999.9"," 0","999.9"," 0","  4.5","23"," 10.2","23"," 17.1"," 25.1","  78.8","*","  69.8","*"," 0.00","I","999.9","000000"
"61415099999","2023-07-31","20.933067","-17.029956","4.87","NOUADHIBOU, MR","  73.0","22","  67.3","22","9999.9"," 0","999.9"," 0","  3.8","22","  9.1","22"," 13.0","999.9","  78.8","*","  69.8","*"," 0.00","I","999.9","000000"
"61415099999","2023-08-01","20.933067","-17.029956","4.87","NOUADHIBOU, MR","  73.2","22","  67.9","22","9999.9"," 0","999.9"," 0","  3.9","21"," 10.3","22"," 19.0"," 26.0","  78.8","*","  69.8","*"," 0.00","I","999.9","000000"
"61415099999","2023-08-02","20.933067","-17.029956","4.87","NOUADHIBOU, MR","  73.7","22","  66.3","22","9999.9"," 0","999.9"," 0","  4.0","22"," 13.6","22"," 22.9","999.9","  80.6","*","  69.8","*"," 0.00","I","999.9","000000"
"61415099999","2023-08-03","20.933067","-17.029956","4.87","NOUADHIBOU, MR","  73.2","23","  67.7","23","9999.9"," 0","999.9"," 0","  3.8","23","  9.1","23"," 13.0","999.9","  78.8","*","  69.8","*"," 0.00","I","999.9","000000"
"61415099999","2023-08-04","20.933067","-17.029956","4.87","NOUADHIBOU, MR","  73.0","22","  66.6","22","9999.9"," 0","999.9"," 0","  4.2","22"," 14.1","22"," 20.0"," 29.9","  78.8","*","  69.8","*"," 0.00","I","999.9","000000"
"61415099999","2023-08-05","20.933067","-17.029956","4.87","NOUADHIBOU, MR","  74.8","23","  65.1","23","9999.9"," 0","999.9"," 0","  3.9","23"," 18.4","23"," 22.9"," 29.9","  86.0","*","  69.8","*"," 0.00","I","999.9","000000"
"61415099999","2023-08-06","20.933067","-17.029956","4.87","NOUADHIBOU, MR","  73.6","23","  64.2","23","9999.9"," 0","999.9"," 0","  4.3","23"," 16.8","23"," 21.0","999.9","  78.8","*","  69.8","*"," 0.00","I","999.9","000000"
"61415099999","2023-08-07","20.933067","-17.029956","4.87","NOUADHIBOU, MR","  72.4","19","  65.3","19","9999.9"," 0","999.9"," 0","  5.2","19"," 10.5","19"," 13.0","999.9","  78.8","*","  68.0","*"," 0.00","I","999.9","000000"
"61415099999","2023-08-08","20.933067","-17.029956","4.87","NOUADHIBOU, MR","  73.0","24","  66.9","24","9999.9"," 0","999.9"," 0","  4.6","24"," 12.4","24"," 19.0"," 28.9","  78.8","*","  69.8","*"," 0.00","I","999.9","000000"
"61415099999","2023-08-09","20.933067","-17.029956","4.87","NOUADHIBOU, MR","  74.3","19","  67.4","19","9999.9"," 0","999.9"," 0","  4.4","19"," 16.8","19"," 21.0"," 33.0","  82.4","*","  69.8","*"," 0.00","I","999.9","000000"
"61415099999","2023-08-10","20.933067","-17.029956","4.87","NOUADHIBOU, MR","  72.7","22","  68.0","22","9999.9"," 0","999.9"," 0","  3.8","22"," 18.1","22"," 22.9"," 33.0","  77.0","*","  69.8","*"," 0.00","I","999.9","000000"
"61415099999","2023-08-11","20.933067","-17.029956","4.87","NOUADHIBOU, MR","  77.2","22","  70.5","22","9999.9"," 0","999.9"," 0","  3.7","22","  6.9","22"," 11.1","999.9","  84.2","*","  71.6","*"," 0.00","I","999.9","000000"
"61415099999","2023-08-12","20.933067","-17.029956","4.87","NOUADHIBOU, MR","  77.9","23","  73.2","23","9999.9"," 0","999.9"," 0","  3.4","23","  7.5","23"," 11.1","999.9","  84.2","*","  71.6","*"," 0.00","I","999.9","000000"
"61415099999","2023-08-13","20.933067","-17.029956","4.87","NOUADHIBOU, MR","  78.6","20","  73.2","20","9999.9"," 0","999.9"," 0","  3.3","20","  8.7","20"," 18.1","999.9","  84.2","*","  75.2","*","99.99"," ","999.9","110000"
"61415099999","2023-08-14","20.933067","-17.029956","4.87","NOUADHIBOU, MR","  75.4","22","  71.6","22","9999.9"," 0","999.9"," 0","  3.3","22"," 10.8","22"," 15.0","999.9","  80.6","*","  73.4","*"," 0.00","I","999.9","100000"
"61415099999","2023-08-15","20.933067","-17.029956","4.87","NOUADHIBOU, MR","  76.9","22","  71.5","22","9999.9"," 0","999.9"," 0","  3.7","22","  7.8","22"," 11.1","999.9","  80.6","*","  73.4","*"," 0.00","I","999.9","000000"
"61415099999","2023-08-16","20.933067","-17.029956","4.87","NOUADHIBOU, MR","  76.3","21","  70.3","21","9999.9"," 0","999.9"," 0","  3.9","21","  7.3","21"," 14.0","999.9","  80.6","*","  71.6","*"," 0.00","I","999.9","000000"
"61415099999","2023-08-17","20.933067","-17.029956","4.87","NOUADHIBOU, MR","  78.9","15","  71.7","15","9999.9"," 0","999.9"," 0","  4.5","15","  7.6","15"," 13.0","999.9","  86.0","*","  75.2","*"," 0.00","I","999.9","000000"
"61415099999","2023-08-18","20.933067","-17.029956","4.87","NOUADHIBOU, MR","  75.6","24","  69.0","24","9999.9"," 0","999.9"," 0","  4.5","24"," 12.9","24"," 18.1"," 28.0","  80.6","*","  71.6","*"," 0.00","I","999.9","000000"
"61415099999","2023-08-19","20.933067","-17.029956","4.87","NOUADHIBOU, MR","  81.4","22","  71.3","22","9999.9"," 0","999.9"," 0","  3.5","22"," 10.4","22"," 15.9","999.9","  93.2","*","  73.4","*"," 0.00","I","999.9","000000"
"61415099999","2023-08-20","20.933067","-17.029956","4.87","NOUADHIBOU, MR","  86.2","19","  72.6","19","9999.9"," 0","999.9"," 0","  3.8","19","  8.8","19"," 22.0","999.9","  95.0","*","  78.8","*","99.99"," ","999.9","010000"
"61415099999","2023-08-21","20.933067","-17.029956","4.87","NOUADHIBOU, MR","  83.8","20","  71.2","20","9999.9"," 0","999.9"," 0","  4.6","20","  8.8","20"," 14.0","999.9","  93.2","*","  77.0","*","99.99"," ","999.9","010000"
"61415099999","2023-08-22","20.933067","-17.029956","4.87","NOUADHIBOU, MR","  80.0","21","  71.6","21","9999.9"," 0","999.9"," 0","  4.8","21"," 14.4","21"," 20.0"," 29.9","  84.2","*","  77.0","*"," 0.00","I","999.9","000000"
"61415099999","2023-08-23","20.933067","-17.029956","4.87","NOUADHIBOU, MR","  79.3","23","  70.5","23","9999.9"," 0","999.9"," 0","  5.0","23"," 12.0","23"," 17.1","999.9","  86.0","*","  75.2","*"," 0.00","I","999.9","000000"
"61415099999","2023-08-24","20.933067","-17.029956","4.87","NOUADHIBOU, MR","  83.6","19","  72.8","19","9999.9"," 0","999.9"," 0","  3.3","19","  8.4","19"," 22.0","999.9","  89.6","*","  78.8","*"," 0.00","I","999.9","000000"
"61415099999","2023-08-25","20.933067","-17.029956","4.87","NOUADHIBOU, MR","  85.1","23","  71.4","23","9999.9"," 0","999.9"," 0","  3.3","23","  8.8","23"," 15.0","999.9","  98.6","*","  78.8","*"," 0.00","I","999.9","000000"
"61415099999","2023-08-26","20.933067","-17.029956","4.87","NOUADHIBOU, MR","  88.5","24","  63.7","24","9999.9"," 0","999.9"," 0","  3.4","24"," 12.2","24"," 19.0","999.9"," 104.0","*","  80.6","*"," 0.00","I","999.9","000000"
"61415099999","2023-08-27","20.933067","-17.029956","4.87","NOUADHIBOU, MR","  88.0","23","  65.7","23","9999.9"," 0","999.9"," 0","  2.3","23"," 16.3","23"," 22.0"," 28.0"," 104.0","*","  82.4","*"," 0.00","I","999.9","000000"
"61415099999","2023-08-28","20.933067","-17.029956","4.87","NOUADHIBOU, MR","  82.4","23","  66.0","23","9999.9"," 0","999.9"," 0","  3.2","23"," 17.2","23"," 24.1","999.9","  95.0","*","  77.0","*"," 0.00","I","999.9","000000"
"61415099999","2023-08-29","20.933067","-17.029956","4.87","NOUADHIBOU, MR","  80.9","21","  66.6","21","9999.9"," 0","999.9"," 0","  4.4","21","  8.7","21"," 12.0","999.9","  89.6","*","  75.2","*"," 0.00","I","999.9","000010"
"61415099999","2023-08-30","20.933067","-17.029956","4.87","NOUADHIBOU, MR","  82.1","24","  69.0","24","9999.9"," 0","999.9"," 0","  4.5","24","  7.8","24"," 13.0","999.9","  93.2","*","  77.0","*"," 0.00","I","999.9","000000"
"61415099999","2023-08-31","20.933067","-17.029956","4.87","NOUADHIBOU, MR","  82.2","24","  70.1","24","9999.9"," 0","999.9"," 0","  4.7","24","  6.7","24","  8.9","999.9","  89.6","*","  77.0","*"," 0.00","I","999.9","000010"
"61415099999","2023-09-01","20.933067","-17.029956","4.87","NOUADHIBOU, MR","  83.2","21","  72.6","21","9999.9"," 0","999.9"," 0","  3.8","21","  7.8","21"," 13.0","999.9","  89.6","*","  78.8","*"," 0.00","I","999.9","000000"
"61415099999","2023-09-02","20.933067","-17.029956","4.87","NOUADHIBOU, MR","  81.8","22","  65.9","22","9999.9"," 0","999.9"," 0","  4.7","22"," 12.0","22"," 17.1","999.9","  89.6","*","  77.0","*"," 0.00","I","999.9","000000"
"61415099999","2023-09-03","20.933067","-17.029956","4.87","NOUADHIBOU, MR","  81.4","20","  65.4","20","9999.9"," 0","999.9"," 0","  4.9","20"," 14.7","20"," 19.0","999.9","  91.4","*","  75.2","*"," 0.00","I","999.9","000000"
"61415099999","2023-09-04","20.933067","-17.029956","4.87","NOUADHIBOU, MR","  78.2","22","  65.5","22","9999.9"," 0","999.9"," 0","  4.3","22"," 15.0","22"," 19.0","999.9","  86.0","*","  73.4","*"," 0.00","I","999.9","000000"
"61415099999","2023-09-05","20.933067","-17.029956","4.87","NOUADHIBOU, MR","  78.2","20","  63.9","20","9999.9"," 0","999.9"," 0","  4.7","20"," 16.0","20"," 22.9"," 26.0","  91.4","*","  71.6","*"," 0.00","I","999.9","000000"
"61415099999","2023-09-06","20.933067","-17.029956","4.87","NOUADHIBOU, MR","  81.4","23","  66.0","23","9999.9"," 0","999.9"," 0","  5.2","23","  8.6","23"," 15.0","999.9","  91.4","*","  75.2","*"," 0.00","I","999.9","000000"
"61415099999","2023-09-07","20.933067","-17.029956","4.87","NOUADHIBOU, MR","  83.8","18","  71.0","18","9999.9"," 0","999.9"," 0","  4.7","18","  8.3","18"," 15.0","999.9","  91.4","*","  78.8","*"," 0.00","I","999.9","000000"
"61415099999","2023-09-08","20.933067","-17.029956","4.87","NOUADHIBOU, MR","  78.7","21","  70.2","21","9999.9"," 0","999.9"," 0","  4.3","21"," 12.9","21"," 19.0"," 28.9","  84.2","*","  75.2","*"," 0.00","I","999.9","000000"
"61415099999","2023-09-09","20.933067","-17.029956","4.87","NOUADHIBOU, MR","  80.3","24","  66.3","24","9999.9"," 0","999.9"," 0","  4.9","24"," 15.6","24"," 19.0"," 28.9","  93.2","*","  77.0","*"," 0.00","I","999.9","000000"
"61415099999","2023-09-10","20.933067","-17.029956","4.87","NOUADHIBOU, MR","  80.2","20","  66.1","20","9999.9"," 0","999.9"," 0","  5.0","20"," 11.7","20"," 19.0","999.9","  89.6","*","  75.2","*","99.99"," ","999.9","010010"
"61415099999","2023-09-11","20.933067","-17.029956","4.87","NOUADHIBOU, MR","  79.3","23","  66.6","23","9999.9"," 0","999.9"," 0","  4.7","23"," 13.2","23"," 18.1","999.9","  89.6","*","  75.2","*"," 0.00","I","999.9","000000"
"61415099999","2023-09-12","20.933067","-17.029956","4.87","NOUADHIBOU, MR","  79.1","21","  67.1","21","9999.9"," 0","999.9"," 0","  4.5","21"," 13.8","21"," 19.0"," 27.0","  89.6","*","  75.2","*"," 0.00","I","999.9","000000"
"61415099999","2023-09-13","20.933067","-17.029956","4.87","NOUADHIBOU, MR","  77.9","20","  65.8","20","9999.9"," 0","999.9"," 0","  4.8","20"," 13.8","20"," 17.1","999.9","  84.2","*","  73.4","*"," 0.00","I","999.9","000000"
"61415099999","2023-09-14","20.933067","-17.029956","4.87","NOUADHIBOU, MR","  75.9","20","  64.4","20","9999.9"," 0","999.9"," 0","  5.1","20"," 15.0","20"," 20.0","999.9","  84.2","*","  71.6","*"," 0.00","I","999.9","000000"
"61415099999","2023-09-15","20.933067","-17.029956","4.87","NOUADHIBOU, MR","  75.5","21","  64.7","21","9999.9"," 0","999.9"," 0","  4.7","21"," 16.4","21"," 19.0","999.9","  84.2","*","  69.8","*"," 0.00","I","999.9","000000"
"61415099999","2023-09-16","20.933067","-17.029956","4.87","NOUADHIBOU, MR","  74.7","21","  65.3","21","9999.9"," 0","999.9"," 0","  4.6","21"," 15.2","21"," 19.0"," 27.0","  80.6","*","  69.8","*"," 0.00","I","999.9","000000"
"61415099999","2023-09-17","20.933067","-17.029956","4.87","NOUADHIBOU, MR","  75.6","23","  66.1","23","9999.9"," 0","999.9"," 0","  4.8","23"," 11.5","23"," 17.1"," 27.0","  80.6","*","  71.6","*"," 0.00","I","999.9","000000"
"61415099999","2023-09-18","20.933067","-17.029956","4.87","NOUADHIBOU, MR","  76.5","24","  67.6","24","9999.9"," 0","999.9"," 0","  5.0","24"," 11.6","24"," 20.0","999.9","  80.6","*","  71.6","*"," 0.00","I","999.9","000000"
"61415099999","2023-09-19","20.933067","-17.029956","4.87","NOUADHIBOU, MR","  79.0","11","  63.4","11","9999.9"," 0","999.9"," 0","  4.9","11"," 12.6","11"," 15.9","999.9","  89.6","*","  73.4","*"," 0.00","I","999.9","000000"
"61415099999","2023-09-20","20.933067","-17.029956","4.87","NOUADHIBOU, MR","  78.9","22","  63.4","22","9999.9"," 0","999.9"," 0","  4.5","22"," 14.2","22"," 21.0","999.9","  96.8","*","  73.4","*"," 0.00","I","999.9","000000"
"61415099999","2023-09-21","20.933067","-17.029956","4.87","NOUADHIBOU, MR","  77.2","22","  63.6","22","9999.9"," 0","999.9"," 0","  4.7","22","  8.7","22"," 15.9","999.9","  91.4","*","  69.8","*"," 0.00","I","999.9","000000"
"61415099999","2023-09-22","20.933067","-17.029956","4.87","NOUADHIBOU, MR","  76.9","24","  64.0","24","9999.9"," 0","999.9"," 0","  5.0","24"," 12.5","24"," 17.1","999.9","  82.4","*","  73.4","*"," 0.00","I","999.9","000000"
"61415099999","2023-09-23","20.933067","-17.029956","4.87","NOUADHIBOU, MR","  76.2","21","  65.3","21","9999.9"," 0","999.9"," 0","  4.7","21"," 13.9","21"," 17.1","999.9","  86.0","*","  69.8","*"," 0.00","I","999.9","000000"
"61415099999","2023-09-24","20.933067","-17.029956","4.87","NOUADHIBOU, MR","  78.5","20","  62.2","20","9999.9"," 0","999.9"," 0","  4.6","20"," 14.3","20"," 17.1","999.9","  87.8","*","  73.4","*"," 0.00","I","999.9","000000"
"61415099999","2023-09-25","20.933067","-17.029956","4.87","NOUADHIBOU, MR","  76.4","24","  63.4","24","9999.9"," 0","999.9"," 0","  4.9","24"," 13.9","24"," 18.1","999.9","  86.0","*","  71.6","*"," 0.00","I","999.9","000000"
"61415099999","2023-09-26","20.933067","-17.029956","4.87","NOUADHIBOU, MR","  77.1","22","  63.3","22","9999.9"," 0","999.9"," 0","  4.8","22"," 15.9","22"," 22.0"," 28.0","  93.2","*","  73.4","*"," 0.00","I","999.9","000000"
"61415099999","2023-09-27","20.933067","-17.029956","4.87","NOUADHIBOU, MR","  77.4","21","  63.7","21","9999.9"," 0","999.9"," 0","  4.7","21"," 15.0","21"," 21.0","999.9","  96.8","*","  69.8","*"," 0.00","I","999.9","000000"
"61415099999","2023-09-28","20.933067","-17.029956","4.87","NOUADHIBOU, MR","  74.1","17","  64.1","17","9999.9"," 0","999.9"," 0","  4.3","17"," 14.8","17"," 17.1","999.9","  82.4","*","  71.6","*"," 0.00","I","999.9","000000"
"61415099999","2023-09-29","20.933067","-17.029956","4.87","NOUADHIBOU, MR","  77.9","19","  64.5","19","9999.9"," 0","999.9"," 0","  4.7","19"," 13.3","19"," 17.1","999.9","  89.6","*","  69.8","*"," 0.00","I","999.9","000000"
"61415099999","2023-09-30","20.933067","-17.029956","4.87","NOUADHIBOU, MR","  80.9","21","  64.0","21","9999.9"," 0","999.9"," 0","  4.5","21"," 12.5","21"," 18.1","999.9","  96.8","*","  73.4","*"," 0.00","I","999.9","000000"
"61415099999","2023-10-01","20.933067","-17.029956","4.87","NOUADHIBOU, MR","  80.5","23","  63.3","23","9999.9"," 0","999.9"," 0","  4.6","23"," 12.5","23"," 15.9","999.9","  96.8","*","  75.2","*"," 0.00","I","999.9","000000"
"61415099999","2023-10-02","20.933067","-17.029956","4.87","NOUADHIBOU, MR","  81.4","22","  58.6","22","9999.9"," 0","999.9"," 0","  4.3","22"," 12.5","22"," 15.0","999.9"," 100.4","*","  75.2","*"," 0.00","I","999.9","000000"
"61415099999","2023-10-03","20.933067","-17.029956","4.87","NOUADHIBOU, MR","  83.8","22","  60.7","22","9999.9"," 0","999.9"," 0","  4.5","22"," 10.0","22"," 17.1","999.9"," 100.4","*","  71.6","*"," 0.00","I","999.9","000000"
"61415099999","2023-10-04","20.933067","-17.029956","4.87","NOUADHIBOU, MR","  83.8","22","  60.4","22","9999.9"," 0","999.9"," 0","  4.3","21"," 10.7","22"," 15.0","999.9","  98.6","*","  78.8","*"," 0.00","I","999.9","000000"
"61415099999","2023-10-05","20.933067","-17.029956","4.87","NOUADHIBOU, MR","  86.1","20","  61.7","19","9999.9"," 0","999.9"," 0","  4.0","20","  7.1","20"," 11.1","999.9"," 102.2","*","  77.0","*"," 0.00","I","999.9","000000"
"61415099999","2023-10-06","20.933067","-17.029956","4.87","NOUADHIBOU, MR","  85.5","20","  60.7","19","9999.9"," 0","999.9"," 0","  4.5","20"," 12.7","20"," 19.0"," 28.0"," 104.0","*","  73.4","*"," 0.00","I","999.9","000000"
"61415099999","2023-10-07","20.933067","-17.029956","4.87","NOUADHIBOU, MR","  78.7","24","  67.8","24","9999.9"," 0","999.9"," 0","  4.4","24","  8.1","24"," 13.0","999.9","  86.0","*","  75.2","*"," 0.00","I","999.9","000000"
"61415099999","2023-10-08","20.933067","-17.029956","4.87","NOUADHIBOU, MR","  76.5","23","  71.2","23","9999.9"," 0","999.9"," 0","  4.3","23","  7.9","23"," 13.0","999.9","  82.4","*","  71.6","*"," 0.00","I","999.9","000000"
"61415099999","2023-10-09","20.933067","-17.029956","4.87","NOUADHIBOU, MR","  76.5","23","  70.9","23","9999.9"," 0","999.9"," 0","  3.8","22"," 10.0","23"," 14.0","999.9","  82.4","*","  73.4","*"," 0.00","I","999.9","000000"
"61415099999","2023-10-10","20.933067","-17.029956","4.87","NOUADHIBOU, MR","  77.1","21","  71.3","21","9999.9"," 0","999.9"," 0","  3.1","21","  9.1","21"," 15.0","999.9","  86.0","*","  71.6","*"," 0.00","I","999.9","100000"
"61415099999","2023-10-11","20.933067","-17.029956","4.87","NOUADHIBOU, MR","  88.5","21","  57.9","19","9999.9"," 0","999.9"," 0","  4.3","21","  9.0","21"," 13.0","999.9"," 104.0","*","  77.0","*"," 0.00","I","999.9","000000"
"61415099999","2023-10-12","20.933067","-17.029956","4.87","NOUADHIBOU, MR","  83.8","22","  52.9","22","9999.9"," 0","999.9"," 0","  5.2","22"," 10.3","22"," 12.0","999.9"," 102.2","*","  75.2","*"," 0.00","I","999.9","000000"
"61415099999","2023-10-13","20.933067","-17.029956","4.87","NOUADHIBOU, MR","  81.0","23","  59.9","23","9999.9"," 0","999.9"," 0","  4.7","23","  6.7","23"," 12.0","999.9","  95.0","*","  71.6","*"," 0.00","I","999.9","000000"
"61415099999","2023-10-14","20.933067","-17.029956","4.87","NOUADHIBOU, MR","  82.4","23","  67.3","23","9999.9"," 0","999.9"," 0","  4.5","23","  7.0","23"," 12.0","999.9","  96.8","*","  73.4","*"," 0.00","I","999.9","000000"
"61415099999","2023-10-15","20.933067","-17.029956","4.87","NOUADHIBOU, MR","  87.6","15","  54.7","15","9999.9"," 0","999.9"," 0","  4.7","15"," 11.3","15"," 15.9","999.9"," 102.2","*","  78.8","*"," 0.00","I","999.9","000000"
"61415099999","2023-10-16","20.933067","-17.029956","4.87","NOUADHIBOU, MR","  84.4","17","  56.2","17","9999.9"," 0","999.9"," 0","  5.0","17"," 10.8","17"," 14.0","999.9","  95.0","*","  77.0","*"," 0.00","I","999.9","000000"
"61415099999","2023-10-17","20.933067","-17.029956","4.87","NOUADHIBOU, MR","  79.7","19","  63.7","19","9999.9"," 0","999.9"," 0","  4.8","19"," 13.9","19"," 17.1","999.9","  91.4","*","  73.4","*"," 0.00","I","999.9","000000"
"61415099999","2023-10-18","20.933067","-17.029956","4.87","NOUADHIBOU, MR","  76.6","20","  68.8","20","9999.9"," 0","999.9"," 0","  4.5","20"," 13.0","20"," 17.1"," 24.1","  82.4","*","  71.6","*"," 0.00","I","999.9","000000"
"61415099999","2023-10-19","20.933067","-17.029956","4.87","NOUADHIBOU, MR","  75.6","21","  68.5","21","9999.9"," 0","999.9"," 0","  4.5","21"," 13.6","21"," 18.1"," 26.0","  82.4","*","  69.8","*"," 0.00","I","999.9","000000"
"61415099999","2023-10-20","20.933067","-17.029956","4.87","NOUADHIBOU, MR","  74.0","23","  68.2","23","9999.9"," 0","999.9"," 0","  4.7","23"," 11.7","22"," 15.9"," 25.1","  78.8","*","  69.8","*"," 0.00","I","999.9","000000"
"61415099999","2023-10-21","20.933067","-17.029956","4.87","NOUADHIBOU, MR","  75.5","23","  70.8","23","9999.9"," 0","999.9"," 0","  3.5","23","  9.4","23"," 14.0","999.9","  80.6","*","  71.6","*"," 0.00","I","999.9","000000"
"61415099999","2023-10-22","20.933067","-17.029956","4.87","NOUADHIBOU, MR","  76.6","21","  67.6","21","9999.9"," 0","999.9"," 0","  5.0","21","  7.0","21"," 11.1","999.9","  82.4","*","  71.6","*"," 0.00","I","999.9","000000"
"61415099999","2023-10-23","20.933067","-17.029956","4.87","NOUADHIBOU, MR","  76.2","22","  66.6","22","9999.9"," 0","999.9"," 0","  4.7","22"," 11.4","22"," 15.9","999.9","  82.4","*","  71.6","*"," 0.00","I","999.9","000000"
"61415099999","2023-10-24","20.933067","-17.029956","4.87","NOUADHIBOU, MR","  76.0","20","  63.6","20","9999.9"," 0","999.9"," 0","  5.4","20"," 11.6","20"," 15.0","999.9","  87.8","*","  69.8","*"," 0.00","I","999.9","000000"
"61415099999","2023-10-25","20.933067","-17.029956","4.87","NOUADHIBOU, MR","  80.1","22","  60.5","22","9999.9"," 0","999.9"," 0","  4.7","22"," 14.2","22"," 18.1","999.9","  95.0","*","  71.6","*"," 0.00","I","999.9","000000"
"61415099999","2023-10-26","20.933067","-17.029956","4.87","NOUADHIBOU, MR","  80.4","21","  60.0","21","9999.9"," 0","999.9"," 0","  4.6","21"," 13.0","21"," 18.1","999.9","  96.8","*","  71.6","*"," 0.00","I","999.9","000000"
"61415099999","2023-10-27","20.933067","-17.029956","4.87","NOUADHIBOU, MR","  74.2","21","  62.9","21","9999.9"," 0","999.9"," 0","  4.9","21"," 14.0","21"," 19.0","999.9","  80.6","*","  68.0","*"," 0.00","I","999.9","000000"
"61415099999","2023-10-28","20.933067","-17.029956","4.87","NOUADHIBOU, MR","  72.6","22","  63.8","22","9999.9"," 0","999.9"," 0","  4.7","22"," 12.6","22"," 15.9","999.9","  82.4","*","  68.0","*"," 0.00","I","999.9","000000"
"61415099999","2023-10-29","20.933067","-17.029956","4.87","NOUADHIBOU, MR","  71.9","18","  65.8","18","9999.9"," 0","999.9"," 0","  4.1","18"," 11.4","18"," 17.1","999.9","  80.6","*","  66.2","*"," 0.00","I","999.9","100000"
"61415099999","2023-10-30","20.933067","-17.029956","4.87","NOUADHIBOU, MR","  71.8","23","  66.4","23","9999.9"," 0","999.9"," 0","  4.2","23"," 10.5","23"," 15.0","999.9","  80.6","*","  66.2","*"," 0.00","I","999.9","000000"
"61415099999","2023-10-31","20.933067","-17.029956","4.87","NOUADHIBOU, MR","  73.7","23","  66.0","23","9999.9"," 0","999.9"," 0","  4.5","23"," 12.7","23"," 15.9","999.9","  84.2","*","  69.8","*"," 0.00","I","999.9","000000"
"61415099999","2023-11-01","20.933067","-17.029956","4.87","NOUADHIBOU, MR","  78.6","23","  63.4","23","9999.9"," 0","999.9"," 0","  4.8","23"," 12.5","23"," 18.1","999.9","  91.4","*","  71.6","*"," 0.00","I","999.9","000000"
"61415099999","2023-11-02","20.933067","-17.029956","4.87","NOUADHIBOU, MR","  77.8","19","  64.3","19","9999.9"," 0","999.9"," 0","  4.3","19"," 14.8","19"," 18.1","999.9","  91.4","*","  73.4","*"," 0.00","I","999.9","000000"
"61415099999","2023-11-03","20.933067","-17.029956","4.87","NOUADHIBOU, MR","  74.7","22","  63.1","22","9999.9"," 0","999.9"," 0","  4.3","22"," 15.1","22"," 20.0","999.9","  86.0","*","  69.8","*"," 0.00","I","999.9","000000"
"61415099999","2023-11-04","20.933067","-17.029956","4.87","NOUADHIBOU, MR","  74.2","22","  61.6","22","9999.9"," 0","999.9"," 0","  4.8","22"," 14.8","22"," 19.0","999.9","  86.0","*","  68.0","*"," 0.00","I","999.9","000000"
"61415099999","2023-11-05","20.933067","-17.029956","4.87","NOUADHIBOU, MR","  73.6","22","  60.1","22","9999.9"," 0","999.9"," 0","  5.0","22"," 14.3","22"," 18.1","999.9","  86.0","*","  66.2","*"," 0.00","I","999.9","000000"
"61415099999","2023-11-06","20.933067","-17.029956","4.87","NOUADHIBOU, MR","  73.2","18","  60.5","18","9999.9"," 0","999.9"," 0","  4.8","18"," 14.8","18"," 18.1","999.9","  86.0","*","  68.0","*"," 0.00","I","999.9","000000"
"61415099999","2023-11-07","20.933067","-17.029956","4.87","NOUADHIBOU, MR","  73.8","24","  55.9","24","9999.9"," 0","999.9"," 0","  2.8","24"," 21.4","24"," 28.0","999.9","  82.4","*","  69.8","*"," 0.00","I","999.9","000000"
"61415099999","2023-11-08","20.933067","-17.029956","4.87","NOUADHIBOU, MR","  70.0","23","  55.2","23","9999.9"," 0","999.9"," 0","  3.7","23"," 20.2","23"," 28.0","999.9","  78.8","*","  66.2","*"," 0.00","I","999.9","000000"
"61415099999","2023-11-09","20.933067","-17.029956","4.87","NOUADHIBOU, MR","  70.0","23","  57.6","23","9999.9"," 0","999.9"," 0","  4.7","23"," 15.5","23"," 18.1","999.9","  84.2","*","  64.4","*"," 0.00","I","999.9","000000"
"61415099999","2023-11-10","20.933067","-17.029956","4.87","NOUADHIBOU, MR","  72.8","19","  58.7","19","9999.9"," 0","999.9"," 0","  4.8","19"," 12.1","19"," 15.0","999.9","  89.6","*","  66.2","*"," 0.00","I","999.9","000000"
"61415099999","2023-11-11","20.933067","-17.029956","4.87","NOUADHIBOU, MR","  75.9","22","  56.0","22","9999.9"," 0","999.9"," 0","  4.3","22"," 10.8","22"," 13.0","999.9","  89.6","*","  69.8","*"," 0.00","I","999.9","000000"
"61415099999","2023-11-12","20.933067","-17.029956","4.87","NOUADHIBOU, MR","  75.3","22","  56.1","22","9999.9"," 0","999.9"," 0","  4.3","22","  9.6","22"," 13.0","999.9","  91.4","*","  68.0","*"," 0.00","I","999.9","000000"
"61415099999","2023-11-13","20.933067","-17.029956","4.87","NOUADHIBOU, MR","  75.0","22","  53.2","22","9999.9"," 0","999.9"," 0","  4.7","22","  8.6","22"," 13.0","999.9","  87.8","*","  66.2","*"," 0.00","I","999.9","000000"
"61415099999","2023-11-14","20.933067","-17.029956","4.87","NOUADHIBOU, MR","  79.3","23","  45.8","23","9999.9"," 0","999.9"," 0","  4.4","23","  7.6","23"," 12.0","999.9","  95.0","*","  68.0","*"," 0.00","I","999.9","000000"
"61415099999","2023-11-15","20.933067","-17.029956","4.87","NOUADHIBOU, MR","  81.4","22","  47.4","22","9999.9"," 0","999.9"," 0","  4.3","22","  8.5","22"," 14.0","999.9","  95.0","*","  69.8","*"," 0.00","I","999.9","000000"
"61415099999","2023-11-16","20.933067","-17.029956","4.87","NOUADHIBOU, MR","  80.1","22","  47.6","22","9999.9"," 0","999.9"," 0","  4.6","22","  9.8","22"," 15.9","999.9","  93.2","*","  71.6","*"," 0.00","I","999.9","000000"
"61415099999","2023-11-17","20.933067","-17.029956","4.87","NOUADHIBOU, MR","  78.7","23","  49.5","23","9999.9"," 0","999.9"," 0","  4.5","23","  9.5","23"," 12.0","999.9","  91.4","*","  71.6","*"," 0.00","I","999.9","000000"
"61415099999","2023-11-18","20.933067","-17.029956","4.87","NOUADHIBOU, MR","  81.4","19","  46.6","19","9999.9"," 0","999.9"," 0","  4.2","19","  8.9","19"," 12.0","999.9","  95.0","*","  69.8","*"," 0.00","I","999.9","000000"
"61415099999","2023-11-19","20.933067","-17.029956","4.87","NOUADHIBOU, MR","  80.3","24","  46.8","24","9999.9"," 0","999.9"," 0","  4.4","24","  8.2","24"," 13.0","999.9","  91.4","*","  71.6","*"," 0.00","I","999.9","000000"
"61415099999","2023-11-20","20.933067","-17.029956","4.87","NOUADHIBOU, MR","  77.8","21","  52.7","21","9999.9"," 0","999.9"," 0","  5.0","21","  7.3","21"," 13.0","999.9","  87.8","*","  71.6","*"," 0.00","I","999.9","000000"
"61415099999","2023-11-21","20.933067","-17.029956","4.87","NOUADHIBOU, MR","  79.2","23","  46.6","23","9999.9"," 0","999.9"," 0","  4.7","23","  6.9","23"," 15.9","999.9","  91.4","*","  73.4","*"," 0.00","I","999.9","000000"
"61415099999","2023-11-22","20.933067","-17.029956","4.87","NOUADHIBOU, MR","  80.0","21","  46.5","21","9999.9"," 0","999.9"," 0","  4.7","21","  8.6","21"," 14.0","999.9","  89.6","*","  73.4","*"," 0.00","I","999.9","000000"
"61415099999","2023-11-23","20.933067","-17.029956","4.87","NOUADHIBOU, MR","  75.9","24","  54.7","24","9999.9"," 0","999.9"," 0","  5.2","24"," 13.7","24"," 18.1","999.9","  89.6","*","  69.8","*"," 0.00","I","999.9","000000"
"61415099999","2023-11-24","20.933067","-17.029956","4.87","NOUADHIBOU, MR","  71.0","24","  59.8","24","9999.9"," 0","999.9"," 0","  5.1","24"," 15.9","24"," 19.0","999.9","  82.4","*","  66.2","*"," 0.00","I","999.9","000000"
"61415099999","2023-11-25","20.933067","-17.029956","4.87","NOUADHIBOU, MR","  70.5","19","  54.1","19","9999.9"," 0","999.9"," 0","  5.0","19"," 14.3","19"," 18.1","999.9","  84.2","*","  64.4","*"," 0.00","I","999.9","000000"
"61415099999","2023-11-26","20.933067","-17.029956","4.87","NOUADHIBOU, MR","  70.9","24","  53.9","24","9999.9"," 0","999.9"," 0","  4.7","24"," 13.2","24"," 15.9","999.9","  82.4","*","  64.4","*"," 0.00","I","999.9","000000"
"61415099999","2023-11-27","20.933067","-17.029956","4.87","NOUADHIBOU, MR","  71.8","22","  48.6","22","9999.9"," 0","999.9"," 0","  4.6","22","  9.9","22"," 14.0","999.9","  87.8","*","  64.4","*"," 0.00","I","999.9","000000"
"61415099999","2023-11-28","20.933067","-17.029956","4.87","NOUADHIBOU, MR","  70.5","23","  49.0","23","9999.9"," 0","999.9"," 0","  4.7","23","  8.4","23"," 12.0","999.9","  84.2","*","  64.4","*"," 0.00","I","999.9","000000"
"61415099999","2023-11-29","20.933067","-17.029956","4.87","NOUADHIBOU, MR","  70.7","24","  49.5","24","9999.9"," 0","999.9"," 0","  4.8","24","  6.3","24","  8.9","999.9","  82.4","*","  60.8","*"," 0.00","I","999.9","000000"
"61415099999","2023-11-30","20.933067","-17.029956","4.87","NOUADHIBOU, MR","  68.8","23","  60.5","23","9999.9"," 0","999.9"," 0","  5.0","22","  3.0","23","  6.0","999.9","  77.0","*","  62.6","*"," 0.00","I","999.9","000000"
"61415099999","2023-12-01","20.933067","-17.029956","4.87","NOUADHIBOU, MR","  71.6","22","  65.5","22","9999.9"," 0","999.9"," 0","  4.5","20","  4.1","22","  8.0","999.9","  78.8","*","  64.4","*"," 0.00","I","999.9","000000"
"61415099999","2023-12-02","20.933067","-17.029956","4.87","NOUADHIBOU, MR","  71.2","24","  66.6","24","9999.9"," 0","999.9"," 0","  3.3","24","  7.4","24"," 11.1","999.9","  78.8","*","  66.2","*"," 0.00","I","999.9","100000"
"61415099999","2023-12-03","20.933067","-17.029956","4.87","NOUADHIBOU, MR","  68.0","23","  64.3","23","9999.9"," 0","999.9"," 0","  4.0","23"," 10.1","23"," 13.0","999.9","  73.4","*","  66.2","*"," 0.00","I","999.9","100000"
"61415099999","2023-12-04","20.933067","-17.029956","4.87","NOUADHIBOU, MR","  69.4","24","  59.8","24","9999.9"," 0","999.9"," 0","  4.9","24"," 10.6","24"," 15.0","999.9","  78.8","*","  64.4","*"," 0.00","I","999.9","000000"
"61415099999","2023-12-05","20.933067","-17.029956","4.87","NOUADHIBOU, MR","  69.3","23","  62.4","23","9999.9"," 0","999.9"," 0","  5.0","23"," 12.9","23"," 18.1","999.9","  77.0","*","  66.2","*"," 0.00","I","999.9","000000"
"61415099999","2023-12-06","20.933067","-17.029956","4.87","NOUADHIBOU, MR","  70.0","22","  60.6","22","9999.9"," 0","999.9"," 0","  4.7","20","  9.8","22"," 13.0","999.9","  80.6","*","  64.4","*"," 0.00","I","999.9","000000"
"61415099999","2023-12-07","20.933067","-17.029956","4.87","NOUADHIBOU, MR","  74.7","21","  53.6","21","9999.9"," 0","999.9"," 0","  4.6","21","  8.6","21"," 13.0","999.9","  87.8","*","  68.0","*"," 0.00","I","999.9","000000"
"61415099999","2023-12-08","20.933067","-17.029956","4.87","NOUADHIBOU, MR","  73.8","22","  54.8","22","9999.9"," 0","999.9"," 0","  5.0","22"," 11.3","22"," 15.9","999.9","  87.8","*","  66.2","*"," 0.00","I","999.9","000000"
"61415099999","2023-12-09","20.933067","-17.029956","4.87","NOUADHIBOU, MR","  73.6","23","  49.5","23","9999.9"," 0","999.9"," 0","  4.9","23","  8.7","23"," 12.0","999.9","  86.0","*","  66.2","*"," 0.00","I","999.9","000000"
"61415099999","2023-12-10","20.933067","-17.029956","4.87","NOUADHIBOU, MR","  74.9","22","  48.9","22","9999.9"," 0","999.9"," 0","  4.8","22","  8.8","22"," 13.0","999.9","  89.6","*","  68.0","*"," 0.00","I","999.9","000000"
"61415099999","2023-12-11","20.933067","-17.029956","4.87","NOUADHIBOU, MR","  73.8","23","  43.7","23","9999.9"," 0","999.9"," 0","  2.2","23","  8.9","23"," 12.0","999.9","  82.4","*","  68.0","*"," 0.00","I","999.9","000000"
"61415099999","2023-12-12","20.933067","-17.029956","4.87","NOUADHIBOU, MR","  71.2","24","  42.6","24","9999.9"," 0","999.9"," 0","  1.6","24","  6.1","24"," 12.0","999.9","  82.4","*","  62.6","*"," 0.00","I","999.9","000000"
"61415099999","2023-12-13","20.933067","-17.029956","4.87","NOUADHIBOU, MR","  74.0","21","  42.0","21","9999.9"," 0","999.9"," 0","  2.1","21","  7.7","21"," 13.0","999.9","  87.8","*","  64.4","*"," 0.00","I","999.9","000000"
"61415099999","2023-12-14","20.933067","-17.029956","4.87","NOUADHIBOU, MR","  73.2","22","  47.0","22","9999.9"," 0","999.9"," 0","  2.5","22","  7.5","22"," 11.1","999.9","  86.0","*","  66.2","*"," 0.00","I","999.9","000000"
"61415099999","2023-12-15","20.933067","-17.029956","4.87","NOUADHIBOU, MR","  74.3","22","  47.2","22","9999.9"," 0","999.9"," 0","  4.0","22","  9.5","22"," 13.0","999.9","  84.2","*","  68.0","*"," 0.00","I","999.9","000000"
"61415099999","2023-12-16","20.933067","-17.029956","4.87","NOUADHIBOU, MR","  73.1","21","  45.0","21","9999.9"," 0","999.9"," 0","  3.1","21"," 12.6","21"," 17.1","999.9","  82.4","*","  68.0","*"," 0.00","I","999.9","000000"
"61415099999","2023-12-17","20.933067","-17.029956","4.87","NOUADHIBOU, MR","  70.0","24","  39.0","24","9999.9"," 0","999.9"," 0","  1.8","24"," 15.9","24"," 22.0","999.9","  75.2","*","  64.4","*"," 0.00","I","999.9","000000"
"61415099999","2023-12-18","20.933067","-17.029956","4.87","NOUADHIBOU, MR","  67.8","22","  36.2","22","9999.9"," 0","999.9"," 0","  1.1","22"," 15.1","22"," 20.0","999.9","  73.4","*","  62.6","*"," 0.00","I","999.9","000000"
"61415099999","2023-12-19","20.933067","-17.029956","4.87","NOUADHIBOU, MR","  66.7","23","  34.4","23","9999.9"," 0","999.9"," 0","  1.0","23"," 14.8","23"," 18.1","999.9","  73.4","*","  60.8","*"," 0.00","I","999.9","000000"
"61415099999","2023-12-20","20.933067","-17.029956","4.87","NOUADHIBOU, MR","  66.4","22","  37.9","22","9999.9"," 0","999.9"," 0","  1.9","22"," 14.9","22"," 19.0","999.9","  73.4","*","  60.8","*"," 0.00","I","999.9","000000"
"61415099999","2023-12-21","20.933067","-17.029956","4.87","NOUADHIBOU, MR","  65.6","24","  41.1","24","9999.9"," 0","999.9"," 0","  4.6","24"," 13.8","24"," 17.1","999.9","  75.2","*","  60.8","*"," 0.00","I","999.9","000000"
"61415099999","2023-12-22","20.933067","-17.029956","4.87","NOUADHIBOU, MR","  65.7","23","  42.2","23","9999.9"," 0","999.9"," 0","  4.8","23"," 10.4","23"," 15.0","999.9","  77.0","*","  57.2","*"," 0.00","I","999.9","000000"
"61415099999","2023-12-23","20.933067","-17.029956","4.87","NOUADHIBOU, MR","  65.8","17","  40.9","17","9999.9"," 0","999.9"," 0","  4.5","17"," 10.3","17"," 14.0","999.9","  77.0","*","  59.0","*"," 0.00","I","999.9","000000"
"61415099999","2023-12-24","20.933067","-17.029956","4.87","NOUADHIBOU, MR","  64.4","22","  44.1","22","9999.9"," 0","999.9"," 0","  4.8","22","  9.1","22"," 14.0","999.9","  77.0","*","  55.4","*"," 0.00","I","999.9","000000"
"61415099999","2023-12-25","20.933067","-17.029956","4.87","NOUADHIBOU, MR","  64.6","23","  51.6","23","9999.9"," 0","999.9"," 0","  5.1","23","  8.9","23"," 11.1","999.9","  73.4","*","  57.2","*"," 0.00","I","999.9","000000"
"61415099999","2023-12-26","20.933067","-17.029956","4.87","NOUADHIBOU, MR","  66.2","23","  52.0","23","9999.9"," 0","999.9"," 0","  4.7","23","  9.3","23"," 12.0","999.9","  78.8","*","  59.0","*"," 0.00","I","999.9","000000"
"61415099999","2023-12-27","20.933067","-17.029956","4.87","NOUADHIBOU, MR","  68.8","22","  48.4","22","9999.9"," 0","999.9"," 0","  4.5","22","  8.2","22"," 13.0","999.9","  84.2","*","  59.0","*"," 0.00","I","999.9","000000"
"61415099999","2023-12-28","20.933067","-17.029956","4.87","NOUADHIBOU, MR","  72.5","23","  44.8","22","9999.9"," 0","999.9"," 0","  4.8","23","  6.9","23"," 11.1","999.9","  86.0","*","  60.8","*"," 0.00","I","999.9","000000"
"61415099999","2023-12-29","20.933067","-17.029956","4.87","NOUADHIBOU, MR","  73.6","23","  43.1","23","9999.9"," 0","999.9"," 0","  5.3","23","  5.8","23","  8.9","999.9","  87.8","*","  62.6","*"," 0.00","I","999.9","000000"
"61415099999","2023-12-30","20.933067","-17.029956","4.87","NOUADHIBOU, MR","  72.5","22","  41.6","22","9999.9"," 0","999.9"," 0","  4.7","22","  6.9","22"," 11.1","999.9","  87.8","*","  60.8","*"," 0.00","I","999.9","000000"
"61415099999","2023-12-31","20.933067","-17.029956","4.87","NOUADHIBOU, MR","  70.4","23","  42.4","23","9999.9"," 0","999.9"," 0","  4.7","23","  8.8","23"," 14.0","999.9","  86.0","*","  62.6","*"," 0.00","I","999.9","000000"
