"STATION","DATE","LATITUDE","LONGITUDE","ELEVATION","NAME","TEMP","TEMP_ATTRIBUTES","DEWP","DEWP_ATTRIBUTES","SLP","SLP_ATTRIBUTES","STP","STP_ATTRIBUTES","VISIB","VISIB_ATTRIBUTES","WDSP","WDSP_ATTRIBUTES","MXSPD","GUST","MAX","MAX_ATTRIBUTES","MIN","MIN_ATTRIBUTES","PRCP","PRCP_ATTRIBUTES","SNDP","FRSHTT"
"70249026526","2023-01-01","62.0911","-152.7349","566.3","PUNTILLA, AK US","  22.3"," 5","  22.3"," 5","9999.9"," 0","906.9"," 4","  8.6"," 5","  0.0"," 5","999.9","999.9","  26.6","*","  15.8","*"," 0.14","G"," 18.1","001000"
"70249026526","2023-01-02","62.0911","-152.7349","566.3","PUNTILLA, AK US","  25.2"," 5","  25.2"," 5","9999.9"," 0","912.6"," 5","  4.6"," 5","  2.0"," 5","  5.1","999.9","  30.2","*","  17.6","*"," 0.08","G"," 18.1","001000"
"70249026526","2023-01-03","62.0911","-152.7349","566.3","PUNTILLA, AK US","  23.0"," 5","  23.0"," 5","9999.9"," 0","926.3"," 5"," 19.0"," 5","  2.0"," 4","  4.1","999.9","  30.2","*","  17.6","*"," 0.00","G"," 18.1","001000"
"70249026526","2023-01-04","62.0911","-152.7349","566.3","PUNTILLA, AK US","  22.3"," 5","  22.3"," 5","9999.9"," 0","927.9"," 5"," 15.4"," 5","  0.6"," 5","  2.9","999.9","  26.6","*","  17.6","*"," 0.05","G"," 18.1","001000"
"70249026526","2023-01-05","62.0911","-152.7349","566.3","PUNTILLA, AK US","  18.0"," 5","  18.0"," 5","9999.9"," 0","931.0"," 5"," 21.4"," 5","  0.6"," 5","  2.9","999.9","  19.9"," ","  15.1"," "," 0.02","G"," 18.1","001000"
"70249026526","2023-01-06","62.0911","-152.7349","566.3","PUNTILLA, AK US","   8.6"," 5","   8.6"," 5","9999.9"," 0","930.4"," 5"," 25.0"," 5","  1.7"," 5","  2.9","999.9","  14.0"," ","   1.0"," "," 0.00","G"," 18.1","000000"
"70249026526","2023-01-07","62.0911","-152.7349","566.3","PUNTILLA, AK US","  -2.2"," 5","  -2.2"," 5","9999.9"," 0","935.5"," 5"," 25.0"," 5","  1.4"," 5","  4.1","999.9","  14.0","*","  -7.6","*"," 0.00","G"," 18.1","000000"
"70249026526","2023-01-08","62.0911","-152.7349","566.3","PUNTILLA, AK US","  -9.4"," 5","  -9.4"," 5","9999.9"," 0","934.4"," 5"," 25.0"," 5","  2.0"," 5","  4.1","999.9","  -5.8","*"," -11.2","*"," 0.00","G"," 18.1","000000"
"70249026526","2023-01-09","62.0911","-152.7349","566.3","PUNTILLA, AK US","   7.2"," 5","   7.2"," 5","9999.9"," 0","932.8"," 5"," 25.0"," 5","  1.2"," 5","  2.9","999.9","  15.8","*","  -9.4","*"," 0.00","G"," 18.1","000000"
"70249026526","2023-01-10","62.0911","-152.7349","566.3","PUNTILLA, AK US","  21.2"," 5","  21.2"," 5","9999.9"," 0","928.7"," 5","  7.4"," 5","  0.0"," 5","999.9","999.9","  26.6","*","  14.0","*"," 0.02","G"," 18.1","001000"
"70249026526","2023-01-12","62.0911","-152.7349","566.3","PUNTILLA, AK US","  25.2"," 5","  25.2"," 5","9999.9"," 0","936.3"," 5"," 16.2"," 5","  1.2"," 5","  2.9","999.9","  27.0"," ","  24.1"," "," 0.04","G"," 18.1","001000"
"70249026526","2023-01-13","62.0911","-152.7349","566.3","PUNTILLA, AK US","  14.7"," 5","  14.7"," 5","9999.9"," 0","932.7"," 5"," 23.0"," 5","  0.0"," 5","999.9","999.9","  24.8","*","  12.2","*"," 0.00","G"," 18.1","000000"
"70249026526","2023-01-14","62.0911","-152.7349","566.3","PUNTILLA, AK US","  11.5"," 5","  11.5"," 5","9999.9"," 0","926.2"," 5"," 25.0"," 5","  0.0"," 5","999.9","999.9","  15.8","*","   6.8","*"," 0.00","G"," 18.1","000000"
"70249026526","2023-01-15","62.0911","-152.7349","566.3","PUNTILLA, AK US","  23.4"," 5","  23.4"," 5","9999.9"," 0","923.2"," 5","  7.4"," 5","  0.6"," 5","  2.9","999.9","  26.6","*","  15.8","*"," 0.00","G"," 18.1","001000"
"70249026526","2023-01-16","62.0911","-152.7349","566.3","PUNTILLA, AK US","  26.2"," 5","  26.2"," 5","9999.9"," 0","921.7"," 5","  5.0"," 5","  3.2"," 5","  8.9","999.9","  28.4","*","  24.8","*"," 0.05","G"," 18.1","001000"
"70249026526","2023-01-17","62.0911","-152.7349","566.3","PUNTILLA, AK US","  14.4"," 4","  14.4"," 4","9999.9"," 0","918.7"," 4"," 15.0"," 4","  1.5"," 4","  2.9","999.9","  24.8","*","   6.8","*"," 0.00","G"," 18.1","000000"
"70249026526","2023-01-18","62.0911","-152.7349","566.3","PUNTILLA, AK US","   9.3"," 5","   9.3"," 5","9999.9"," 0","920.5"," 5"," 23.0"," 5","  1.2"," 5","  2.9","999.9","  17.6","*","   3.2","*"," 0.00","G"," 18.1","000000"
"70249026526","2023-01-19","62.0911","-152.7349","566.3","PUNTILLA, AK US","  16.5"," 5","  16.5"," 5","9999.9"," 0","923.7"," 5"," 12.6"," 5","  0.6"," 5","  2.9","999.9","  18.0"," ","  15.1"," "," 0.07","G"," 18.1","001000"
"70249026526","2023-01-20","62.0911","-152.7349","566.3","PUNTILLA, AK US","  17.2"," 5","  17.2"," 5","9999.9"," 0","999.9"," 0"," 14.6"," 5","  0.6"," 5","  2.9","999.9","  21.9"," ","  14.0"," "," 0.01","G"," 18.1","001000"
"70249026526","2023-01-21","62.0911","-152.7349","566.3","PUNTILLA, AK US","  11.7"," 4","  11.7"," 4","9999.9"," 0","999.9"," 0"," 25.0"," 4","  6.0"," 4","  8.0","999.9","  19.9"," ","   3.0"," "," 0.00","G"," 18.1","000000"
"70249026526","2023-01-22","62.0911","-152.7349","566.3","PUNTILLA, AK US","   3.9"," 5","   3.9"," 5","9999.9"," 0","999.9"," 0"," 25.0"," 5","  1.4"," 5","  4.1","999.9","  14.0"," ","  -4.0"," "," 0.00","G"," 18.1","000000"
"70249026526","2023-01-23","62.0911","-152.7349","566.3","PUNTILLA, AK US","  -1.1"," 5","  -1.1"," 5","9999.9"," 0","928.6"," 5"," 21.0"," 5","  4.0"," 5","  5.1","999.9","   8.6","*","  -5.8","*"," 0.00","G"," 18.1","001000"
"70249026526","2023-01-24","62.0911","-152.7349","566.3","PUNTILLA, AK US","  15.8"," 5","  15.8"," 5","9999.9"," 0","933.8"," 5","  5.0"," 5","  1.4"," 5","  4.1","999.9","  24.8","*","  -0.4","*"," 0.05","G"," 18.1","001000"
"70249026526","2023-01-25","62.0911","-152.7349","566.3","PUNTILLA, AK US","  25.5"," 5","  25.5"," 5","9999.9"," 0","935.2"," 5"," 21.0"," 5","  0.6"," 5","  2.9","999.9","  28.9"," ","  21.0"," "," 0.04","G"," 18.1","001000"
"70249026526","2023-01-26","62.0911","-152.7349","566.3","PUNTILLA, AK US","  16.5"," 5","  16.5"," 5","9999.9"," 0","999.9"," 0"," 23.0"," 5","  3.2"," 5","  7.0","999.9","  28.9"," ","  10.0"," "," 0.07","G"," 18.1","001000"
"70249026526","2023-01-27","62.0911","-152.7349","566.3","PUNTILLA, AK US","   9.7"," 5","   9.7"," 5","9999.9"," 0","999.9"," 0"," 25.0"," 5","  3.0"," 5","  4.1","999.9","  15.8","*","   5.0","*"," 0.00","G"," 18.1","000000"
"70249026526","2023-01-28","62.0911","-152.7349","566.3","PUNTILLA, AK US","  20.8"," 5","  20.8"," 5","9999.9"," 0","968.3"," 5"," 25.0"," 5","  2.9"," 5","  2.9","999.9","  28.9"," ","  14.0"," "," 0.00","G"," 18.1","000000"
"70249026526","2023-01-29","62.0911","-152.7349","566.3","PUNTILLA, AK US","  25.5"," 5","  25.5"," 5","9999.9"," 0","999.9"," 0"," 10.2"," 5","  1.8"," 5","  5.1","999.9","  28.4","*","  21.2","*"," 0.00","G"," 18.1","001000"
"70249026526","2023-01-30","62.0911","-152.7349","566.3","PUNTILLA, AK US","  23.7"," 5","  23.7"," 5","9999.9"," 0","950.1"," 4"," 19.4"," 5","  1.4"," 5","  4.1","999.9","  28.4","*","  21.2","*"," 0.00","G"," 18.1","000000"
"70249026526","2023-01-31","62.0911","-152.7349","566.3","PUNTILLA, AK US","  22.6"," 5","  22.6"," 5","9999.9"," 0","941.3"," 4"," 25.0"," 5","  0.6"," 5","  2.9","999.9","  30.2","*","  15.8","*"," 0.00","G"," 18.1","000000"
"70249026526","2023-02-01","62.0911","-152.7349","566.3","PUNTILLA, AK US","  20.1"," 5","  20.1"," 5","9999.9"," 0","936.5"," 5"," 15.8"," 5","  4.0"," 5","  6.0","999.9","  28.9"," ","  17.1"," "," 0.02","G"," 18.1","001000"
"70249026526","2023-02-02","62.0911","-152.7349","566.3","PUNTILLA, AK US","  20.1"," 5","  20.1"," 5","9999.9"," 0","929.9"," 5"," 18.6"," 5","  1.2"," 5","  2.9","999.9","  23.0","*","  17.6","*"," 0.04","G"," 18.1","001000"
"70249026526","2023-02-03","62.0911","-152.7349","566.3","PUNTILLA, AK US","  11.1"," 5","  11.1"," 5","9999.9"," 0","931.0"," 5"," 23.0"," 5","  0.8"," 5","  4.1","999.9","  19.4","*","   3.2","*"," 0.00","G"," 18.1","000000"
"70249026526","2023-02-04","62.0911","-152.7349","566.3","PUNTILLA, AK US","   7.2"," 5","   7.2"," 5","9999.9"," 0","930.2"," 5"," 17.0"," 5","  0.6"," 5","  2.9","999.9","  15.8","*","  -0.4","*"," 0.01","G"," 18.1","001000"
"70249026526","2023-02-05","62.0911","-152.7349","566.3","PUNTILLA, AK US","  14.7"," 5","  14.7"," 5","9999.9"," 0","921.7"," 5"," 11.0"," 5","  2.0"," 5","  4.1","999.9","  19.4","*","  10.4","*"," 0.04","G"," 18.1","001000"
"70249026526","2023-02-06","62.0911","-152.7349","566.3","PUNTILLA, AK US","  16.5"," 5","  16.5"," 5","9999.9"," 0","914.8"," 5","  8.6"," 5","  0.0"," 5","999.9","999.9","  21.2","*","  12.2","*"," 0.10","G"," 20.1","001000"
"70249026526","2023-02-07","62.0911","-152.7349","566.3","PUNTILLA, AK US","  18.7"," 5","  18.7"," 5","9999.9"," 0","927.7"," 5"," 11.0"," 5","  1.2"," 5","  2.9","999.9","  21.2","*","  14.0","*"," 0.10","G"," 20.9","001000"
"70249026526","2023-02-08","62.0911","-152.7349","566.3","PUNTILLA, AK US","   8.2"," 5","   8.2"," 5","9999.9"," 0","938.5"," 5"," 23.0"," 5","  4.4"," 5","  6.0","999.9","  16.0"," ","   3.0"," "," 0.04","G"," 20.9","000000"
"70249026526","2023-02-09","62.0911","-152.7349","566.3","PUNTILLA, AK US","  -4.4"," 5","  -4.4"," 5","9999.9"," 0","937.3"," 5"," 25.0"," 5","  2.8"," 5","  5.1","999.9","   6.8","*"," -18.4","*"," 0.00","G"," 18.1","000000"
"70249026526","2023-02-10","62.0911","-152.7349","566.3","PUNTILLA, AK US","   1.4"," 5","   1.4"," 5","9999.9"," 0","930.4"," 5","  8.2"," 5","  0.8"," 5","  4.1","999.9","   8.6","*","  -5.8","*"," 0.00","G"," 18.1","001000"
"70249026526","2023-02-11","62.0911","-152.7349","566.3","PUNTILLA, AK US","  12.6"," 5","  12.6"," 5","9999.9"," 0","925.1"," 5"," 10.6"," 5","  0.0"," 5","999.9","999.9","  21.2","*","   6.8","*"," 0.03","G"," 20.9","001000"
"70249026526","2023-02-12","62.0911","-152.7349","566.3","PUNTILLA, AK US","  12.9"," 5","  12.9"," 5","9999.9"," 0","926.0"," 5"," 11.0"," 5","  7.1"," 5","  9.9"," 20.0","  19.9"," ","  10.0"," "," 0.05","G"," 20.9","001000"
"70249026526","2023-02-13","62.0911","-152.7349","566.3","PUNTILLA, AK US","  -3.6"," 5","  -3.6"," 5","9999.9"," 0","941.3"," 5"," 25.0"," 5","  8.2"," 5"," 12.0","999.9","   9.0"," ","  -8.0"," "," 0.03","G"," 20.9","000000"
"70249026526","2023-02-14","62.0911","-152.7349","566.3","PUNTILLA, AK US","   4.6"," 5","   4.6"," 5","9999.9"," 0","938.8"," 5"," 10.2"," 5","  1.4"," 5","  4.1","999.9","  15.8","*"," -11.2","*"," 0.02","G"," 20.9","001000"
"70249026526","2023-02-15","62.0911","-152.7349","566.3","PUNTILLA, AK US","  10.8"," 5","  10.8"," 5","9999.9"," 0","934.5"," 5"," 17.4"," 5","  3.4"," 5","  8.0","999.9","  15.8","*","   6.8","*"," 0.16","G"," 22.8","000000"
"70249026526","2023-02-16","62.0911","-152.7349","566.3","PUNTILLA, AK US","  12.2"," 5","  12.2"," 5","9999.9"," 0","936.5"," 5"," 11.4"," 5","  2.8"," 5","  6.0","999.9","  18.0"," ","   5.0"," "," 0.03","G"," 22.8","001000"
"70249026526","2023-02-17","62.0911","-152.7349","566.3","PUNTILLA, AK US","  14.4"," 5","  14.4"," 5","9999.9"," 0","936.2"," 5"," 23.0"," 5","  0.0"," 5","999.9","999.9","  19.4","*","  10.4","*"," 0.06","G"," 24.0","000000"
"70249026526","2023-02-18","62.0911","-152.7349","566.3","PUNTILLA, AK US","  15.1"," 5","  15.1"," 5","9999.9"," 0","934.6"," 5","  7.4"," 5","  1.6"," 5","  5.1","999.9","  21.9"," ","  10.0"," "," 0.06","G"," 24.0","001000"
"70249026526","2023-02-19","62.0911","-152.7349","566.3","PUNTILLA, AK US","  16.2"," 5","  16.2"," 5","9999.9"," 0","944.3"," 5"," 20.6"," 5","  2.6"," 5","  5.1","999.9","  21.9"," ","   8.1"," "," 0.00","G"," 24.0","001000"
"70249026526","2023-02-20","62.0911","-152.7349","566.3","PUNTILLA, AK US","  15.8"," 5","  15.8"," 5","9999.9"," 0","955.4"," 5"," 25.0"," 5","  3.6"," 5","  5.1","999.9","  21.2","*","   6.8","*"," 0.00","G"," 24.0","000000"
"70249026526","2023-02-21","62.0911","-152.7349","566.3","PUNTILLA, AK US","  11.5"," 5","  11.5"," 5","9999.9"," 0","965.2"," 5"," 25.0"," 5","  2.2"," 5","  5.1","999.9","  23.0"," ","  -0.9"," "," 0.00","G"," 24.0","000000"
"70249026526","2023-02-22","62.0911","-152.7349","566.3","PUNTILLA, AK US","  12.6"," 5","  12.6"," 5","9999.9"," 0","962.3"," 5"," 25.0"," 5","  3.8"," 5","  6.0","999.9","  21.9"," ","  -2.9"," "," 0.00","G"," 24.0","000000"
"70249026526","2023-02-23","62.0911","-152.7349","566.3","PUNTILLA, AK US","  22.3"," 5","  22.3"," 5","9999.9"," 0","951.4"," 5"," 15.8"," 5","  4.4"," 5","  5.1","999.9","  26.6","*","  19.4","*"," 0.17","G"," 26.0","001000"
"70249026526","2023-02-24","62.0911","-152.7349","566.3","PUNTILLA, AK US","  21.2"," 5","  21.2"," 5","9999.9"," 0","943.9"," 5"," 25.0"," 5","  1.2"," 5","  2.9","999.9","  28.4","*","  10.4","*"," 0.00","G"," 26.0","000000"
"70249026526","2023-02-25","62.0911","-152.7349","566.3","PUNTILLA, AK US","  19.4"," 4","  19.4"," 4","9999.9"," 0","939.8"," 4"," 25.0"," 4","  4.0"," 4","  6.0","999.9","  24.8","*","  15.8","*"," 0.00","G"," 26.0","000000"
"70249026526","2023-02-26","62.0911","-152.7349","566.3","PUNTILLA, AK US","   9.3"," 5","   9.3"," 5","9999.9"," 0","937.8"," 5"," 25.0"," 5","  5.4"," 5","  6.0","999.9","  16.0"," ","   3.0"," "," 0.00","G"," 26.0","000000"
"70249026526","2023-02-27","62.0911","-152.7349","566.3","PUNTILLA, AK US","   2.5"," 5","   2.5"," 5","9999.9"," 0","940.1"," 4"," 25.0"," 5","  3.5"," 5","  5.1","999.9","   8.6","*","  -7.6","*"," 0.00","G"," 26.0","000000"
"70249026526","2023-02-28","62.0911","-152.7349","566.3","PUNTILLA, AK US","   3.2"," 5","   3.2"," 5","9999.9"," 0","932.2"," 4"," 10.6"," 5","  7.0"," 5","  9.9","999.9","   8.6","*","  -5.8","*"," 0.11","G"," 27.2","001000"
"70249026526","2023-03-01","62.0911","-152.7349","566.3","PUNTILLA, AK US","   8.6"," 4","   8.6"," 4","9999.9"," 0","999.9"," 0"," 19.5"," 4","  3.3"," 4","  6.0","999.9","  17.6","*","  -0.4","*"," 0.00","G","999.9","001000"
"70249026526","2023-03-03","62.0911","-152.7349","566.3","PUNTILLA, AK US","   9.0"," 4","   9.0"," 4","9999.9"," 0","942.6"," 4"," 25.0"," 4","  5.8"," 4","  7.0"," 24.1","  12.9"," ","   6.1"," "," 0.00","G"," 22.8","000000"
"70249026526","2023-03-04","62.0911","-152.7349","566.3","PUNTILLA, AK US","   8.6"," 5","   8.6"," 5","9999.9"," 0","958.0"," 5"," 25.0"," 5","  4.2"," 5","  6.0","999.9","  19.4","*","  -5.8","*"," 0.00","G"," 22.8","000000"
"70249026526","2023-03-08","62.0911","-152.7349","566.3","PUNTILLA, AK US","  35.6"," 4","  35.2"," 4","9999.9"," 0","954.3"," 4"," 25.0"," 4","  2.0"," 4","  4.1","999.9","  48.2","*","  24.8","*"," 0.00","I","999.9","000000"
"70249026526","2023-03-10","62.0911","-152.7349","566.3","PUNTILLA, AK US","  28.4"," 5","  28.4"," 5","9999.9"," 0","956.8"," 5"," 25.0"," 5","  6.6"," 5"," 11.1","999.9","  33.1"," ","  24.1"," "," 0.00","G"," 20.1","000000"
"70249026526","2023-03-11","62.0911","-152.7349","566.3","PUNTILLA, AK US","  19.4"," 5","  19.4"," 5","9999.9"," 0","954.9"," 5"," 25.0"," 5","  3.8"," 5","  6.0","999.9","  30.2","*","   3.2","*"," 0.00","G"," 20.1","000000"
"70249026526","2023-03-12","62.0911","-152.7349","566.3","PUNTILLA, AK US","  22.3"," 5","  22.3"," 5","9999.9"," 0","946.5"," 5"," 25.0"," 5","  6.2"," 5","  9.9"," 20.0","  28.4","*","  15.8","*"," 0.00","G"," 20.1","000000"
"70249026526","2023-03-13","62.0911","-152.7349","566.3","PUNTILLA, AK US","  13.5"," 4","  13.5"," 4","9999.9"," 0","942.5"," 4"," 25.0"," 4","  8.2"," 4","  9.9"," 20.0","  24.8","*","   3.2","*"," 0.00","G"," 20.1","000000"
"70249026526","2023-03-15","62.0911","-152.7349","566.3","PUNTILLA, AK US","   4.5"," 4","   4.5"," 4","9999.9"," 0","929.3"," 4"," 25.0"," 4","  3.5"," 4","  5.1","999.9","  15.8","*"," -14.8","*"," 0.00","G"," 20.1","000000"
"70249026526","2023-03-17","62.0911","-152.7349","566.3","PUNTILLA, AK US","  18.0"," 4","  18.0"," 4","9999.9"," 0","932.4"," 4"," 15.8"," 4","  2.3"," 4","  5.1","999.9","  27.0"," ","  -0.9"," "," 0.00","G"," 20.1","001000"
"70249026526","2023-03-18","62.0911","-152.7349","566.3","PUNTILLA, AK US","  28.4"," 5","  23.4"," 5","9999.9"," 0","936.4"," 5"," 20.2"," 5","  3.0"," 5","  6.0","999.9","  44.6","*","   8.6","*"," 0.06","G"," 20.9","001000"
"70249026526","2023-03-19","62.0911","-152.7349","566.3","PUNTILLA, AK US","  29.5"," 5","  29.5"," 5","9999.9"," 0","938.7"," 5"," 20.2"," 5"," 10.0"," 5"," 14.0"," 20.0","  33.8","*","  24.8","*"," 0.06","G"," 20.9","001000"
"70249026526","2023-03-20","62.0911","-152.7349","566.3","PUNTILLA, AK US","  22.6"," 5","  22.6"," 5","9999.9"," 0","938.9"," 5"," 13.0"," 5","  7.2"," 5"," 12.0","999.9","  30.2","*","   8.6","*"," 0.00","G"," 20.9","001000"
"70249026526","2023-03-21","62.0911","-152.7349","566.3","PUNTILLA, AK US","  26.6"," 5","  26.6"," 5","9999.9"," 0","934.0"," 4","  8.4"," 5","  9.6"," 5"," 14.0","999.9","  28.9"," ","  24.1"," "," 0.00","G"," 20.9","001000"
"70249026526","2023-03-23","62.0911","-152.7349","566.3","PUNTILLA, AK US","  27.7"," 5","  27.7"," 5","9999.9"," 0","933.1"," 5"," 15.2"," 5","  5.0"," 5","  8.9","999.9","  33.8","*","  21.2","*"," 0.26","G"," 27.2","001000"
"70249026526","2023-03-24","62.0911","-152.7349","566.3","PUNTILLA, AK US","  21.9"," 5","  21.9"," 5","9999.9"," 0","946.2"," 5"," 11.9"," 5","  5.4"," 5"," 15.0"," 15.9","  30.2","*","  15.8","*"," 0.12","G"," 26.0","000000"
"70249026526","2023-03-25","62.0911","-152.7349","566.3","PUNTILLA, AK US","  19.4"," 5","  19.4"," 5","9999.9"," 0","960.6"," 5"," 25.0"," 5","  5.2"," 5","  9.9","999.9","  26.6","*","   6.8","*"," 0.00","G"," 24.0","000000"
"70249026526","2023-03-26","62.0911","-152.7349","566.3","PUNTILLA, AK US","  22.6"," 5","  22.6"," 5","9999.9"," 0","963.7"," 5"," 25.0"," 5","  4.4"," 5","  8.0","999.9","  30.2","*","   6.8","*"," 0.00","G"," 24.0","000000"
"70249026526","2023-03-27","62.0911","-152.7349","566.3","PUNTILLA, AK US","  26.2"," 5","  26.2"," 5","9999.9"," 0","963.4"," 5"," 25.0"," 5","  6.6"," 5","  8.0","999.9","  34.2"," ","  12.0"," "," 0.00","G"," 22.0","000000"
"70249026526","2023-03-28","62.0911","-152.7349","566.3","PUNTILLA, AK US","  27.0"," 5","  27.0"," 5","9999.9"," 0","960.6"," 4"," 25.0"," 5","  8.5"," 5","  9.9","999.9","  30.2","*","  19.4","*"," 0.00","G"," 22.0","000000"
"70249026526","2023-03-29","62.0911","-152.7349","566.3","PUNTILLA, AK US","  24.1"," 5","  24.1"," 5","9999.9"," 0","949.2"," 5"," 16.0"," 5","  3.6"," 5","  5.1","999.9","  30.2","*","  10.4","*"," 0.00","G"," 20.1","001000"
"70249026526","2023-03-30","62.0911","-152.7349","566.3","PUNTILLA, AK US","  23.0"," 4","  23.0"," 4","9999.9"," 0","999.9"," 0"," 16.3"," 4","  4.3"," 4","  6.0","999.9","  30.9"," ","  14.0"," "," 0.00","G"," 20.1","001000"
"70249026526","2023-03-31","62.0911","-152.7349","566.3","PUNTILLA, AK US","  30.2"," 5","  30.2"," 5","9999.9"," 0","930.1"," 4"," 20.0"," 5"," 10.0"," 5"," 15.0","999.9","  32.0","*","  26.6","*"," 0.00","G"," 20.1","000000"
"70249026526","2023-04-01","62.0911","-152.7349","566.3","PUNTILLA, AK US","  27.8"," 6","  27.8"," 6","9999.9"," 0","999.9"," 0"," 25.0"," 6"," 12.7"," 6"," 17.1","999.9","  33.8","*","  23.0","*"," 0.00","G"," 20.1","000000"
"70249026526","2023-04-02","62.0911","-152.7349","566.3","PUNTILLA, AK US","  25.3"," 7","  23.3"," 6","9999.9"," 0","999.9"," 0"," 25.0"," 7","  3.6"," 7","  5.1","999.9","  37.9"," ","  12.0"," "," 0.00","G"," 18.9","000000"
"70249026526","2023-04-03","62.0911","-152.7349","566.3","PUNTILLA, AK US","  20.4"," 7","9999.9"," 0","9999.9"," 0","948.0"," 5"," 23.6"," 7","  2.5"," 7","  2.9","999.9","  37.4","*","  -0.4","*"," 0.00","G"," 18.9","000000"
"70249026526","2023-04-04","62.0911","-152.7349","566.3","PUNTILLA, AK US","  24.4"," 4","  23.0"," 4","9999.9"," 0","942.0"," 4","  6.3"," 4","  6.0"," 4","  9.9","999.9","  26.6","*","  21.2","*","99.99"," ","999.9","001000"
"70249026526","2023-04-05","62.0911","-152.7349","566.3","PUNTILLA, AK US","  29.0"," 6","  28.7"," 6","9999.9"," 0","936.0"," 6"," 25.0"," 6","  3.5"," 6","  5.1","999.9","  34.0"," ","  21.9"," "," 0.00","G"," 18.9","000000"
"70249026526","2023-04-06","62.0911","-152.7349","566.3","PUNTILLA, AK US","  17.9"," 7","  16.6"," 7","9999.9"," 0","929.1"," 7"," 23.6"," 7","  5.1"," 5","  5.1","999.9","  30.2","*","   6.8","*"," 0.00","G"," 18.9","000000"
"70249026526","2023-04-07","62.0911","-152.7349","566.3","PUNTILLA, AK US","  11.2"," 7","   8.6"," 7","9999.9"," 0","925.9"," 7"," 25.0"," 7","  3.8"," 7","  9.9","999.9","  21.2","*","  -9.4","*"," 0.00","G"," 18.9","000000"
"70249026526","2023-04-08","62.0911","-152.7349","566.3","PUNTILLA, AK US","  11.7"," 7","   9.1"," 7","9999.9"," 0","925.7"," 7"," 25.0"," 7","  4.8"," 7","  8.0","999.9","  23.0","*","  -9.4","*"," 0.00","G"," 18.9","000000"
"70249026526","2023-04-09","62.0911","-152.7349","566.3","PUNTILLA, AK US","  10.1"," 6","   8.0"," 6","9999.9"," 0","925.4"," 6"," 25.0"," 6","  5.3"," 6","  9.9","999.9","  17.6","*","   1.4","*"," 0.00","G"," 18.1","000000"
"70249026526","2023-04-10","62.0911","-152.7349","566.3","PUNTILLA, AK US","   8.0"," 6","   5.6"," 6","9999.9"," 0","932.2"," 6"," 25.0"," 6","  6.5"," 6","  8.9","999.9","  17.6","*","  -5.8","*"," 0.00","G"," 18.1","000000"
"70249026526","2023-04-11","62.0911","-152.7349","566.3","PUNTILLA, AK US","  12.2"," 7","   9.9"," 7","9999.9"," 0","941.2"," 7"," 16.3"," 7","  3.4"," 7","  8.9","999.9","  19.4","*","  -0.4","*"," 0.00","G"," 18.1","001000"
"70249026526","2023-04-12","62.0911","-152.7349","566.3","PUNTILLA, AK US","  20.2"," 7","  17.9"," 7","9999.9"," 0","938.8"," 7"," 22.1"," 7","  2.8"," 7","  5.1","999.9","  36.0"," ","   1.0"," "," 0.00","G"," 18.1","000000"
"70249026526","2023-04-13","62.0911","-152.7349","566.3","PUNTILLA, AK US","  20.2"," 7","  19.4"," 7","9999.9"," 0","935.2"," 7"," 21.4"," 7","  4.4"," 7","  8.0","999.9","  32.0","*","   6.8","*"," 0.00","G"," 18.1","001000"
"70249026526","2023-04-14","62.0911","-152.7349","566.3","PUNTILLA, AK US","  19.4"," 7","  18.1"," 7","9999.9"," 0","935.0"," 7","  8.9"," 7","  2.4"," 7","  5.1","999.9","  28.4","*","   8.6","*"," 0.07","G"," 18.9","001000"
"70249026526","2023-04-15","62.0911","-152.7349","566.3","PUNTILLA, AK US","  24.8"," 7","  22.7"," 7","9999.9"," 0","935.6"," 7"," 18.3"," 7","  3.3"," 7","  5.1","999.9","  37.4","*","  10.4","*"," 0.13","G"," 20.9","001000"
"70249026526","2023-04-16","62.0911","-152.7349","566.3","PUNTILLA, AK US","  28.9"," 7","  27.4"," 7","9999.9"," 0","938.1"," 7"," 19.6"," 7","  7.8"," 7","  9.9","999.9","  33.8","*","  21.2","*"," 0.00","G"," 18.9","000000"
"70249026526","2023-04-17","62.0911","-152.7349","566.3","PUNTILLA, AK US","  23.8"," 7","  22.7"," 7","9999.9"," 0","942.8"," 7"," 25.0"," 7","  6.7"," 7","  8.0","999.9","  30.2","*","  17.6","*"," 0.00","G"," 18.9","000000"
"70249026526","2023-04-18","62.0911","-152.7349","566.3","PUNTILLA, AK US","  21.8"," 6","  20.0"," 6","9999.9"," 0","943.5"," 6"," 25.0"," 6"," 11.5"," 6"," 15.0","999.9","  30.2","*","  12.2","*"," 0.00","I"," 18.9","000000"
"70249026526","2023-04-19","62.0911","-152.7349","566.3","PUNTILLA, AK US","  24.5"," 7","  21.5"," 7","9999.9"," 0","948.4"," 7"," 25.0"," 7","  5.3"," 7","  9.9","999.9","  39.2","*","   5.0","*"," 0.00","G"," 18.1","000000"
"70249026526","2023-04-20","62.0911","-152.7349","566.3","PUNTILLA, AK US","  29.4"," 7","  22.7"," 7","9999.9"," 0","956.9"," 7"," 25.0"," 7","  4.7"," 7","  6.0","999.9","  41.0","*","  10.4","*"," 0.00","G"," 16.9","000000"
"70249026526","2023-04-21","62.0911","-152.7349","566.3","PUNTILLA, AK US","  33.8"," 7","  25.1"," 7","9999.9"," 0","957.7"," 7"," 25.0"," 7","  4.4"," 7","  8.0","999.9","  44.6","*","  12.2","*"," 0.00","G"," 16.1","000000"
"70249026526","2023-04-22","62.0911","-152.7349","566.3","PUNTILLA, AK US","  40.2"," 7","  23.3"," 7","9999.9"," 0","947.8"," 7"," 25.0"," 7"," 14.0"," 7"," 25.1","999.9","  48.2","*","  33.8","*"," 0.00","G"," 15.0","000000"
"70249026526","2023-04-23","62.0911","-152.7349","566.3","PUNTILLA, AK US","  22.0"," 7","  18.9"," 7","9999.9"," 0","942.0"," 7"," 25.0"," 7"," 15.3"," 7"," 25.1","999.9","  35.6","*","  17.6","*"," 0.00","G"," 15.0","000000"
"70249026526","2023-04-24","62.0911","-152.7349","566.3","PUNTILLA, AK US","  19.1"," 6","  17.3"," 6","9999.9"," 0","936.7"," 6"," 25.0"," 6","  9.3"," 6"," 20.0","999.9","  28.9"," ","   8.1"," "," 0.00","G"," 15.0","000000"
"70249026526","2023-04-25","62.0911","-152.7349","566.3","PUNTILLA, AK US","  32.4"," 5","  27.7"," 5","9999.9"," 0","938.6"," 5","  6.6"," 5"," 12.5"," 5"," 15.0","999.9","  34.0"," ","  30.0"," "," 0.00","G"," 15.0","001000"
"70249026526","2023-04-26","62.0911","-152.7349","566.3","PUNTILLA, AK US","  31.0"," 7","  28.1"," 7","9999.9"," 0","934.6"," 7"," 19.0"," 7","  7.2"," 7"," 15.0","999.9","  39.2","*","  21.2","*"," 0.00","G"," 14.2","001000"
"70249026526","2023-04-27","62.0911","-152.7349","566.3","PUNTILLA, AK US","  36.4"," 7","  28.1"," 7","9999.9"," 0","933.7"," 7"," 25.0"," 7","  5.9"," 7"," 15.0","999.9","  41.0","*","  28.4","*"," 0.00","G"," 13.0","000000"
"70249026526","2023-04-28","62.0911","-152.7349","566.3","PUNTILLA, AK US","  35.6"," 7","  29.7"," 7","9999.9"," 0","942.1"," 7"," 15.6"," 7","  7.4"," 7"," 12.0","999.9","  41.0","*","  30.2","*"," 0.00","G"," 11.8","001000"
"70249026526","2023-04-29","62.0911","-152.7349","566.3","PUNTILLA, AK US","  36.4"," 7","  27.9"," 7","9999.9"," 0","944.7"," 7"," 25.0"," 7","  5.3"," 7","  8.0","999.9","  44.6","*","  24.8","*"," 0.00","G"," 11.0","000000"
"70249026526","2023-04-30","62.0911","-152.7349","566.3","PUNTILLA, AK US","  34.7"," 6","  26.3"," 6","9999.9"," 0","939.9"," 5"," 25.0"," 6","  6.6"," 6"," 15.0","999.9","  44.6","*","  17.6","*"," 0.00","G","  9.8","000000"
"70249026526","2023-05-01","62.0911","-152.7349","566.3","PUNTILLA, AK US","  37.1"," 7","  27.4"," 7","9999.9"," 0","934.3"," 7"," 17.1"," 7"," 14.7"," 7"," 18.1","999.9","  41.0"," ","  33.1"," "," 0.00","G","  7.9","000000"
"70249026526","2023-05-02","62.0911","-152.7349","566.3","PUNTILLA, AK US","  34.3"," 7","  29.4"," 7","9999.9"," 0","932.9"," 7"," 13.9"," 7"," 10.1"," 7"," 15.0","999.9","  37.4","*","  30.2","*"," 0.00","G","  5.9","001000"
"70249026526","2023-05-03","62.0911","-152.7349","566.3","PUNTILLA, AK US","  33.0"," 7","  28.7"," 7","9999.9"," 0","934.6"," 7","  6.8"," 7","  5.7"," 7","  8.0","999.9","  37.4","*","  26.6","*"," 0.06","G","  7.1","001000"
"70249026526","2023-05-04","62.0911","-152.7349","566.3","PUNTILLA, AK US","  33.8"," 6","  29.6"," 6","9999.9"," 0","941.3"," 6","  8.0"," 6","  5.8"," 6"," 15.0","999.9","  37.4","*","  28.4","*"," 0.09","G","  5.1","001000"
"70249026526","2023-05-05","62.0911","-152.7349","566.3","PUNTILLA, AK US","  37.1"," 7","  29.4"," 7","9999.9"," 0","944.6"," 7"," 25.0"," 7","  4.5"," 7"," 12.0","999.9","  44.6","*","  28.4","*"," 0.00","G","  2.0","000000"
"70249026526","2023-05-06","62.0911","-152.7349","566.3","PUNTILLA, AK US","  39.8"," 6","  29.3"," 6","9999.9"," 0","944.1"," 6"," 18.3"," 6","  6.3"," 6","  9.9","999.9","  44.6","*","  28.4","*"," 0.00","G","999.9","001000"
"70249026526","2023-05-07","62.0911","-152.7349","566.3","PUNTILLA, AK US","  39.2"," 7","  30.2"," 7","9999.9"," 0","946.7"," 7"," 22.1"," 7","  4.1"," 7","  8.0","999.9","  46.4","*","  28.4","*"," 0.00","G","999.9","000000"
"70249026526","2023-05-08","62.0911","-152.7349","566.3","PUNTILLA, AK US","  36.7"," 5","  29.8"," 5","9999.9"," 0","942.4"," 5"," 11.4"," 5"," 10.6"," 5"," 20.0","999.9","  41.0"," ","  33.1"," "," 0.00","G","999.9","001000"
"70249026526","2023-05-09","62.0911","-152.7349","566.3","PUNTILLA, AK US","  38.0"," 6","  29.3"," 6","9999.9"," 0","941.8"," 6"," 17.5"," 6"," 16.3"," 6"," 20.0","999.9","  41.0","*","  33.8","*"," 0.00","G","999.9","000000"
"70249026526","2023-05-10","62.0911","-152.7349","566.3","PUNTILLA, AK US","  39.7"," 7","  32.0"," 7","9999.9"," 0","940.7"," 7"," 11.0"," 7"," 10.5"," 7"," 15.0","999.9","  42.8","*","  37.4","*"," 0.00","G","999.9","000000"
"70249026526","2023-05-11","62.0911","-152.7349","566.3","PUNTILLA, AK US","  43.1"," 7","  36.6"," 7","9999.9"," 0","941.8"," 7"," 18.4"," 7","  8.1"," 7"," 15.0","999.9","  48.9"," ","  39.0"," "," 0.00","G","999.9","010000"
"70249026526","2023-05-12","62.0911","-152.7349","566.3","PUNTILLA, AK US","  45.9"," 7","  35.6"," 7","9999.9"," 0","944.7"," 7"," 25.0"," 7","  9.4"," 7"," 15.0","999.9","  55.9"," ","  28.0"," "," 0.00","G","999.9","000000"
"70249026526","2023-05-13","62.0911","-152.7349","566.3","PUNTILLA, AK US","  47.2"," 7","  36.6"," 7","9999.9"," 0","949.9"," 7"," 25.0"," 7","  8.8"," 7"," 15.0","999.9","  57.2","*","  30.2","*"," 0.00","G","999.9","000000"
"70249026526","2023-05-14","62.0911","-152.7349","566.3","PUNTILLA, AK US","  44.3"," 7","  30.7"," 7","9999.9"," 0","955.5"," 7"," 25.0"," 7"," 19.0"," 7"," 20.0","999.9","  46.4","*","  39.2","*"," 0.00","G","999.9","000000"
"70249026526","2023-05-15","62.0911","-152.7349","566.3","PUNTILLA, AK US","  39.5"," 6","  30.8"," 6","9999.9"," 0","955.3"," 6"," 12.7"," 6"," 12.4"," 5"," 15.0","999.9","  44.6","*","  35.6","*","99.99"," ","999.9","010000"
"70249026526","2023-05-16","62.0911","-152.7349","566.3","PUNTILLA, AK US","  42.3"," 7","  35.1"," 7","9999.9"," 0","951.2"," 7"," 17.9"," 7"," 15.2"," 7"," 25.1","999.9","  48.2","*","  39.2","*"," 0.00","G","999.9","000000"
"70249026526","2023-05-17","62.0911","-152.7349","566.3","PUNTILLA, AK US","  40.2"," 7","  31.2"," 7","9999.9"," 0","952.3"," 4"," 24.3"," 7","  8.3"," 7"," 12.0","999.9","  46.4","*","  33.8","*"," 0.00","G","999.9","000000"
"70249026526","2023-05-18","62.0911","-152.7349","566.3","PUNTILLA, AK US","  42.8"," 6","  32.3"," 6","9999.9"," 0","950.9"," 4"," 25.0"," 6","  4.9"," 6","  8.0","999.9","  54.0"," ","  26.1"," "," 0.00","G","999.9","000000"
"70249026526","2023-05-19","62.0911","-152.7349","566.3","PUNTILLA, AK US","  52.8"," 7","  36.9"," 7","9999.9"," 0","999.9"," 0"," 25.0"," 7","  7.1"," 7"," 20.0","999.9","  64.4","*","  35.6","*"," 0.00","G","999.9","000000"
"70249026526","2023-05-20","62.0911","-152.7349","566.3","PUNTILLA, AK US","  52.3"," 7","  37.1"," 7","9999.9"," 0","951.5"," 5"," 22.9"," 7"," 14.4"," 7"," 25.1","999.9","  57.2","*","  44.6","*"," 0.00","G","999.9","000000"
"70249026526","2023-05-21","62.0911","-152.7349","566.3","PUNTILLA, AK US","  46.9"," 7","  32.5"," 7","9999.9"," 0","953.9"," 7"," 25.0"," 7","  9.3"," 7"," 20.0","999.9","  55.4","*","  30.2","*"," 0.00","G","999.9","000000"
"70249026526","2023-05-22","62.0911","-152.7349","566.3","PUNTILLA, AK US","  43.1"," 6","  28.4"," 6","9999.9"," 0","955.3"," 6"," 25.0"," 6"," 11.3"," 6"," 20.0","999.9","  51.8","*","  26.6","*"," 0.00","G","999.9","000000"
"70249026526","2023-05-23","62.0911","-152.7349","566.3","PUNTILLA, AK US","  43.6"," 7","  31.2"," 7","9999.9"," 0","952.6"," 7"," 18.1"," 7"," 12.4"," 7"," 25.1","999.9","  46.4","*","  37.4","*"," 0.00","G","999.9","010000"
"70249026526","2023-05-24","62.0911","-152.7349","566.3","PUNTILLA, AK US","  43.3"," 7","  35.6"," 7","9999.9"," 0","947.5"," 7"," 18.6"," 7"," 10.1"," 7"," 15.0","999.9","  46.4","*","  37.4","*"," 0.05","G","999.9","010000"
"70249026526","2023-05-25","62.0911","-152.7349","566.3","PUNTILLA, AK US","  42.3"," 7","  37.7"," 7","9999.9"," 0","942.9"," 7"," 17.9"," 7","  7.7"," 7"," 12.0","999.9","  46.4","*","  37.4","*"," 0.08","G","999.9","010000"
"70249026526","2023-05-26","62.0911","-152.7349","566.3","PUNTILLA, AK US","  45.6"," 7","  36.9"," 7","9999.9"," 0","933.4"," 7"," 17.0"," 7"," 10.1"," 7"," 18.1","999.9","  48.9"," ","  41.0"," "," 0.23","G","999.9","010000"
"70249026526","2023-05-27","62.0911","-152.7349","566.3","PUNTILLA, AK US","  44.6"," 7","  29.9"," 7","9999.9"," 0","933.2"," 7"," 25.0"," 7"," 12.3"," 7"," 20.0","999.9","  48.2","*","  39.2","*"," 0.00","G","999.9","000000"
"70249026526","2023-05-28","62.0911","-152.7349","566.3","PUNTILLA, AK US","  45.4"," 7","  35.3"," 7","9999.9"," 0","930.7"," 7"," 20.0"," 7","  5.7"," 7","  9.9","999.9","  50.0","*","  39.2","*","99.99"," ","999.9","010000"
"70249026526","2023-05-29","62.0911","-152.7349","566.3","PUNTILLA, AK US","  46.7"," 7","  36.9"," 7","9999.9"," 0","935.4"," 7"," 25.0"," 7","  5.4"," 7","  9.9","999.9","  53.6","*","  37.4","*"," 0.00","G","999.9","010000"
"70249026526","2023-05-30","62.0911","-152.7349","566.3","PUNTILLA, AK US","  42.0"," 7","  36.9"," 7","9999.9"," 0","938.9"," 7"," 13.3"," 7","  7.8"," 7"," 12.0","999.9","  48.2","*","  39.2","*"," 0.08","G","999.9","010000"
"70249026526","2023-05-31","62.0911","-152.7349","566.3","PUNTILLA, AK US","  45.7"," 5","  37.8"," 5","9999.9"," 0","940.7"," 5"," 19.0"," 5","  7.6"," 5","  9.9","999.9","  48.2","*","  42.8","*"," 0.00","G","999.9","010000"
"70249026526","2023-06-01","62.0911","-152.7349","566.3","PUNTILLA, AK US","  42.1"," 5","  35.6"," 5","9999.9"," 0","999.9"," 0"," 25.0"," 5","  5.4"," 5","  8.0","999.9","  46.4","*","  35.6","*"," 0.00","G","999.9","010000"
"70249026526","2023-06-02","62.0911","-152.7349","566.3","PUNTILLA, AK US","  45.5"," 4","  40.5"," 4","9999.9"," 0","942.4"," 4"," 25.0"," 4","  7.0"," 4"," 12.0","999.9","  50.0","*","  42.8","*","99.99"," ","999.9","010000"
"70249026526","2023-06-07","62.0911","-152.7349","566.3","PUNTILLA, AK US","  50.8"," 7","  45.4"," 7","9999.9"," 0","944.3"," 7"," 25.0"," 7","  9.6"," 7"," 15.0","999.9","  53.6","*","  46.4","*"," 0.00","I","999.9","000000"
"70249026526","2023-06-08","62.0911","-152.7349","566.3","PUNTILLA, AK US","  50.6"," 6","  46.8"," 5","9999.9"," 0","940.0"," 6"," 21.7"," 6"," 10.5"," 6"," 15.0","999.9","  54.1"," ","  46.0"," ","99.99"," ","999.9","010000"
"70249026526","2023-06-09","62.0911","-152.7349","566.3","PUNTILLA, AK US","  52.1"," 7","  46.1"," 7","9999.9"," 0","941.0"," 5"," 25.0"," 7"," 11.7"," 7"," 18.1"," 22.0","  55.4","*","  46.4","*"," 0.00","I","999.9","000000"
"70249026526","2023-06-10","62.0911","-152.7349","566.3","PUNTILLA, AK US","  50.5"," 7","  44.9"," 7","9999.9"," 0","945.6"," 5"," 25.0"," 7"," 11.7"," 7"," 14.0"," 20.0","  56.1"," ","  44.1"," "," 0.00","I","999.9","000000"
"70249026526","2023-06-11","62.0911","-152.7349","566.3","PUNTILLA, AK US","  44.9"," 6","  41.0"," 6","9999.9"," 0","941.1"," 6"," 11.2"," 6"," 12.5"," 6"," 18.1"," 22.0","  54.1"," ","  40.1"," ","99.99"," ","999.9","010000"
"70249026526","2023-06-12","62.0911","-152.7349","566.3","PUNTILLA, AK US","  45.4"," 7","  40.5"," 7","9999.9"," 0","942.2"," 7"," 23.6"," 7"," 10.7"," 7"," 12.0","999.9","  48.2","*","  41.0","*"," 0.00","I","999.9","000000"
"70249026526","2023-06-13","62.0911","-152.7349","566.3","PUNTILLA, AK US","  44.9"," 7","  40.5"," 7","9999.9"," 0","950.0"," 7"," 21.4"," 7","  7.8"," 7","  9.9","999.9","  50.0","*","  41.0","*"," 0.00","I","999.9","000000"
"70249026526","2023-06-14","62.0911","-152.7349","566.3","PUNTILLA, AK US","  44.1"," 7","  40.5"," 7","9999.9"," 0","950.8"," 7"," 14.4"," 7","  7.4"," 7"," 12.0","999.9","  47.1"," ","  40.1"," ","99.99"," ","999.9","010000"
"70249026526","2023-06-15","62.0911","-152.7349","566.3","PUNTILLA, AK US","  45.1"," 7","  40.5"," 7","9999.9"," 0","941.2"," 7"," 25.0"," 7","  6.2"," 7"," 14.0","999.9","  48.2","*","  35.6","*","99.99"," ","999.9","010000"
"70249026526","2023-06-16","62.0911","-152.7349","566.3","PUNTILLA, AK US","  51.8"," 7","  45.1"," 7","9999.9"," 0","931.9"," 7"," 25.0"," 7","  4.6"," 7","  7.0","999.9","  59.0","*","  44.6","*","99.99"," ","999.9","010000"
"70249026526","2023-06-17","62.0911","-152.7349","566.3","PUNTILLA, AK US","  53.3"," 6","  49.1"," 6","9999.9"," 0","945.6"," 6"," 21.2"," 6","  4.0"," 6","  8.0","999.9","  60.8","*","  44.6","*"," 0.00","I","999.9","000000"
"70249026526","2023-06-18","62.0911","-152.7349","566.3","PUNTILLA, AK US","  59.0"," 6","  50.6"," 6","9999.9"," 0","955.2"," 6"," 25.0"," 6","  8.5"," 6"," 13.0","999.9","  68.0","*","  44.6","*"," 0.00","I","999.9","000000"
"70249026526","2023-06-19","62.0911","-152.7349","566.3","PUNTILLA, AK US","  58.4"," 6","  50.6"," 6","9999.9"," 0","953.8"," 6"," 25.0"," 6","  5.3"," 6"," 12.0","999.9","  68.0","*","  42.8","*"," 0.00","I","999.9","000000"
"70249026526","2023-06-20","62.0911","-152.7349","566.3","PUNTILLA, AK US","  53.0"," 6","  51.8"," 6","9999.9"," 0","950.7"," 6"," 15.0"," 6","  4.0"," 6","  5.1","999.9","  57.2","*","  50.0","*","99.99"," ","999.9","010000"
"70249026526","2023-06-21","62.0911","-152.7349","566.3","PUNTILLA, AK US","  53.9"," 7","  52.3"," 7","9999.9"," 0","948.9"," 7","  8.6"," 7","  4.0"," 7","  6.0","999.9","  55.4","*","  50.0","*","99.99"," ","999.9","010000"
"70249026526","2023-06-22","62.0911","-152.7349","566.3","PUNTILLA, AK US","  55.7"," 7","  53.3"," 7","9999.9"," 0","947.7"," 7"," 10.0"," 7","  5.9"," 7","  8.0","999.9","  59.0","*","  51.8","*"," 0.00","I","999.9","000000"
"70249026526","2023-06-23","62.0911","-152.7349","566.3","PUNTILLA, AK US","  54.1"," 7","  52.6"," 7","9999.9"," 0","946.5"," 7","  9.4"," 7","  8.3"," 7"," 11.1","999.9","  57.2","*","  51.8","*","99.99"," ","999.9","110000"
"70249026526","2023-06-24","62.0911","-152.7349","566.3","PUNTILLA, AK US","  58.2"," 7","  52.8"," 7","9999.9"," 0","943.5"," 7"," 22.9"," 7"," 11.4"," 7"," 15.9","999.9","  63.1"," ","  53.1"," "," 0.00","I","999.9","000000"
"70249026526","2023-06-25","62.0911","-152.7349","566.3","PUNTILLA, AK US","  52.7"," 6","  48.8"," 6","9999.9"," 0","938.9"," 6"," 14.2"," 6"," 14.6"," 6"," 15.9"," 29.9","  60.8","*","  46.4","*","99.99"," ","999.9","010000"
"70249026526","2023-06-26","62.0911","-152.7349","566.3","PUNTILLA, AK US","  47.6"," 6","  45.5"," 6","9999.9"," 0","945.0"," 6"," 14.5"," 6","  8.0"," 6"," 12.0"," 18.1","  53.6","*","  44.6","*"," 0.00","I","999.9","000000"
"70249026526","2023-06-27","62.0911","-152.7349","566.3","PUNTILLA, AK US","  47.9"," 6","  44.0"," 6","9999.9"," 0","943.0"," 6"," 25.0"," 6","  5.7"," 6","  8.0","999.9","  50.0","*","  44.6","*"," 0.00","I","999.9","000000"
"70249026526","2023-06-28","62.0911","-152.7349","566.3","PUNTILLA, AK US","  48.5"," 6","  44.3"," 6","9999.9"," 0","937.7"," 6"," 25.0"," 6","  1.8"," 6","  8.0","999.9","  51.8","*","  42.8","*","99.99"," ","999.9","010000"
"70249026526","2023-06-29","62.0911","-152.7349","566.3","PUNTILLA, AK US","  53.6"," 4","  49.1"," 4","9999.9"," 0","938.5"," 4"," 19.5"," 4","  4.7"," 4","  9.9","999.9","  57.2","*","  48.2","*","99.99"," ","999.9","110000"
"70249026526","2023-06-30","62.0911","-152.7349","566.3","PUNTILLA, AK US","  52.7"," 4","  48.7"," 4","9999.9"," 0","999.9"," 0"," 25.0"," 4","  1.5"," 4","  2.9","999.9","  57.2","*","  42.8","*"," 0.00","I","999.9","000000"
"70249026526","2023-07-02","62.0911","-152.7349","566.3","PUNTILLA, AK US","  57.2"," 4","  53.2"," 4","9999.9"," 0","953.1"," 4"," 25.0"," 4","  9.5"," 4"," 15.0"," 20.0","  59.0","*","  53.6","*"," 0.00","I","999.9","000000"
"70249026526","2023-07-05","62.0911","-152.7349","566.3","PUNTILLA, AK US","  47.3"," 4","  43.2"," 4","9999.9"," 0","955.2"," 4","999.9"," 0","  8.4"," 4","  9.9"," 13.0","  50.0","*","  44.6","*","99.99"," ","999.9","110000"
"70249026526","2023-07-07","62.0911","-152.7349","566.3","PUNTILLA, AK US","  55.4"," 5","  47.8"," 5","9999.9"," 0","945.3"," 5"," 16.0"," 5","  7.6"," 5"," 15.0"," 20.0","  60.8","*","  51.8","*","99.99"," ","999.9","110000"
"70249026526","2023-07-08","62.0911","-152.7349","566.3","PUNTILLA, AK US","  48.8"," 6","  44.6"," 6","9999.9"," 0","946.8"," 6","999.9"," 0","  7.2"," 6"," 12.0"," 13.0","  53.6","*","  41.0","*","99.99"," ","999.9","110000"
"70249026526","2023-07-10","62.0911","-152.7349","566.3","PUNTILLA, AK US","  47.3"," 4","  45.5"," 4","9999.9"," 0","946.8"," 4","999.9"," 0","  5.3"," 4","  6.0","999.9","  50.0","*","  44.6","*"," 0.00","I","999.9","100000"
"70249026526","2023-07-11","62.0911","-152.7349","566.3","PUNTILLA, AK US","  50.3"," 6","  47.3"," 6","9999.9"," 0","947.8"," 6","999.9"," 0","  3.2"," 6","  6.0","999.9","  51.8","*","  46.4","*","99.99"," ","999.9","110000"
"70249026526","2023-07-12","62.0911","-152.7349","566.3","PUNTILLA, AK US","  55.8"," 5","  46.4"," 5","9999.9"," 0","954.0"," 5"," 23.0"," 5","  6.6"," 5"," 11.1","999.9","  64.4","*","  48.2","*"," 0.00","I","999.9","000000"
"70249026526","2023-07-13","62.0911","-152.7349","566.3","PUNTILLA, AK US","  59.3"," 6","  52.1"," 6","9999.9"," 0","954.9"," 6"," 25.0"," 6","  4.7"," 6","  8.0","999.9","  68.0","*","  41.0","*"," 0.00","I","999.9","000000"
"70249026526","2023-07-14","62.0911","-152.7349","566.3","PUNTILLA, AK US","  60.5"," 6","  55.7"," 6","9999.9"," 0","951.7"," 6"," 25.0"," 6","  5.0"," 6","  9.9","999.9","  69.8","*","  51.8","*"," 0.00","I","999.9","000000"
"70249026526","2023-07-17","62.0911","-152.7349","566.3","PUNTILLA, AK US","  54.8"," 6","  50.6"," 6","9999.9"," 0","945.3"," 6"," 15.7"," 6","  3.5"," 6","  8.0","999.9","  59.0","*","  50.0","*","99.99"," ","999.9","010000"
"70249026526","2023-07-19","62.0911","-152.7349","566.3","PUNTILLA, AK US","  70.2"," 5","  54.0"," 5","9999.9"," 0","951.8"," 5"," 25.0"," 5","  4.5"," 5","  6.0","999.9","  75.2","*","  60.8","*"," 0.00","I","999.9","000000"
"70249026526","2023-07-20","62.0911","-152.7349","566.3","PUNTILLA, AK US","  58.3"," 5","  52.5"," 5","9999.9"," 0","966.8"," 5"," 11.8"," 5","  4.9"," 5","  6.0","999.9","  71.6","*","  53.6","*"," 0.00","I","999.9","000000"
"70249026526","2023-07-23","62.0911","-152.7349","566.3","PUNTILLA, AK US","  65.0"," 6","  59.0"," 6","9999.9"," 0","946.7"," 6"," 25.0"," 6","  5.1"," 6","  9.9","999.9","  73.4","*","  44.6","*"," 0.00","I","999.9","000000"
"70249026526","2023-07-24","62.0911","-152.7349","566.3","PUNTILLA, AK US","  69.2"," 6","  62.3"," 6","9999.9"," 0","946.6"," 6"," 25.0"," 6","  7.1"," 6","  9.9","999.9","  75.2","*","  59.0","*"," 0.00","I","999.9","000000"
"70249026526","2023-07-25","62.0911","-152.7349","566.3","PUNTILLA, AK US","  65.6"," 6","  59.3"," 6","9999.9"," 0","948.2"," 6"," 25.0"," 6","  4.8"," 6","  8.9","999.9","  74.1"," ","  51.1"," "," 0.00","I","999.9","000000"
"70249026526","2023-07-26","62.0911","-152.7349","566.3","PUNTILLA, AK US","  62.3"," 6","  58.7"," 6","9999.9"," 0","952.4"," 6"," 16.5"," 6","  5.7"," 6","  8.0","999.9","  73.4","*","  55.4","*","99.99"," ","999.9","110000"
"70249026526","2023-07-27","62.0911","-152.7349","566.3","PUNTILLA, AK US","  59.9"," 6","  56.6"," 6","9999.9"," 0","954.8"," 6"," 17.5"," 6","  5.0"," 6","  9.9","999.9","  68.0","*","  53.6","*"," 0.00","I","999.9","100000"
"70249026526","2023-07-28","62.0911","-152.7349","566.3","PUNTILLA, AK US","  55.8"," 5","  53.6"," 5","9999.9"," 0","953.7"," 5"," 14.4"," 5","  6.2"," 5","  9.9","999.9","  60.8","*","  53.6","*"," 0.00","I","999.9","000000"
"70249026526","2023-07-29","62.0911","-152.7349","566.3","PUNTILLA, AK US","  57.5"," 6","  54.5"," 6","9999.9"," 0","952.6"," 6"," 13.2"," 6","  2.5"," 6","  7.0","999.9","  62.6","*","  53.6","*","99.99"," ","999.9","110000"
"70249026526","2023-07-30","62.0911","-152.7349","566.3","PUNTILLA, AK US","  62.2"," 5","  55.4"," 5","9999.9"," 0","952.8"," 5"," 24.0"," 5","  3.3"," 5","  4.1","999.9","  64.4","*","  59.0","*"," 0.00","I","999.9","000000"
"70249026526","2023-07-31","62.0911","-152.7349","566.3","PUNTILLA, AK US","  62.3"," 6","  57.5"," 6","9999.9"," 0","952.4"," 5"," 25.0"," 6","  1.8"," 6","  6.0","999.9","  68.0","*","  51.8","*","99.99"," ","999.9","010000"
"70249026526","2023-08-01","62.0911","-152.7349","566.3","PUNTILLA, AK US","  66.9"," 5","  60.4"," 5","9999.9"," 0","999.9"," 0"," 25.0"," 5","  2.6"," 5","  6.0","999.9","  75.2","*","  59.0","*","99.99"," ","999.9","010000"
"70249026526","2023-08-02","62.0911","-152.7349","566.3","PUNTILLA, AK US","  65.6"," 6","  57.8"," 6","9999.9"," 0","954.2"," 6"," 25.0"," 6","  3.8"," 6","  7.0","999.9","  78.8","*","  46.4","*"," 0.00","I","999.9","000000"
"70249026526","2023-08-03","62.0911","-152.7349","566.3","PUNTILLA, AK US","  62.6"," 4","  58.1"," 4","9999.9"," 0","955.2"," 4"," 25.0"," 4","  5.5"," 4","  9.9","999.9","  69.8","*","  46.4","*"," 0.00","I","999.9","000000"
"70249026526","2023-08-04","62.0911","-152.7349","566.3","PUNTILLA, AK US","  60.8"," 7","  56.7"," 7","9999.9"," 0","954.8"," 7"," 15.4"," 7","  8.0"," 7"," 14.0","999.9","  71.6","*","  53.6","*"," 0.00","I","999.9","000000"
"70249026526","2023-08-05","62.0911","-152.7349","566.3","PUNTILLA, AK US","  58.5"," 7","  51.0"," 7","9999.9"," 0","954.0"," 7"," 20.7"," 7","  8.9"," 7"," 12.0","999.9","  64.4","*","  51.8","*"," 0.00","I","999.9","000000"
"70249026526","2023-08-06","62.0911","-152.7349","566.3","PUNTILLA, AK US","  58.2"," 7","  52.6"," 7","9999.9"," 0","947.3"," 7"," 17.9"," 7","  8.7"," 7"," 12.0","999.9","  64.4","*","  53.6","*"," 0.00","I","999.9","000000"
"70249026526","2023-08-07","62.0911","-152.7349","566.3","PUNTILLA, AK US","  61.1"," 7","  52.1"," 7","9999.9"," 0","944.4"," 7"," 21.0"," 7","  8.1"," 7","  9.9","999.9","  66.2","*","  55.4","*"," 0.00","I","999.9","000000"
"70249026526","2023-08-08","62.0911","-152.7349","566.3","PUNTILLA, AK US","  59.6"," 6","  50.3"," 6","9999.9"," 0","941.5"," 6"," 24.2"," 6","  5.0"," 6","  8.9","999.9","  64.4","*","  42.8","*"," 0.00","I","999.9","000000"
"70249026526","2023-08-09","62.0911","-152.7349","566.3","PUNTILLA, AK US","  58.0"," 7","  52.8"," 7","9999.9"," 0","937.1"," 7"," 14.6"," 7","  5.3"," 7","  7.0","999.9","  64.4","*","  51.8","*","99.99"," ","999.9","010000"
"70249026526","2023-08-10","62.0911","-152.7349","566.3","PUNTILLA, AK US","  55.9"," 7","  52.1"," 7","9999.9"," 0","938.3"," 7"," 15.7"," 7","  4.2"," 6","  6.0","999.9","  62.6","*","  51.8","*","99.99"," ","999.9","010000"
"70249026526","2023-08-11","62.0911","-152.7349","566.3","PUNTILLA, AK US","  56.7"," 7","  47.9"," 7","9999.9"," 0","940.6"," 7"," 25.0"," 7","  4.6"," 7"," 12.0","999.9","  64.4","*","  37.4","*"," 0.00","I","999.9","100000"
"70249026526","2023-08-12","62.0911","-152.7349","566.3","PUNTILLA, AK US","  55.1"," 7","  48.7"," 7","9999.9"," 0","932.7"," 7"," 21.4"," 7","  8.7"," 7"," 15.0","999.9","  62.6","*","  50.0","*","99.99"," ","999.9","010000"
"70249026526","2023-08-13","62.0911","-152.7349","566.3","PUNTILLA, AK US","  54.8"," 6","  49.1"," 6","9999.9"," 0","935.8"," 6"," 22.5"," 6","  7.0"," 6"," 13.0","999.9","  59.0","*","  44.6","*","99.99"," ","999.9","010000"
"70249026526","2023-08-14","62.0911","-152.7349","566.3","PUNTILLA, AK US","  54.1"," 7","  50.0"," 7","9999.9"," 0","946.6"," 7"," 13.9"," 7","  8.0"," 7"," 12.0","999.9","  59.0","*","  50.0","*"," 0.00","I","999.9","000001"
"70249026526","2023-08-15","62.0911","-152.7349","566.3","PUNTILLA, AK US","  54.4"," 7","  49.0"," 7","9999.9"," 0","944.2"," 7"," 25.0"," 7","  3.7"," 7","  8.0","999.9","  60.8","*","  39.2","*"," 0.00","I","999.9","000000"
"70249026526","2023-08-16","62.0911","-152.7349","566.3","PUNTILLA, AK US","  52.1"," 7","  48.2"," 7","9999.9"," 0","940.0"," 7"," 18.1"," 7","  4.7"," 7"," 12.0","999.9","  61.2"," ","  46.0"," ","99.99"," ","999.9","010000"
"70249026526","2023-08-17","62.0911","-152.7349","566.3","PUNTILLA, AK US","  54.9"," 7","  44.1"," 7","9999.9"," 0","950.9"," 7"," 25.0"," 7","  6.2"," 7","  8.0","999.9","  60.8","*","  46.4","*"," 0.00","I","999.9","000000"
"70249026526","2023-08-18","62.0911","-152.7349","566.3","PUNTILLA, AK US","  53.0"," 6","  47.0"," 6","9999.9"," 0","951.8"," 6"," 25.0"," 6","  3.4"," 6","  5.1","999.9","  62.6","*","  37.4","*"," 0.00","I","999.9","000000"
"70249026526","2023-08-19","62.0911","-152.7349","566.3","PUNTILLA, AK US","  56.0"," 6","  50.3"," 6","9999.9"," 0","952.1"," 6"," 25.0"," 6","  1.7"," 6","  4.1","999.9","  65.1"," ","  48.0"," "," 0.00","I","999.9","000000"
"70249026526","2023-08-20","62.0911","-152.7349","566.3","PUNTILLA, AK US","  54.4"," 7","  51.0"," 7","9999.9"," 0","953.6"," 7"," 11.7"," 7","  4.0"," 7","  7.0","999.9","  60.8","*","  50.0","*"," 0.00","I","999.9","100000"
"70249026526","2023-08-21","62.0911","-152.7349","566.3","PUNTILLA, AK US","  54.1"," 7","  51.5"," 7","9999.9"," 0","953.5"," 7"," 15.3"," 7","  4.1"," 7","  5.1","999.9","  59.0","*","  50.0","*"," 0.00","I","999.9","000000"
"70249026526","2023-08-22","62.0911","-152.7349","566.3","PUNTILLA, AK US","  55.7"," 7","  50.5"," 7","9999.9"," 0","952.2"," 7"," 22.1"," 7","  4.3"," 7"," 11.1","999.9","  64.4","*","  46.4","*"," 0.00","I","999.9","000000"
"70249026526","2023-08-23","62.0911","-152.7349","566.3","PUNTILLA, AK US","  57.7"," 7","  51.5"," 7","9999.9"," 0","950.6"," 7"," 22.1"," 7","  5.0"," 7","  8.0","999.9","  65.1"," ","  46.0"," "," 0.00","I","999.9","000000"
"70249026526","2023-08-24","62.0911","-152.7349","566.3","PUNTILLA, AK US","  54.1"," 7","  52.3"," 7","9999.9"," 0","948.0"," 7"," 13.6"," 7","  7.7"," 7","  9.9","999.9","  59.0","*","  51.8","*","99.99"," ","999.9","010000"
"70249026526","2023-08-25","62.0911","-152.7349","566.3","PUNTILLA, AK US","  54.9"," 7","  51.0"," 7","9999.9"," 0","944.9"," 7"," 15.7"," 7","  8.7"," 7"," 12.0","999.9","  57.2","*","  51.8","*"," 0.00","I","999.9","100000"
"70249026526","2023-08-26","62.0911","-152.7349","566.3","PUNTILLA, AK US","  54.4"," 7","  51.5"," 7","9999.9"," 0","941.9"," 7"," 12.9"," 7","  9.5"," 7"," 14.0","999.9","  60.8","*","  51.8","*","99.99"," ","999.9","010000"
"70249026526","2023-08-27","62.0911","-152.7349","566.3","PUNTILLA, AK US","  56.9"," 7","  52.6"," 7","9999.9"," 0","941.2"," 7"," 22.9"," 7","  9.3"," 7"," 13.0","999.9","  59.2"," ","  53.1"," ","99.99"," ","999.9","010000"
"70249026526","2023-08-28","62.0911","-152.7349","566.3","PUNTILLA, AK US","  51.0"," 7","  47.9"," 7","9999.9"," 0","947.0"," 7"," 17.1"," 7","  3.7"," 7","  9.9","999.9","  60.8","*","  44.6","*","99.99"," ","999.9","010000"
"70249026526","2023-08-29","62.0911","-152.7349","566.3","PUNTILLA, AK US","  52.8"," 7","  51.3"," 7","9999.9"," 0","940.3"," 7","  8.9"," 7","  5.4"," 7"," 15.0","999.9","  59.0","*","  50.0","*","99.99"," ","999.9","110000"
"70249026526","2023-08-30","62.0911","-152.7349","566.3","PUNTILLA, AK US","  52.2"," 4","  48.2"," 4","9999.9"," 0","939.3"," 4"," 17.0"," 4","  8.7"," 4","  9.9","999.9","  59.0","*","  44.6","*"," 0.00","I","999.9","100000"
"70249026526","2023-08-31","62.0911","-152.7349","566.3","PUNTILLA, AK US","  48.5"," 7","  45.1"," 7","9999.9"," 0","936.2"," 6"," 12.7"," 7","  9.9"," 7"," 17.1","999.9","  51.8","*","  46.4","*","99.99"," ","999.9","010000"
"70249026526","2023-09-01","62.0911","-152.7349","566.3","PUNTILLA, AK US","  50.3"," 7","  46.4"," 7","9999.9"," 0","936.5"," 5"," 17.4"," 7","  3.6"," 7","  9.9","999.9","  59.0","*","  42.8","*","99.99"," ","999.9","110000"
"70249026526","2023-09-02","62.0911","-152.7349","566.3","PUNTILLA, AK US","  49.7"," 7","  42.3"," 7","9999.9"," 0","945.4"," 7"," 25.0"," 7","  2.7"," 7","  4.1","999.9","  55.4","*","  41.0","*"," 0.00","I","999.9","000000"
"70249026526","2023-09-03","62.0911","-152.7349","566.3","PUNTILLA, AK US","  47.7"," 7","  44.3"," 7","9999.9"," 0","941.3"," 7"," 13.0"," 7","  4.6"," 7","  7.0","999.9","  55.0"," ","  40.1"," ","99.99"," ","999.9","010000"
"70249026526","2023-09-04","62.0911","-152.7349","566.3","PUNTILLA, AK US","  49.0"," 7","  45.4"," 7","9999.9"," 0","943.9"," 7"," 19.9"," 7","  4.3"," 7","  7.0","999.9","  57.2","*","  42.8","*"," 0.00","I","999.9","000000"
"70249026526","2023-09-05","62.0911","-152.7349","566.3","PUNTILLA, AK US","  48.5"," 7","  45.1"," 7","9999.9"," 0","945.8"," 7"," 12.5"," 7","  3.3"," 7","  5.1","999.9","  59.0","*","  41.0","*"," 0.00","I","999.9","100000"
"70249026526","2023-09-06","62.0911","-152.7349","566.3","PUNTILLA, AK US","  45.1"," 7","  43.3"," 7","9999.9"," 0","938.3"," 7"," 17.3"," 7","  3.7"," 7","  7.0","999.9","  48.2","*","  41.0","*","99.99"," ","999.9","010000"
"70249026526","2023-09-07","62.0911","-152.7349","566.3","PUNTILLA, AK US","  44.9"," 7","  39.5"," 7","9999.9"," 0","938.8"," 7"," 25.0"," 7","  1.7"," 7","  2.9","999.9","  53.6","*","  35.6","*"," 0.00","I","999.9","000000"
"70249026526","2023-09-08","62.0911","-152.7349","566.3","PUNTILLA, AK US","  43.3"," 7","  39.5"," 7","9999.9"," 0","943.0"," 7"," 25.0"," 7","  3.0"," 7","  6.0","999.9","  51.8","*","  33.8","*"," 0.00","I","999.9","000000"
"70249026526","2023-09-09","62.0911","-152.7349","566.3","PUNTILLA, AK US","  45.1"," 7","  43.1"," 7","9999.9"," 0","937.7"," 7"," 13.0"," 7","  3.7"," 7","  8.0","999.9","  51.8","*","  41.0","*","99.99"," ","999.9","010000"
"70249026526","2023-09-10","62.0911","-152.7349","566.3","PUNTILLA, AK US","  44.3"," 7","  41.5"," 7","9999.9"," 0","938.3"," 7"," 16.4"," 7","  3.5"," 7","  8.0","999.9","  51.8","*","  39.2","*"," 0.00","I","999.9","000000"
"70249026526","2023-09-11","62.0911","-152.7349","566.3","PUNTILLA, AK US","  45.4"," 7","  39.2"," 7","9999.9"," 0","933.9"," 7"," 25.0"," 7","  3.3"," 7","  5.1","999.9","  50.0","*","  41.0","*"," 0.00","I","999.9","000000"
"70249026526","2023-09-12","62.0911","-152.7349","566.3","PUNTILLA, AK US","  43.8"," 7","  40.5"," 7","9999.9"," 0","935.6"," 7"," 15.0"," 7","  3.9"," 7","  5.1","999.9","  50.0","*","  37.4","*","99.99"," ","999.9","010000"
"70249026526","2023-09-13","62.0911","-152.7349","566.3","PUNTILLA, AK US","  42.3"," 7","  41.3"," 7","9999.9"," 0","939.5"," 7"," 13.9"," 7","  3.8"," 7","  7.0","999.9","  44.6","*","  37.4","*","99.99"," ","999.9","010000"
"70249026526","2023-09-14","62.0911","-152.7349","566.3","PUNTILLA, AK US","  41.6"," 6","  40.4"," 6","9999.9"," 0","931.7"," 6"," 16.5"," 6","  0.5"," 6","  2.9","999.9","  44.6","*","  37.4","*","99.99"," ","999.9","010000"
"70249026526","2023-09-15","62.0911","-152.7349","566.3","PUNTILLA, AK US","  41.5"," 7","  40.2"," 7","9999.9"," 0","929.9"," 7"," 13.6"," 7","  6.6"," 7","  9.9","999.9","  46.4","*","  37.4","*"," 0.00","I","999.9","000000"
"70249026526","2023-09-16","62.0911","-152.7349","566.3","PUNTILLA, AK US","  41.3"," 7","  40.5"," 7","9999.9"," 0","924.5"," 7","  9.9"," 7","  7.4"," 7","  9.9","999.9","  43.2"," ","  39.0"," "," 0.00","I","999.9","000000"
"70249026526","2023-09-17","62.0911","-152.7349","566.3","PUNTILLA, AK US","  43.7"," 6","  35.6"," 6","9999.9"," 0","928.1"," 6"," 23.3"," 6","  8.0"," 6"," 12.0"," 20.0","  45.1"," ","  38.1"," "," 0.00","I","999.9","000000"
"70249026526","2023-09-18","62.0911","-152.7349","566.3","PUNTILLA, AK US","  40.7"," 7","  33.5"," 7","9999.9"," 0","932.7"," 7"," 25.0"," 7","  4.5"," 7","  8.0"," 15.0","  46.4","*","  32.0","*"," 0.00","I","999.9","000000"
"70249026526","2023-09-19","62.0911","-152.7349","566.3","PUNTILLA, AK US","  38.2"," 7","  31.6"," 5","9999.9"," 0","944.0"," 7"," 25.0"," 7","  3.0"," 7","  7.0","999.9","  46.4","*","  24.8","*"," 0.00","I","999.9","000000"
"70249026526","2023-09-20","62.0911","-152.7349","566.3","PUNTILLA, AK US","  37.7"," 7","  35.1"," 7","9999.9"," 0","938.7"," 7"," 12.4"," 7","  4.0"," 7","  7.0","999.9","  44.6","*","  33.8","*","99.99"," ","999.9","011000"
"70249026526","2023-09-21","62.0911","-152.7349","566.3","PUNTILLA, AK US","  39.7"," 7","  36.6"," 7","9999.9"," 0","936.5"," 7"," 22.1"," 7","  3.9"," 7","  7.0","999.9","  48.2","*","  32.0","*"," 0.00","I","999.9","000000"
"70249026526","2023-09-22","62.0911","-152.7349","566.3","PUNTILLA, AK US","  38.2"," 7","  35.6"," 5","9999.9"," 0","939.4"," 7"," 25.0"," 7","  5.5"," 7","  7.0","999.9","  46.4","*","  26.6","*"," 0.00","I","999.9","000000"
"70249026526","2023-09-23","62.0911","-152.7349","566.3","PUNTILLA, AK US","  36.4"," 7","  34.2"," 5","9999.9"," 0","937.4"," 7"," 25.0"," 7","  2.4"," 7","  7.0","999.9","  46.4","*","  21.2","*"," 0.00","I","999.9","000000"
"70249026526","2023-09-24","62.0911","-152.7349","566.3","PUNTILLA, AK US","  40.0"," 7","  35.3"," 6","9999.9"," 0","940.9"," 7"," 23.6"," 7","  2.0"," 7","  6.0","999.9","  48.2","*","  32.0","*"," 0.00","I","999.9","000000"
"70249026526","2023-09-25","62.0911","-152.7349","566.3","PUNTILLA, AK US","  40.7"," 7","  34.8"," 7","9999.9"," 0","939.0"," 7"," 24.3"," 7","  3.4"," 7","  7.0","999.9","  50.0","*","  32.0","*"," 0.00","I","999.9","000000"
"70249026526","2023-09-26","62.0911","-152.7349","566.3","PUNTILLA, AK US","  40.0"," 7","  33.8"," 7","9999.9"," 0","935.4"," 7"," 25.0"," 7","  4.7"," 7","  8.0","999.9","  46.4","*","  30.2","*"," 0.00","I","999.9","000000"
"70249026526","2023-09-27","62.0911","-152.7349","566.3","PUNTILLA, AK US","  38.2"," 7","  29.7"," 7","9999.9"," 0","940.4"," 7"," 25.0"," 7"," 12.4"," 7"," 15.9","999.9","  42.8","*","  35.6","*"," 0.00","I","999.9","000000"
"70249026526","2023-09-28","62.0911","-152.7349","566.3","PUNTILLA, AK US","  32.5"," 7","  28.1"," 7","9999.9"," 0","947.8"," 7"," 25.0"," 7","  3.9"," 7","  8.0","999.9","  42.8","*","  17.6","*"," 0.00","I","999.9","000000"
"70249026526","2023-09-29","62.0911","-152.7349","566.3","PUNTILLA, AK US","  39.7"," 7","  35.1"," 7","9999.9"," 0","948.7"," 7"," 25.0"," 7","  3.0"," 7","  6.0","999.9","  48.2","*","  30.2","*"," 0.00","I","999.9","000000"
"70249026526","2023-09-30","62.0911","-152.7349","566.3","PUNTILLA, AK US","  34.8"," 7","  32.0"," 7","9999.9"," 0","944.5"," 7"," 18.4"," 7","  5.6"," 7"," 17.1","999.9","  48.2","*","  24.8","*","99.99"," ","999.9","001000"
"70249026526","2023-10-01","62.0911","-152.7349","566.3","PUNTILLA, AK US","  38.0"," 6","  35.3"," 6","9999.9"," 0","929.5"," 4"," 17.5"," 6","  4.0"," 6","  5.1","999.9","  47.1"," ","  33.1"," ","99.99"," ","999.9","011000"
"70249026526","2023-10-11","62.0911","-152.7349","566.3","PUNTILLA, AK US","  21.2"," 5","  21.2"," 5","9999.9"," 0","938.8"," 5"," 25.0"," 5","  4.2"," 5","  7.0","999.9","  26.6","*","  10.4","*"," 0.00","I","999.9","000000"
"70249026526","2023-10-12","62.0911","-152.7349","566.3","PUNTILLA, AK US","  23.0"," 5","  23.0"," 5","9999.9"," 0","935.7"," 5"," 15.4"," 5","  1.4"," 5","  4.1","999.9","  28.4","*","  17.6","*","99.99"," ","999.9","001000"
"70249026526","2023-10-13","62.0911","-152.7349","566.3","PUNTILLA, AK US","  29.5"," 5","  29.5"," 5","9999.9"," 0","930.0"," 5","  5.0"," 5","  4.2"," 5","  8.9","999.9","  32.0","*","  24.8","*","99.99"," ","999.9","001000"
"70249026526","2023-10-14","62.0911","-152.7349","566.3","PUNTILLA, AK US","  29.5"," 5","  27.3"," 5","9999.9"," 0","928.6"," 5","  9.8"," 5","  3.8"," 5","  6.0","999.9","  37.4","*","  21.2","*","99.99"," ","999.9","001000"
"70249026526","2023-10-15","62.0911","-152.7349","566.3","PUNTILLA, AK US","  35.2"," 5","  32.7"," 5","9999.9"," 0","940.6"," 5"," 11.4"," 5","  4.4"," 5","  7.0","999.9","  38.1"," ","  31.8"," "," 0.00","I","999.9","000000"
"70249026526","2023-10-16","62.0911","-152.7349","566.3","PUNTILLA, AK US","  36.5"," 4","  34.2"," 4","9999.9"," 0","936.4"," 4"," 18.0"," 4","  2.0"," 4","  4.1","999.9","  39.2","*","  33.8","*"," 0.00","I","999.9","000000"
"70249026526","2023-10-17","62.0911","-152.7349","566.3","PUNTILLA, AK US","  37.8"," 5","  33.8"," 5","9999.9"," 0","929.7"," 5"," 25.0"," 5","  5.4"," 5","  9.9","999.9","  43.2"," ","  33.1"," "," 0.00","I","999.9","000000"
"70249026526","2023-10-18","62.0911","-152.7349","566.3","PUNTILLA, AK US","  34.9"," 5","  31.3"," 5","9999.9"," 0","931.4"," 5"," 25.0"," 5","  9.2"," 5"," 12.0","999.9","  42.8","*","  26.6","*"," 0.00","I","999.9","000000"
"70249026526","2023-10-19","62.0911","-152.7349","566.3","PUNTILLA, AK US","  28.0"," 5","  26.6"," 5","9999.9"," 0","939.5"," 5"," 25.0"," 5"," 10.6"," 5"," 17.1","999.9","  35.6","*","  24.8","*"," 0.00","I","999.9","000000"
"70249026526","2023-10-20","62.0911","-152.7349","566.3","PUNTILLA, AK US","  16.5"," 5","  16.5"," 5","9999.9"," 0","954.9"," 5"," 25.0"," 5","  7.0"," 5"," 12.0","999.9","  25.0"," ","   3.2"," "," 0.00","I","999.9","000000"
"70249026526","2023-10-21","62.0911","-152.7349","566.3","PUNTILLA, AK US","  20.5"," 5","  19.8"," 5","9999.9"," 0","961.4"," 5"," 25.0"," 5","  3.8"," 5","  8.0","999.9","  33.8","*","  10.4","*"," 0.00","I","999.9","000000"
"70249026526","2023-10-22","62.0911","-152.7349","566.3","PUNTILLA, AK US","  23.9"," 4","  23.9"," 4","9999.9"," 0","962.3"," 4"," 25.0"," 4","  5.1"," 4","  6.0","999.9","  32.0","*","  15.8","*"," 0.00","I","999.9","000000"
"70249026526","2023-10-23","62.0911","-152.7349","566.3","PUNTILLA, AK US","  29.8"," 5","  28.8"," 5","9999.9"," 0","962.2"," 5"," 25.0"," 5","  2.2"," 5","  4.1","999.9","  37.4","*","  24.8","*"," 0.00","I","999.9","000000"
"70249026526","2023-10-24","62.0911","-152.7349","566.3","PUNTILLA, AK US","  23.0"," 5","  20.8"," 5","9999.9"," 0","963.9"," 5"," 25.0"," 5","  0.8"," 5","  4.1","999.9","  33.8","*","  10.4","*"," 0.00","I","999.9","000000"
"70249026526","2023-10-25","62.0911","-152.7349","566.3","PUNTILLA, AK US","  32.0"," 5","  28.8"," 5","9999.9"," 0","960.8"," 5"," 25.0"," 5","  0.8"," 5","  4.1","999.9","  44.6","*","  21.2","*"," 0.00","I","999.9","000000"
"70249026526","2023-10-26","62.0911","-152.7349","566.3","PUNTILLA, AK US","  33.4"," 5","  27.7"," 5","9999.9"," 0","961.7"," 5"," 25.0"," 5","  0.8"," 5","  4.1","999.9","  41.0","*","  26.6","*"," 0.00","I","999.9","000000"
"70249026526","2023-10-27","62.0911","-152.7349","566.3","PUNTILLA, AK US","  23.7"," 5","  23.4"," 5","9999.9"," 0","963.3"," 5"," 25.0"," 5","  1.2"," 5","  6.0","999.9","  36.1"," ","  10.0"," "," 0.00","I","999.9","000000"
"70249026526","2023-10-28","62.0911","-152.7349","566.3","PUNTILLA, AK US","  26.2"," 5","  26.2"," 5","9999.9"," 0","962.7"," 5"," 20.6"," 5","  1.8"," 5","  6.0","999.9","  30.2","*","  23.0","*"," 0.00","I","999.9","000000"
"70249026526","2023-10-29","62.0911","-152.7349","566.3","PUNTILLA, AK US","  29.8"," 4","  29.8"," 4","9999.9"," 0","955.8"," 4","  1.5"," 4","  3.5"," 4","  6.0","999.9","  32.0","*","  28.4","*","99.99"," ","999.9","001000"
"70249026526","2023-10-30","62.0911","-152.7349","566.3","PUNTILLA, AK US","  33.8"," 5","  32.4"," 5","9999.9"," 0","953.4"," 5"," 20.2"," 5","  0.0"," 5","999.9","999.9","  37.4","*","  30.2","*","99.99"," ","999.9","001000"
"70249026526","2023-10-31","62.0911","-152.7349","566.3","PUNTILLA, AK US","  27.7"," 5","  27.3"," 5","9999.9"," 0","951.5"," 5"," 25.0"," 5","  0.0"," 5","999.9","999.9","  35.6","*","  17.6","*"," 0.00","I","999.9","000000"
"70249026526","2023-11-01","62.0911","-152.7349","566.3","PUNTILLA, AK US","  32.7"," 5","  31.3"," 5","9999.9"," 0","945.8"," 4"," 25.0"," 5","  0.8"," 5","  4.1","999.9","  37.4","*","  30.2","*"," 0.00","I","999.9","000000"
"70249026526","2023-11-02","62.0911","-152.7349","566.3","PUNTILLA, AK US","  28.8"," 5","  27.0"," 5","9999.9"," 0","939.6"," 5"," 23.0"," 5","  0.8"," 5","  4.1","999.9","  37.4","*","  19.4","*"," 0.00","I","999.9","000000"
"70249026526","2023-11-03","62.0911","-152.7349","566.3","PUNTILLA, AK US","  28.4"," 5","  28.0"," 5","9999.9"," 0","935.6"," 5"," 25.0"," 5","  0.8"," 5","  4.1","999.9","  35.6","*","  23.0","*"," 0.00","I","999.9","000000"
"70249026526","2023-11-04","62.0911","-152.7349","566.3","PUNTILLA, AK US","  32.4"," 5","  31.6"," 5","9999.9"," 0","930.4"," 5","  5.8"," 5","  0.8"," 5","  4.1","999.9","  33.8","*","  30.2","*","99.99"," ","999.9","001000"
"70249026526","2023-11-05","62.0911","-152.7349","566.3","PUNTILLA, AK US","  21.2"," 5","  20.8"," 5","9999.9"," 0","925.7"," 5","  1.4"," 5","  8.0"," 5"," 14.0","999.9","  33.8","*","  17.6","*","99.99"," ","999.9","001000"
"70249026526","2023-11-06","62.0911","-152.7349","566.3","PUNTILLA, AK US","  13.3"," 5","  13.3"," 5","9999.9"," 0","927.4"," 5"," 20.6"," 5","  6.0"," 5","  8.0","999.9","  17.6","*","  10.4","*"," 0.00","I","999.9","000000"
"70249026526","2023-11-07","62.0911","-152.7349","566.3","PUNTILLA, AK US","  13.6"," 5","  13.6"," 5","9999.9"," 0","928.1"," 5","  7.0"," 5","  1.4"," 5","  4.1","999.9","  18.0"," ","  10.0"," ","99.99"," ","999.9","001000"
"70249026526","2023-11-08","62.0911","-152.7349","566.3","PUNTILLA, AK US","  21.6"," 4","  21.6"," 4","9999.9"," 0","922.1"," 4","  1.0"," 4","  1.0"," 4","  4.1","999.9","  24.8","*","  17.6","*","99.99"," ","999.9","001000"
"70249026526","2023-11-09","62.0911","-152.7349","566.3","PUNTILLA, AK US","  19.0"," 5","  19.0"," 5","9999.9"," 0","910.9"," 5","  1.0"," 5","  6.6"," 5"," 12.0","999.9","  23.0"," ","  17.1"," ","99.99"," ","999.9","001000"
"70249026526","2023-11-10","62.0911","-152.7349","566.3","PUNTILLA, AK US","  16.9"," 5","  16.9"," 5","9999.9"," 0","923.6"," 5","  1.4"," 5","  1.8"," 5","  5.1","999.9","  17.6","*","  15.8","*","99.99"," ","999.9","001000"
"70249026526","2023-11-11","62.0911","-152.7349","566.3","PUNTILLA, AK US","  17.2"," 5","  17.2"," 5","9999.9"," 0","925.1"," 5"," 20.2"," 5","  8.4"," 5"," 13.0","999.9","  17.6","*","  15.8","*","99.99"," ","999.9","001000"
"70249026526","2023-11-12","62.0911","-152.7349","566.3","PUNTILLA, AK US","   8.6"," 5","   8.6"," 5","9999.9"," 0","945.5"," 5"," 25.0"," 5","  2.6"," 5","  5.1","999.9","  15.8","*","  -0.4","*"," 0.00","I","999.9","000000"
"70249026526","2023-11-13","62.0911","-152.7349","566.3","PUNTILLA, AK US","  12.2"," 5","  12.2"," 5","9999.9"," 0","939.1"," 5"," 25.0"," 5","  2.8"," 5","  6.0","999.9","  19.4","*","   6.8","*"," 0.00","I","999.9","000000"
"70249026526","2023-11-14","62.0911","-152.7349","566.3","PUNTILLA, AK US","  15.4"," 5","  15.4"," 5","9999.9"," 0","939.6"," 5"," 20.6"," 5","  0.8"," 5","  4.1","999.9","  21.2","*","  10.4","*","99.99"," ","999.9","001000"
"70249026526","2023-11-15","62.0911","-152.7349","566.3","PUNTILLA, AK US","  19.8"," 5","  19.8"," 5","9999.9"," 0","926.9"," 5","  1.0"," 5","  6.8"," 5","  8.9","999.9","  21.2","*","  17.6","*","99.99"," ","999.9","001000"
"70249026526","2023-11-16","62.0911","-152.7349","566.3","PUNTILLA, AK US","  20.1"," 5","  20.1"," 5","9999.9"," 0","916.6"," 5","  7.4"," 5","  0.0"," 5","999.9","999.9","  23.0","*","  17.6","*","99.99"," ","999.9","001000"
"70249026526","2023-11-17","62.0911","-152.7349","566.3","PUNTILLA, AK US","  11.5"," 5","  11.5"," 5","9999.9"," 0","929.8"," 5"," 20.2"," 5","  6.2"," 5"," 11.1","999.9","  19.4","*","   8.6","*","99.99"," ","999.9","001000"
"70249026526","2023-11-18","62.0911","-152.7349","566.3","PUNTILLA, AK US","   3.6"," 5","   3.6"," 5","9999.9"," 0","941.5"," 5"," 25.0"," 5","  7.5"," 5"," 18.1","999.9","   8.6","*","  -2.2","*"," 0.00","I","999.9","000000"
"70249026526","2023-11-19","62.0911","-152.7349","566.3","PUNTILLA, AK US","   6.8"," 5","   6.8"," 5","9999.9"," 0","941.6"," 5"," 25.0"," 5","  1.2"," 5","  6.0","999.9","  10.9"," ","  -1.7"," "," 0.00","I","999.9","000000"
"70249026526","2023-11-20","62.0911","-152.7349","566.3","PUNTILLA, AK US","  -1.1"," 5","  -1.1"," 5","9999.9"," 0","945.2"," 5"," 25.0"," 5","  2.0"," 5","  7.0","999.9","   8.6","*"," -11.2","*"," 0.00","I","999.9","000000"
"70249026526","2023-11-21","62.0911","-152.7349","566.3","PUNTILLA, AK US","   6.4"," 5","   6.4"," 5","9999.9"," 0","931.8"," 5"," 25.0"," 5","  1.6"," 5","  4.1","999.9","  17.6","*","  -2.2","*"," 0.00","I","999.9","000000"
"70249026526","2023-11-22","62.0911","-152.7349","566.3","PUNTILLA, AK US","  18.7"," 5","  18.7"," 5","9999.9"," 0","940.0"," 5","  5.8"," 5","  2.8"," 5","  5.1","999.9","  21.2","*","  10.4","*","99.99"," ","999.9","001000"
"70249026526","2023-11-23","62.0911","-152.7349","566.3","PUNTILLA, AK US","  28.0"," 5","  28.0"," 5","9999.9"," 0","941.4"," 5","  1.0"," 5","  3.0"," 5","  7.0","999.9","  30.2","*","  26.6","*","99.99"," ","999.9","001000"
"70249026526","2023-11-24","62.0911","-152.7349","566.3","PUNTILLA, AK US","  33.1"," 5","  31.6"," 5","9999.9"," 0","944.5"," 5","  1.0"," 5","  0.8"," 5","  4.1","999.9","  33.8","*","  30.2","*","99.99"," ","999.9","001000"
"70249026526","2023-11-25","62.0911","-152.7349","566.3","PUNTILLA, AK US","  33.1"," 5","  32.4"," 5","9999.9"," 0","936.4"," 5","  1.0"," 5","  3.0"," 5","  6.0","999.9","  33.8","*","  32.0","*","99.99"," ","999.9","001000"
"70249026526","2023-11-27","62.0911","-152.7349","566.3","PUNTILLA, AK US","  27.7"," 5","  27.7"," 5","9999.9"," 0","928.7"," 5","  3.8"," 5","  1.0"," 5","  5.1","999.9","  28.9"," ","  26.1"," ","99.99"," ","999.9","001000"
"70249026526","2023-11-28","62.0911","-152.7349","566.3","PUNTILLA, AK US","  23.0"," 5","  23.0"," 5","9999.9"," 0","936.6"," 5","  3.8"," 5","  2.8"," 5","  7.0","999.9","  28.4","*","  15.8","*","99.99"," ","999.9","001000"
"70249026526","2023-11-29","62.0911","-152.7349","566.3","PUNTILLA, AK US","  27.5"," 4","  27.5"," 4","9999.9"," 0","999.9"," 0","  4.5"," 4","  3.3"," 4","  6.0","999.9","  28.4","*","  26.6","*","99.99"," ","999.9","001000"
"70249026526","2023-11-30","62.0911","-152.7349","566.3","PUNTILLA, AK US","  24.3"," 4","  24.3"," 4","9999.9"," 0","999.9"," 0","  1.5"," 4","  0.7"," 4","  2.9","999.9","  24.8","*","  23.0","*","99.99"," ","999.9","001000"
"70249026526","2023-12-02","62.0911","-152.7349","566.3","PUNTILLA, AK US","  -0.8"," 5","  -0.8"," 5","9999.9"," 0","922.2"," 5"," 25.0"," 5","  0.0"," 5","999.9","999.9","   3.2","*","  -5.8","*"," 0.00","I","999.9","000000"
"70249026526","2023-12-03","62.0911","-152.7349","566.3","PUNTILLA, AK US","   6.4"," 5","   6.4"," 5","9999.9"," 0","919.1"," 5"," 25.0"," 5","  0.6"," 5","  2.9","999.9","  12.2","*","  -2.2","*"," 0.00","I","999.9","000000"
"70249026526","2023-12-04","62.0911","-152.7349","566.3","PUNTILLA, AK US","  14.0"," 5","  14.0"," 5","9999.9"," 0","917.0"," 5"," 25.0"," 5","  0.0"," 5","999.9","999.9","  16.0"," ","  12.0"," "," 0.00","I","999.9","000000"
"70249026526","2023-12-05","62.0911","-152.7349","566.3","PUNTILLA, AK US","  17.6"," 5","  17.6"," 5","9999.9"," 0","916.1"," 4"," 25.0"," 5","  8.0"," 5"," 15.9","999.9","  21.2","*","  10.4","*"," 0.00","I","999.9","000000"
"70249026526","2023-12-06","62.0911","-152.7349","566.3","PUNTILLA, AK US","  11.5"," 5","  11.5"," 5","9999.9"," 0","932.6"," 4"," 25.0"," 5","  8.8"," 5"," 20.0","999.9","  19.9"," ","   6.1"," "," 0.00","I","999.9","000000"
"70249026526","2023-12-07","62.0911","-152.7349","566.3","PUNTILLA, AK US","   4.6"," 5","   4.6"," 5","9999.9"," 0","931.3"," 5"," 18.6"," 5","  1.0"," 5","  5.1","999.9","   8.6","*","  -0.4","*","99.99"," ","999.9","001000"
"70249026526","2023-12-08","62.0911","-152.7349","566.3","PUNTILLA, AK US","  -2.2"," 5","  -2.2"," 5","9999.9"," 0","933.7"," 5"," 20.2"," 5","  1.6"," 5","  4.1","999.9","  10.4","*"," -11.2","*","99.99"," ","999.9","001000"
"70249026526","2023-12-09","62.0911","-152.7349","566.3","PUNTILLA, AK US","  -0.0"," 5","  -0.0"," 5","9999.9"," 0","935.3"," 5","  5.8"," 5","  0.0"," 5","999.9","999.9","   6.8","*"," -16.6","*","99.99"," ","999.9","001000"
"70249026526","2023-12-10","62.0911","-152.7349","566.3","PUNTILLA, AK US","   1.4"," 5","   1.4"," 5","9999.9"," 0","938.2"," 5","  1.0"," 5","  1.6"," 5","  5.1","999.9","   7.0"," ","  -8.0"," ","99.99"," ","999.9","001000"
"70249026526","2023-12-11","62.0911","-152.7349","566.3","PUNTILLA, AK US","  15.8"," 5","  15.8"," 5","9999.9"," 0","917.6"," 5","  1.8"," 5","  2.3"," 5","  2.9","999.9","  18.0"," ","   8.1"," ","99.99"," ","999.9","001000"
"70249026526","2023-12-12","62.0911","-152.7349","566.3","PUNTILLA, AK US","   4.3"," 5","   4.3"," 5","9999.9"," 0","909.1"," 5"," 20.2"," 5","  5.7"," 5","  8.9","999.9","  19.4","*","  -2.2","*","99.99"," ","999.9","001000"
"70249026526","2023-12-13","62.0911","-152.7349","566.3","PUNTILLA, AK US","  -1.1"," 5","  -1.1"," 5","9999.9"," 0","917.2"," 5"," 20.2"," 5","  3.8"," 5"," 13.0","999.9","   6.8","*","  -5.8","*"," 0.00","I","999.9","000000"
"70249026526","2023-12-14","62.0911","-152.7349","566.3","PUNTILLA, AK US","  -8.3"," 5","  -8.3"," 5","9999.9"," 0","932.6"," 5"," 25.0"," 5","  2.0"," 5","  4.1","999.9","  -5.8","*"," -11.2","*"," 0.00","I","999.9","000000"
"70249026526","2023-12-15","62.0911","-152.7349","566.3","PUNTILLA, AK US","   2.1"," 5","   2.1"," 5","9999.9"," 0","935.2"," 5"," 10.6"," 5","  1.6"," 5","  4.1","999.9","   8.6","*"," -13.0","*","99.99"," ","999.9","001000"
"70249026526","2023-12-16","62.0911","-152.7349","566.3","PUNTILLA, AK US","   5.7"," 5","   5.7"," 5","9999.9"," 0","938.1"," 5","  5.8"," 5","  0.6"," 5","  2.9","999.9","  10.4","*","  -9.4","*","99.99"," ","999.9","001000"
"70249026526","2023-12-17","62.0911","-152.7349","566.3","PUNTILLA, AK US","   6.4"," 5","   6.4"," 5","9999.9"," 0","927.7"," 5"," 11.7"," 5","  0.6"," 5","  2.9","999.9","  12.2","*","   1.4","*","99.99"," ","999.9","001000"
"70249026526","2023-12-18","62.0911","-152.7349","566.3","PUNTILLA, AK US","  -3.6"," 4","  -3.6"," 4","9999.9"," 0","936.0"," 4"," 19.0"," 4","  1.0"," 4","  4.1","999.9","  12.2","*","  -9.4","*"," 0.00","I","999.9","000000"
"70249026526","2023-12-19","62.0911","-152.7349","566.3","PUNTILLA, AK US","   3.6"," 5","   3.6"," 5","9999.9"," 0","925.7"," 5"," 13.0"," 5","  0.6"," 5","  2.9","999.9","  10.4","*"," -11.2","*","99.99"," ","999.9","001000"
"70249026526","2023-12-20","62.0911","-152.7349","566.3","PUNTILLA, AK US","   0.5"," 4","   0.5"," 4","9999.9"," 0","921.7"," 4"," 18.0"," 4","  0.0"," 4","999.9","999.9","   6.8","*","  -5.8","*"," 0.00","I","999.9","000000"
"70249026526","2023-12-21","62.0911","-152.7349","566.3","PUNTILLA, AK US","  -0.0"," 5","  -0.0"," 5","9999.9"," 0","924.5"," 5"," 25.0"," 5","  2.0"," 5","  4.1","999.9","   3.9"," ","  -2.9"," "," 0.00","I","999.9","000000"
"70249026526","2023-12-22","62.0911","-152.7349","566.3","PUNTILLA, AK US","  -0.4"," 5","  -0.4"," 5","9999.9"," 0","926.8"," 5"," 10.6"," 5","  2.0"," 5","  6.0","999.9","   6.8","*"," -14.8","*","99.99"," ","999.9","001000"
"70249026526","2023-12-23","62.0911","-152.7349","566.3","PUNTILLA, AK US","  20.5"," 5","  20.5"," 5","9999.9"," 0","917.2"," 5","  1.0"," 5","  4.8"," 5","  7.0","999.9","  24.8","*","   8.6","*","99.99"," ","999.9","001000"
"70249026526","2023-12-24","62.0911","-152.7349","566.3","PUNTILLA, AK US","   9.0"," 4","   9.0"," 4","9999.9"," 0","909.6"," 4","  1.5"," 4","  5.1"," 4"," 11.1","999.9","  21.9"," ","   3.0"," ","99.99"," ","999.9","001000"
"70249026526","2023-12-25","62.0911","-152.7349","566.3","PUNTILLA, AK US"," -12.6"," 5"," -12.6"," 5","9999.9"," 0","919.6"," 5"," 25.0"," 5","  4.4"," 5","  7.0","999.9","  -5.8","*"," -18.4","*"," 0.00","I","999.9","000000"
"70249026526","2023-12-26","62.0911","-152.7349","566.3","PUNTILLA, AK US"," -24.2"," 5"," -24.2"," 5","9999.9"," 0","929.1"," 5"," 25.0"," 5","  2.0"," 5","  6.0","999.9"," -20.2","*"," -27.4","*"," 0.00","I","999.9","000000"
"70249026526","2023-12-27","62.0911","-152.7349","566.3","PUNTILLA, AK US"," -17.0"," 5"," -17.0"," 5","9999.9"," 0","940.2"," 5"," 25.0"," 5","  3.1"," 5","  4.1","999.9"," -14.8","*"," -18.4","*"," 0.00","I","999.9","000000"
"70249026526","2023-12-28","62.0911","-152.7349","566.3","PUNTILLA, AK US","  -9.8"," 5","  -9.8"," 5","9999.9"," 0","940.6"," 5"," 25.0"," 5","  4.0"," 5","  6.0","999.9","  -2.2","*"," -20.2","*"," 0.00","I","999.9","000000"
"70249026526","2023-12-29","62.0911","-152.7349","566.3","PUNTILLA, AK US"," -15.9"," 5"," -15.9"," 5","9999.9"," 0","939.3"," 5"," 25.0"," 5","  4.6"," 5","  6.0","999.9","  -9.4","*"," -18.4","*"," 0.00","I","999.9","000000"
"70249026526","2023-12-30","62.0911","-152.7349","566.3","PUNTILLA, AK US"," -11.2"," 5"," -11.2"," 5","9999.9"," 0","931.1"," 4"," 25.0"," 5","  2.6"," 5","  5.1","999.9","  -2.2","*"," -16.6","*"," 0.00","I","999.9","000000"
"70249026526","2023-12-31","62.0911","-152.7349","566.3","PUNTILLA, AK US","  -0.8"," 5","  -0.8"," 5","9999.9"," 0","940.6"," 4","  6.6"," 5","  3.1"," 5","  4.1","999.9","   6.8","*"," -11.2","*","99.99"," ","999.9","001000"
