"STATION","DATE","LATITUDE","LONGITUDE","ELEVATION","NAME","TEMP","TEMP_ATTRIBUTES","DEWP","DEWP_ATTRIBUTES","SLP","SLP_ATTRIBUTES","STP","STP_ATTRIBUTES","VISIB","VISIB_ATTRIBUTES","WDSP","WDSP_ATTRIBUTES","MXSPD","GUST","MAX","MAX_ATTRIBUTES","MIN","MIN_ATTRIBUTES","PRCP","PRCP_ATTRIBUTES","SNDP","FRSHTT"
"81836099999","2023-01-01","-5.1166666","-36.7166666","5.5","APODI, BR","  83.0","24","  68.8","24","1012.6","22","008.9","24","999.9"," 0","  9.8","24"," 15.7"," 24.7","  91.9"," ","  73.8"," "," 0.00","I","999.9","000000"
"81836099999","2023-01-02","-5.1166666","-36.7166666","5.5","APODI, BR","  82.2","24","  70.8","23","1012.8","22","009.1","24","999.9"," 0","  8.4","24"," 14.8"," 24.3","  90.9"," ","  73.8"," "," 0.00","I","999.9","000000"
"81836099999","2023-01-03","-5.1166666","-36.7166666","5.5","APODI, BR","  81.5","24","  71.0","22","1013.0","22","009.2","24","999.9"," 0","  7.8","24"," 12.6"," 27.0","  90.5"," ","  73.9"," "," 0.00","I","999.9","000000"
"81836099999","2023-01-04","-5.1166666","-36.7166666","5.5","APODI, BR","  82.1","24","  69.2","20","1013.1","22","009.5","24","999.9"," 0","  8.5","24"," 15.5"," 24.1","  93.4"," ","  72.1"," "," 0.00","I","999.9","000000"
"81836099999","2023-01-05","-5.1166666","-36.7166666","5.5","APODI, BR","  81.7","24","  68.6","21","1013.5","22","009.8","24","999.9"," 0","  9.0","24"," 16.1"," 25.3","  93.2"," ","  72.0"," "," 0.00","I","999.9","000000"
"81836099999","2023-01-06","-5.1166666","-36.7166666","5.5","APODI, BR","  81.4","24","  68.3","19","1013.9","22","010.2","24","999.9"," 0","  9.5","24"," 18.1"," 28.2","  91.8"," ","  71.1"," "," 0.00","I","999.9","000000"
"81836099999","2023-01-07","-5.1166666","-36.7166666","5.5","APODI, BR","  81.6","24","  68.7","22","1014.6","22","010.8","24","999.9"," 0","  9.0","24"," 14.8"," 25.3","  92.7"," ","  71.4"," "," 0.00","I","999.9","000000"
"81836099999","2023-01-08","-5.1166666","-36.7166666","5.5","APODI, BR","  82.2","24","  69.1","22","1014.6","22","010.8","24","999.9"," 0","  7.9","24"," 16.9"," 26.0","  91.9"," ","  73.2"," "," 0.00","I","999.9","000000"
"81836099999","2023-01-09","-5.1166666","-36.7166666","5.5","APODI, BR","  82.4","24","  70.3","24","1014.4","22","010.6","24","999.9"," 0","  9.9","24"," 17.3"," 28.7","  91.4"," ","  73.4"," "," 0.00","I","999.9","000000"
"81836099999","2023-01-10","-5.1166666","-36.7166666","5.5","APODI, BR","  82.6","24","  69.3","24","1014.6","22","010.9","24","999.9"," 0"," 10.0","24"," 17.9"," 27.4","  90.9"," ","  73.8","*"," 0.00","I","999.9","000000"
"81836099999","2023-01-11","-5.1166666","-36.7166666","5.5","APODI, BR","  82.5","24","  69.2","24","1014.4","22","010.6","24","999.9"," 0","  9.1","24"," 15.5"," 26.0","  92.5"," ","  74.1"," "," 0.00","I","999.9","000000"
"81836099999","2023-01-12","-5.1166666","-36.7166666","5.5","APODI, BR","  81.6","24","  69.2","24","1013.4","22","009.7","24","999.9"," 0","  7.9","24"," 16.3"," 26.0","  96.1"," ","  72.3"," "," 0.00","I","999.9","000000"
"81836099999","2023-01-13","-5.1166666","-36.7166666","5.5","APODI, BR","  82.3","24","  69.7","21","1012.4","22","008.6","24","999.9"," 0","  9.0","24"," 16.1"," 26.8","  91.8"," ","  72.7"," "," 0.00","I","999.9","000000"
"81836099999","2023-01-14","-5.1166666","-36.7166666","5.5","APODI, BR","  83.2","24","  69.1","22","1012.0","22","008.2","24","999.9"," 0","  9.7","24"," 17.1"," 28.4","  96.4"," ","  73.8"," "," 0.00","I","999.9","000000"
"81836099999","2023-01-15","-5.1166666","-36.7166666","5.5","APODI, BR","  82.5","24","  68.3","24","1012.9","22","009.0","24","999.9"," 0","  8.5","24"," 13.8"," 22.0","  93.6"," ","  73.8"," "," 0.00","I","999.9","000000"
"81836099999","2023-01-16","-5.1166666","-36.7166666","5.5","APODI, BR","  81.9","24","  68.8","24","1012.6","22","008.8","24","999.9"," 0","  9.3","24"," 15.9"," 25.8","  90.3"," ","  73.4"," "," 0.00","I","999.9","000000"
"81836099999","2023-01-17","-5.1166666","-36.7166666","5.5","APODI, BR","  82.1","24","  69.0","24","1013.0","22","009.3","24","999.9"," 0","  9.0","24"," 15.3"," 27.0","  91.9"," ","  73.6"," "," 0.00","I","999.9","000000"
"81836099999","2023-01-18","-5.1166666","-36.7166666","5.5","APODI, BR","  80.2","24","  68.6","24","1013.0","22","009.3","24","999.9"," 0","  6.9","24"," 13.4"," 30.3","  91.0"," ","  72.7"," "," 0.00","I","999.9","000000"
"81836099999","2023-01-19","-5.1166666","-36.7166666","5.5","APODI, BR","  81.5","24","  70.2","24","1013.4","22","009.6","24","999.9"," 0","  8.3","24"," 16.9"," 25.1","  92.1"," ","  74.1"," "," 0.00","I","999.9","000000"
"81836099999","2023-01-20","-5.1166666","-36.7166666","5.5","APODI, BR","  81.9","24","  70.8","21","1014.2","22","010.5","24","999.9"," 0","  7.8","24"," 14.2"," 22.7","  92.5"," ","  73.9"," "," 0.00","I","999.9","000000"
"81836099999","2023-01-21","-5.1166666","-36.7166666","5.5","APODI, BR","  82.5","23","  70.2","22","1013.3","21","009.7","23","999.9"," 0","  8.7","23"," 15.3"," 26.0","  92.1"," ","  73.2"," "," 0.00","I","999.9","000000"
"81836099999","2023-01-22","-5.1166666","-36.7166666","5.5","APODI, BR","  82.7","24","  71.4","23","1012.6","22","008.9","24","999.9"," 0","  8.8","24"," 16.3"," 25.1","  92.1"," ","  74.3"," "," 0.00","I","999.9","000000"
"81836099999","2023-01-23","-5.1166666","-36.7166666","5.5","APODI, BR","  82.1","24","  72.0","21","1012.8","22","009.0","24","999.9"," 0","  8.3","24"," 15.2"," 24.1","  90.5"," ","  74.5"," "," 0.00","I","999.9","000000"
"81836099999","2023-01-24","-5.1166666","-36.7166666","5.5","APODI, BR","  82.7","24","  71.0","24","1011.6","22","008.0","24","999.9"," 0","  8.9","24"," 16.9"," 27.6","  91.2"," ","  75.6"," "," 0.00","I","999.9","000000"
"81836099999","2023-01-25","-5.1166666","-36.7166666","5.5","APODI, BR","  82.3","24","  68.7","24","1011.4","22","007.6","24","999.9"," 0","  9.4","24"," 16.5"," 25.1","  89.6"," ","  75.4"," "," 0.00","I","999.9","000000"
"81836099999","2023-01-26","-5.1166666","-36.7166666","5.5","APODI, BR","  81.4","23","  68.4","23","1011.6","21","007.8","23","999.9"," 0","  9.0","23"," 15.9"," 24.1","  90.1"," ","  71.2"," "," 0.00","I","999.9","000000"
"81836099999","2023-01-27","-5.1166666","-36.7166666","5.5","APODI, BR","  83.2","24","  69.1","24","1012.3","22","008.5","24","999.9"," 0","  8.8","24"," 17.1"," 28.0","  92.8"," ","  73.8"," "," 0.00","I","999.9","000000"
"81836099999","2023-01-28","-5.1166666","-36.7166666","5.5","APODI, BR","  83.6","24","  67.6","23","1012.7","22","009.0","24","999.9"," 0","  9.1","24"," 15.9"," 26.6","  95.9"," ","  73.0"," "," 0.00","I","999.9","000000"
"81836099999","2023-01-29","-5.1166666","-36.7166666","5.5","APODI, BR","  82.8","24","  66.5","24","1012.2","22","008.6","24","999.9"," 0","  8.7","24"," 15.5"," 23.7","  93.2"," ","  72.7"," "," 0.00","I","999.9","000000"
"81836099999","2023-01-30","-5.1166666","-36.7166666","5.5","APODI, BR","  82.6","24","  69.4","24","1011.1","22","007.4","24","999.9"," 0","  8.1","24"," 12.8"," 22.5","  93.9"," ","  73.9"," "," 0.00","I","999.9","000000"
"81836099999","2023-01-31","-5.1166666","-36.7166666","5.5","APODI, BR","  83.1","23","  69.1","23","1011.3","21","007.6","23","999.9"," 0","  8.8","23"," 15.3"," 27.6","  95.7"," ","  73.8"," "," 0.00","I","999.9","000000"
"81836099999","2023-02-01","-5.1166666","-36.7166666","5.5","APODI, BR","  83.0","23","  68.9","23","1012.4","21","008.6","23","999.9"," 0","  9.2","23"," 15.9"," 27.8","  92.5"," ","  73.4"," "," 0.00","I","999.9","000000"
"81836099999","2023-02-02","-5.1166666","-36.7166666","5.5","APODI, BR","  83.9","23","  69.4","23","1013.2","21","009.5","23","999.9"," 0","  8.9","23"," 16.1"," 26.4","  95.5"," ","  74.1"," "," 0.00","I","999.9","000000"
"81836099999","2023-02-03","-5.1166666","-36.7166666","5.5","APODI, BR","  83.5","23","  68.9","23","1014.2","21","010.5","23","999.9"," 0","  9.6","23"," 15.9"," 26.4","  94.6"," ","  73.4"," "," 0.00","I","999.9","000000"
"81836099999","2023-02-04","-5.1166666","-36.7166666","5.5","APODI, BR","  83.6","23","  68.9","23","1014.7","21","010.9","23","999.9"," 0","  9.5","23"," 16.1"," 25.6","  93.6"," ","  75.0"," "," 0.00","I","999.9","000000"
"81836099999","2023-02-05","-5.1166666","-36.7166666","5.5","APODI, BR","  83.0","23","  70.6","23","1014.2","21","010.5","23","999.9"," 0","  8.0","23"," 16.1"," 23.9","  91.4"," ","  74.7"," "," 0.00","I","999.9","000000"
"81836099999","2023-02-06","-5.1166666","-36.7166666","5.5","APODI, BR","  80.4","23","  71.1","19","1013.5","21","009.7","23","999.9"," 0","  6.3","23"," 13.4"," 29.5","  90.1"," ","  71.8"," "," 0.00","I","999.9","000000"
"81836099999","2023-02-07","-5.1166666","-36.7166666","5.5","APODI, BR","  81.5","24","  67.8","14","1012.4","22","008.8","24","999.9"," 0","  6.9","24"," 13.6"," 21.8","  95.4"," ","  73.4"," "," 0.00","I","999.9","000000"
"81836099999","2023-02-08","-5.1166666","-36.7166666","5.5","APODI, BR","  81.7","24","  67.1","24","1012.2","22","008.5","24","999.9"," 0","  7.9","24"," 13.6"," 21.8","  93.9"," ","  71.2"," "," 0.00","I","999.9","000000"
"81836099999","2023-02-09","-5.1166666","-36.7166666","5.5","APODI, BR","  82.6","23","  70.2","23","1012.4","21","008.7","23","999.9"," 0","  7.1","23"," 13.6"," 19.2","  95.2"," ","  74.7"," "," 0.00","I","999.9","000000"
"81836099999","2023-02-10","-5.1166666","-36.7166666","5.5","APODI, BR","  83.6","24","  70.7","24","1011.8","22","008.2","24","999.9"," 0","  9.3","24"," 15.9"," 26.4","  95.2"," ","  76.6"," "," 0.00","I","999.9","000000"
"81836099999","2023-02-11","-5.1166666","-36.7166666","5.5","APODI, BR","  83.6","22","  69.2","22","1011.4","20","007.7","22","999.9"," 0","  9.0","22"," 15.3"," 26.2","  95.2"," ","  75.4"," "," 0.00","I","999.9","000000"
"81836099999","2023-02-12","-5.1166666","-36.7166666","5.5","APODI, BR","  82.6","24","  69.6","24","1011.7","22","007.9","24","999.9"," 0","  8.0","24"," 15.0"," 25.3","  94.3"," ","  72.3"," "," 0.00","I","999.9","000000"
"81836099999","2023-02-13","-5.1166666","-36.7166666","5.5","APODI, BR","  84.9","24","  70.6","24","1011.3","22","007.7","24","999.9"," 0","  8.4","24"," 14.0"," 23.7","  93.9"," ","  77.9"," "," 0.00","I","999.9","000000"
"81836099999","2023-02-14","-5.1166666","-36.7166666","5.5","APODI, BR","  84.8","24","  70.6","24","1011.2","22","007.5","24","999.9"," 0","  9.1","24"," 15.5"," 25.1","  94.1"," ","  76.3"," "," 0.00","I","999.9","000000"
"81836099999","2023-02-15","-5.1166666","-36.7166666","5.5","APODI, BR","  84.0","24","  71.0","23","1010.8","22","007.2","24","999.9"," 0","  9.2","24"," 16.5"," 25.6","  93.6"," ","  75.6"," "," 0.00","I","999.9","000000"
"81836099999","2023-02-16","-5.1166666","-36.7166666","5.5","APODI, BR","  84.1","24","  71.2","24","1009.8","22","006.2","24","999.9"," 0","  8.1","24"," 14.4"," 24.9","  93.7"," ","  77.0"," "," 0.00","I","999.9","000000"
"81836099999","2023-02-17","-5.1166666","-36.7166666","5.5","APODI, BR","  83.3","23","  70.6","23","1010.0","22","006.2","23","999.9"," 0","  8.2","23"," 15.2"," 24.9","  91.6"," ","  77.2"," "," 0.00","I","999.9","000000"
"81836099999","2023-02-18","-5.1166666","-36.7166666","5.5","APODI, BR","  82.6","24","  69.6","24","1011.4","22","007.6","24","999.9"," 0","  8.1","24"," 15.9"," 24.3","  92.1"," ","  76.3"," "," 0.00","I","999.9","000000"
"81836099999","2023-02-19","-5.1166666","-36.7166666","5.5","APODI, BR","  82.4","24","  70.3","24","1012.1","22","008.4","24","999.9"," 0","  7.7","24"," 15.0"," 23.3","  91.6"," ","  75.4"," "," 0.00","I","999.9","000000"
"81836099999","2023-02-20","-5.1166666","-36.7166666","5.5","APODI, BR","  83.6","24","  69.4","24","1012.1","22","008.4","24","999.9"," 0","  6.4","24"," 13.2"," 24.5","  93.7"," ","  77.4"," "," 0.00","I","999.9","000000"
"81836099999","2023-02-21","-5.1166666","-36.7166666","5.5","APODI, BR","  85.0","22","  67.3","22","1011.4","20","007.8","22","999.9"," 0","  9.5","22"," 14.6"," 25.8","  95.4"," ","  77.7"," "," 0.00","I","999.9","000000"
"81836099999","2023-02-22","-5.1166666","-36.7166666","5.5","APODI, BR","  82.9","24","  70.3","21","1013.1","22","009.3","24","999.9"," 0","  7.5","24"," 13.0"," 25.3","  95.0"," ","  77.7"," "," 0.00","I","999.9","000000"
"81836099999","2023-02-23","-5.1166666","-36.7166666","5.5","APODI, BR","  80.5","24","  73.4","11","1013.7","22","010.0","24","999.9"," 0","  5.5","24"," 14.0"," 20.4","  89.4"," ","  71.8"," "," 0.00","I","999.9","000000"
"81836099999","2023-02-24","-5.1166666","-36.7166666","5.5","APODI, BR","  77.2","24","  74.0"," 8","1014.1","22","010.4","24","999.9"," 0","  4.6","24"," 11.5"," 35.5","  86.4"," ","  70.3"," "," 0.00","I","999.9","000000"
"81836099999","2023-02-25","-5.1166666","-36.7166666","5.5","APODI, BR","  79.0","23","  72.1","13","1013.6","22","009.8","23","999.9"," 0","  7.2","23"," 13.8"," 22.3","  88.3"," ","  71.1","*"," 0.00","I","999.9","000000"
"81836099999","2023-02-26","-5.1166666","-36.7166666","5.5","APODI, BR","  82.7","24","  71.3","17","1014.0","22","010.3","24","999.9"," 0","  7.2","24"," 12.4"," 20.0","  91.9"," ","  73.8"," "," 0.00","I","999.9","000000"
"81836099999","2023-02-27","-5.1166666","-36.7166666","5.5","APODI, BR","  83.7","24","  69.8","21","1014.2","22","010.4","24","999.9"," 0","  8.7","24"," 14.4"," 25.1","  95.7"," ","  74.1"," "," 0.00","I","999.9","000000"
"81836099999","2023-02-28","-5.1166666","-36.7166666","5.5","APODI, BR","  88.5","13","  68.5","13","1014.3","13","010.5","13","999.9"," 0"," 10.8","13"," 15.0"," 22.9","  94.3"," ","  79.9"," "," 0.00","I","999.9","000000"
"81836099999","2023-03-01","-5.1166666","-36.7166666","5.5","APODI, BR","  84.2","24","  69.4","24","1013.8","22","010.2","24","999.9"," 0","  8.8","24"," 13.8"," 21.4","  94.8"," ","  74.3"," "," 0.00","I","999.9","000000"
"81836099999","2023-03-02","-5.1166666","-36.7166666","5.5","APODI, BR","  82.1","22","  69.7","21","1012.5","20","008.9","22","999.9"," 0","  7.3","22"," 12.6"," 27.8","  95.4"," ","  74.7","*"," 0.00","I","999.9","000000"
"81836099999","2023-03-03","-5.1166666","-36.7166666","5.5","APODI, BR","  79.4"," 5","  73.0"," 4","1012.8"," 5","008.9"," 5","999.9"," 0","  3.9"," 5","  5.1"," 10.7","  82.4"," ","  75.0"," "," 0.00","I","999.9","000000"
"81836099999","2023-03-04","-5.1166666","-36.7166666","5.5","APODI, BR","  83.4","24","  70.4","16","1012.1","22","008.4","24","999.9"," 0","  6.8","24"," 12.0"," 20.6","  93.9"," ","  74.1"," "," 0.00","I","999.9","000000"
"81836099999","2023-03-05","-5.1166666","-36.7166666","5.5","APODI, BR","  83.6","24","  70.7","19","1012.3","22","008.7","24","999.9"," 0","  8.7","24"," 14.6"," 25.1","  95.7"," ","  74.7"," "," 0.00","I","999.9","000000"
"81836099999","2023-03-06","-5.1166666","-36.7166666","5.5","APODI, BR","  82.8","24","  70.3","21","1012.3","22","008.6","24","999.9"," 0","  7.5","24"," 11.7"," 23.3","  95.2"," ","  74.3"," "," 0.00","I","999.9","000000"
"81836099999","2023-03-07","-5.1166666","-36.7166666","5.5","APODI, BR","  83.9","24","  66.7","21","1011.8","22","008.1","24","999.9"," 0","  8.4","24"," 13.8"," 24.9","  97.0"," ","  73.6"," "," 0.00","I","999.9","000000"
"81836099999","2023-03-08","-5.1166666","-36.7166666","5.5","APODI, BR","  81.9","24","  68.4","24","1012.0","22","008.3","24","999.9"," 0","  8.0","24"," 16.1"," 28.6","  93.6"," ","  73.2"," "," 0.00","I","999.9","000000"
"81836099999","2023-03-09","-5.1166666","-36.7166666","5.5","APODI, BR","  81.3","24","  69.8","21","1012.7","22","009.0","24","999.9"," 0","  6.7","24"," 11.1"," 21.6","  91.6"," ","  73.8"," "," 0.00","I","999.9","000000"
"81836099999","2023-03-10","-5.1166666","-36.7166666","5.5","APODI, BR","  82.9","24","  69.1","24","1012.9","22","009.2","24","999.9"," 0","  7.2","24"," 14.4"," 23.1","  94.1"," ","  76.1"," "," 0.00","I","999.9","000000"
"81836099999","2023-03-11","-5.1166666","-36.7166666","5.5","APODI, BR","  82.9","24","  70.9","22","1012.1","22","008.4","24","999.9"," 0","  8.1","24"," 15.5"," 26.8","  94.3"," ","  74.7"," "," 0.00","I","999.9","000000"
"81836099999","2023-03-12","-5.1166666","-36.7166666","5.5","APODI, BR","  83.1","24","  71.1","22","1011.9","22","008.3","24","999.9"," 0","  7.9","24"," 16.1"," 26.2","  93.7"," ","  73.8"," "," 0.00","I","999.9","000000"
"81836099999","2023-03-13","-5.1166666","-36.7166666","5.5","APODI, BR","  83.3","24","  71.5","21","1011.9","22","008.2","24","999.9"," 0","  8.0","24"," 14.4"," 22.9","  95.2"," ","  74.5"," "," 0.00","I","999.9","000000"
"81836099999","2023-03-14","-5.1166666","-36.7166666","5.5","APODI, BR","  81.2","23","  72.5","19","1012.8","21","009.0","23","999.9"," 0","  5.3","23"," 10.3"," 28.0","  89.2"," ","  73.9"," "," 0.00","I","999.9","000000"
"81836099999","2023-03-15","-5.1166666","-36.7166666","5.5","APODI, BR","  79.6","24","  73.5","10","1012.2","22","008.5","24","999.9"," 0","  3.9","24","  8.9"," 18.1","  90.1"," ","  74.5"," "," 0.00","I","999.9","000000"
"81836099999","2023-03-16","-5.1166666","-36.7166666","5.5","APODI, BR","  75.8","24","  74.2"," 4","1012.6","22","008.7","24","999.9"," 0","  3.2","24","  6.8"," 10.5","  79.0"," ","  74.1"," "," 0.00","I","999.9","000000"
"81836099999","2023-03-17","-5.1166666","-36.7166666","5.5","APODI, BR","  79.3","24","  72.4","13","1012.9","22","009.2","24","999.9"," 0","  5.2","24","  9.5"," 15.9","  87.4"," ","  74.5"," "," 0.00","I","999.9","000000"
"81836099999","2023-03-18","-5.1166666","-36.7166666","5.5","APODI, BR","  79.4","22","  72.8","13","1013.7","20","009.9","22","999.9"," 0","  4.4","22","  7.4"," 18.6","  86.0"," ","  73.2"," "," 0.00","I","999.9","000000"
"81836099999","2023-03-19","-5.1166666","-36.7166666","5.5","APODI, BR","  77.6","23","  72.0","11","1014.5","21","010.8","23","999.9"," 0","  5.6","23","  9.5"," 15.3","  87.6"," ","  72.7"," "," 0.00","I","999.9","000000"
"81836099999","2023-03-20","-5.1166666","-36.7166666","5.5","APODI, BR","  78.4","24","  73.1","16","1013.9","22","010.2","24","999.9"," 0","  3.9","24","  7.6"," 21.4","  88.3"," ","  73.0"," "," 0.00","I","999.9","000000"
"81836099999","2023-03-21","-5.1166666","-36.7166666","5.5","APODI, BR","  77.7","22","  73.0"," 8","1014.3","20","010.6","22","999.9"," 0","  4.2","22","  9.5"," 16.9","  87.1"," ","  74.5"," "," 0.00","I","999.9","000000"
"81836099999","2023-03-22","-5.1166666","-36.7166666","5.5","APODI, BR","  79.9","24","  71.6","10","1014.1","22","010.4","24","999.9"," 0","  4.8","24","  9.3"," 16.7","  91.8"," ","  73.9"," "," 0.00","I","999.9","000000"
"81836099999","2023-03-23","-5.1166666","-36.7166666","5.5","APODI, BR","  80.8","24","  71.4","13","1012.9","22","009.3","24","999.9"," 0","  6.3","24"," 10.5"," 18.8","  93.0"," ","  72.9"," "," 0.00","I","999.9","000000"
"81836099999","2023-03-24","-5.1166666","-36.7166666","5.5","APODI, BR","  80.8","24","  71.8","19","1012.6","22","008.9","24","999.9"," 0","  6.0","24"," 10.9"," 16.1","  90.1"," ","  72.7"," "," 0.00","I","999.9","000000"
"81836099999","2023-03-25","-5.1166666","-36.7166666","5.5","APODI, BR","  80.3","24","  73.5","16","1013.2","22","009.4","24","999.9"," 0","  5.1","24"," 10.5"," 18.1","  89.2"," ","  73.4"," "," 0.00","I","999.9","000000"
"81836099999","2023-03-26","-5.1166666","-36.7166666","5.5","APODI, BR","  78.8","24","  74.5"," 9","1013.5","22","009.7","24","999.9"," 0","  5.1","24"," 14.8"," 27.4","  90.9"," ","  73.6"," "," 0.00","I","999.9","000000"
"81836099999","2023-03-27","-5.1166666","-36.7166666","5.5","APODI, BR","  78.8","24","  74.5","12","1012.9","21","009.3","24","999.9"," 0","  5.7","24"," 12.2"," 22.1","  87.1"," ","  73.9"," "," 0.00","I","999.9","000000"
"81836099999","2023-03-28","-5.1166666","-36.7166666","5.5","APODI, BR","  80.3","24","  74.1","14","1013.2","22","009.4","24","999.9"," 0","  4.7","24","  9.3"," 15.2","  88.5"," ","  74.5"," "," 0.00","I","999.9","000000"
"81836099999","2023-03-29","-5.1166666","-36.7166666","5.5","APODI, BR","  80.9","24","  72.9","19","1013.4","22","009.6","24","999.9"," 0","  5.9","24"," 12.8"," 19.6","  88.9"," ","  74.3"," "," 0.00","I","999.9","000000"
"81836099999","2023-03-30","-5.1166666","-36.7166666","5.5","APODI, BR","  78.8","21","  74.3","13","1013.9","19","010.2","21","999.9"," 0","  5.2","21"," 12.4"," 17.1","  89.6"," ","  73.8"," "," 0.00","I","999.9","000000"
"81836099999","2023-03-31","-5.1166666","-36.7166666","5.5","APODI, BR","  80.4","24","  72.3","14","1013.4","22","009.7","24","999.9"," 0","  5.5","24","  9.7"," 17.1","  88.3"," ","  75.2"," "," 0.00","I","999.9","000000"
"81836099999","2023-04-01","-5.1166666","-36.7166666","5.5","APODI, BR","  80.6","24","  71.8","16","1012.6","22","008.9","24","999.9"," 0","  4.7","24","  9.9"," 15.7","  91.2"," ","  72.9"," "," 0.00","I","999.9","000000"
"81836099999","2023-04-02","-5.1166666","-36.7166666","5.5","APODI, BR","  78.6","24","  74.5","10","1012.9","22","009.1","24","999.9"," 0","  4.5","24","  8.4"," 19.6","  87.8"," ","  73.9"," "," 0.00","I","999.9","000000"
"81836099999","2023-04-03","-5.1166666","-36.7166666","5.5","APODI, BR","  78.0","24","  73.0"," 7","1012.0","22","008.3","24","999.9"," 0","  3.8","24","  8.0"," 16.3","  88.7"," ","  73.2"," "," 0.00","I","999.9","000000"
"81836099999","2023-04-04","-5.1166666","-36.7166666","5.5","APODI, BR","  80.0","24","  72.9","13","1011.4","22","007.7","24","999.9"," 0","  4.6","24","  9.1"," 20.6","  90.3"," ","  74.5"," "," 0.00","I","999.9","000000"
"81836099999","2023-04-05","-5.1166666","-36.7166666","5.5","APODI, BR","  77.5","24","  74.9"," 7","1011.3","22","007.5","24","999.9"," 0","  3.9","24","  8.5"," 18.1","  86.9"," ","  74.3"," "," 0.00","I","999.9","000000"
"81836099999","2023-04-06","-5.1166666","-36.7166666","5.5","APODI, BR","  77.0","24","  73.1"," 5","1011.5","22","007.6","24","999.9"," 0","  4.2","24"," 10.3"," 32.1","  87.4"," ","  72.7"," "," 0.00","I","999.9","000000"
"81836099999","2023-04-07","-5.1166666","-36.7166666","5.5","APODI, BR","  78.3","24","  73.8","10","1011.9","22","008.2","24","999.9"," 0","  5.0","24","  9.5"," 18.6","  88.7"," ","  73.4"," "," 0.00","I","999.9","000000"
"81836099999","2023-04-08","-5.1166666","-36.7166666","5.5","APODI, BR","  78.8","24","  75.8"," 9","1012.2","22","008.5","24","999.9"," 0","  3.8","24","  8.4"," 20.2","  90.0"," ","  73.9"," "," 0.00","I","999.9","000000"
"81836099999","2023-04-09","-5.1166666","-36.7166666","5.5","APODI, BR","  79.0","24","  73.4"," 9","1013.2","22","009.4","24","999.9"," 0","  4.0","24","  8.4"," 16.1","  89.8"," ","  75.0"," "," 0.00","I","999.9","000000"
"81836099999","2023-04-10","-5.1166666","-36.7166666","5.5","APODI, BR","  79.2","24","  75.7","11","1013.7","22","009.9","24","999.9"," 0","  4.6","24"," 10.1"," 20.4","  90.0"," ","  75.0"," "," 0.00","I","999.9","000000"
"81836099999","2023-04-11","-5.1166666","-36.7166666","5.5","APODI, BR","  78.5","20","  72.5"," 9","1013.7","18","010.1","20","999.9"," 0","  4.1","20","  7.4"," 17.1","  89.4"," ","  72.9"," "," 0.00","I","999.9","000000"
"81836099999","2023-04-12","-5.1166666","-36.7166666","5.5","APODI, BR","  80.5","24","  72.1","19","1012.0","22","008.3","24","999.9"," 0","  5.7","24","  8.9"," 17.9","  91.0"," ","  70.7"," "," 0.00","I","999.9","000000"
"81836099999","2023-04-13","-5.1166666","-36.7166666","5.5","APODI, BR","  80.8","24","  72.2","21","1011.2","22","007.4","24","999.9"," 0","  6.3","24"," 10.5"," 21.4","  90.0"," ","  74.3"," "," 0.00","I","999.9","000000"
"81836099999","2023-04-14","-5.1166666","-36.7166666","5.5","APODI, BR","  79.5","24","  73.4","16","1012.0","22","008.2","24","999.9"," 0","  5.0","24","  8.9"," 19.4","  89.1"," ","  73.8"," "," 0.00","I","999.9","000000"
"81836099999","2023-04-15","-5.1166666","-36.7166666","5.5","APODI, BR","  80.1","24","  73.5","15","1012.4","22","008.7","24","999.9"," 0","  5.7","24"," 11.7"," 22.5","  91.0"," ","  73.8","*"," 0.00","I","999.9","000000"
"81836099999","2023-04-16","-5.1166666","-36.7166666","5.5","APODI, BR","  79.6","24","  74.7"," 9","1011.9","22","008.2","24","999.9"," 0","  5.0","24"," 14.2"," 23.9","  90.3"," ","  73.6"," "," 0.00","I","999.9","000000"
"81836099999","2023-04-17","-5.1166666","-36.7166666","5.5","APODI, BR","  79.9","24","  74.3","10","1010.0","22","006.4","24","999.9"," 0","  3.8","24","  9.3"," 15.3","  88.7"," ","  74.5"," "," 0.00","I","999.9","000000"
"81836099999","2023-04-18","-5.1166666","-36.7166666","5.5","APODI, BR","  81.4","24","  74.1","13","1010.0","22","006.2","24","999.9"," 0","  5.8","24"," 13.2"," 19.4","  90.7"," ","  74.7"," "," 0.00","I","999.9","000000"
"81836099999","2023-04-19","-5.1166666","-36.7166666","5.5","APODI, BR","  81.1","24","  75.5","15","1012.5","22","008.6","24","999.9"," 0","  5.5","24"," 12.0"," 18.8","  91.2"," ","  74.7"," "," 0.00","I","999.9","000000"
"81836099999","2023-04-20","-5.1166666","-36.7166666","5.5","APODI, BR","  81.6","24","  74.7","14","1013.3","22","009.6","24","999.9"," 0","  5.5","24"," 10.7"," 16.5","  89.8"," ","  74.7"," "," 0.00","I","999.9","000000"
"81836099999","2023-04-21","-5.1166666","-36.7166666","5.5","APODI, BR","  81.3","24","  73.3","18","1012.3","22","008.6","24","999.9"," 0","  6.1","24"," 11.7"," 19.0","  90.9"," ","  73.9"," "," 0.00","I","999.9","000000"
"81836099999","2023-04-22","-5.1166666","-36.7166666","5.5","APODI, BR","  80.2","24","  67.6","18","1010.7","22","007.0","24","999.9"," 0","  7.0","24"," 12.6"," 23.3","  91.0"," ","  70.5"," "," 0.00","I","999.9","000000"
"81836099999","2023-04-23","-5.1166666","-36.7166666","5.5","APODI, BR","  81.1","21","  68.9","18","1011.3","19","007.5","21","999.9"," 0","  7.2","21"," 11.3"," 21.2","  91.6"," ","  71.2"," "," 0.00","I","999.9","000000"
"81836099999","2023-04-24","-5.1166666","-36.7166666","5.5","APODI, BR","  80.9","24","  71.5","18","1012.5","22","008.7","24","999.9"," 0","  6.1","24"," 12.4"," 17.7","  93.9"," ","  70.9"," "," 0.00","I","999.9","000000"
"81836099999","2023-04-25","-5.1166666","-36.7166666","5.5","APODI, BR","  79.9","24","  72.6","14","1013.6","22","009.8","24","999.9"," 0","  4.5","24","  8.0"," 16.3","  92.8"," ","  72.0"," "," 0.00","I","999.9","000000"
"81836099999","2023-04-26","-5.1166666","-36.7166666","5.5","APODI, BR","  80.2","24","  73.6","13","1012.7","22","009.0","24","999.9"," 0","  5.3","24","  8.9"," 16.3","  91.2"," ","  73.9"," "," 0.00","I","999.9","000000"
"81836099999","2023-04-27","-5.1166666","-36.7166666","5.5","APODI, BR","  79.9","24","  74.2","16","1013.6","21","009.8","24","999.9"," 0","  4.8","24","  8.7"," 14.8","  88.0"," ","  73.0"," "," 0.00","I","999.9","000000"
"81836099999","2023-04-28","-5.1166666","-36.7166666","5.5","APODI, BR","  80.2","24","  74.8","14","1014.4","22","010.6","24","999.9"," 0","  4.6","24"," 11.3"," 18.3","  90.1"," ","  74.3"," "," 0.00","I","999.9","000000"
"81836099999","2023-04-29","-5.1166666","-36.7166666","5.5","APODI, BR","  80.4","24","  75.4","13","1015.2","22","011.5","24","999.9"," 0","  5.9","24"," 10.9"," 19.0","  87.8"," ","  74.1"," "," 0.00","I","999.9","000000"
"81836099999","2023-04-30","-5.1166666","-36.7166666","5.5","APODI, BR","  79.7","24","  75.1","12","1013.9","22","010.3","24","999.9"," 0","  4.5","24","  9.7"," 19.4","  90.1"," ","  74.3"," "," 0.00","I","999.9","000000"
"81836099999","2023-05-01","-5.1166666","-36.7166666","5.5","APODI, BR","  80.5","24","  72.7","13","1013.7","22","009.9","24","999.9"," 0","  5.0","24","  8.5"," 15.2","  89.6"," ","  72.7"," "," 0.00","I","999.9","000000"
"81836099999","2023-05-02","-5.1166666","-36.7166666","5.5","APODI, BR","  79.3","23","  72.8","14","1012.8","21","009.2","23","999.9"," 0","  5.5","23","  9.9"," 15.7","  88.5"," ","  70.9"," "," 0.00","I","999.9","000000"
"81836099999","2023-05-03","-5.1166666","-36.7166666","5.5","APODI, BR","  80.1","19","  72.6","13","1013.3","17","009.6","19","999.9"," 0","  5.8","19"," 11.7"," 17.1","  88.5"," ","  74.1"," "," 0.00","I","999.9","000000"
"81836099999","2023-05-04","-5.1166666","-36.7166666","5.5","APODI, BR","  81.1","24","  73.1","17","1014.4","22","010.7","24","999.9"," 0","  5.8","24"," 10.3"," 18.1","  91.4"," ","  72.1"," "," 0.00","I","999.9","000000"
"81836099999","2023-05-05","-5.1166666","-36.7166666","5.5","APODI, BR","  81.9","24","  72.2","16","1014.6","22","010.9","24","999.9"," 0","  6.1","24"," 10.3"," 20.0","  91.8"," ","  73.9"," "," 0.00","I","999.9","000000"
"81836099999","2023-05-06","-5.1166666","-36.7166666","5.5","APODI, BR","  83.6","21","  70.3","18","1013.2","19","009.7","21","999.9"," 0","  7.3","21"," 10.7"," 19.0","  93.4"," ","  74.3"," "," 0.00","I","999.9","000000"
"81836099999","2023-05-07","-5.1166666","-36.7166666","5.5","APODI, BR","  81.7","24","  70.5","20","1012.7","22","009.0","24","999.9"," 0","  6.1","24"," 10.9"," 18.1","  94.5"," ","  71.8"," "," 0.00","I","999.9","000000"
"81836099999","2023-05-08","-5.1166666","-36.7166666","5.5","APODI, BR","  81.9","24","  71.4","19","1013.5","22","009.7","24","999.9"," 0","  5.9","24"," 12.0"," 17.7","  94.3"," ","  73.2"," "," 0.00","I","999.9","000000"
"81836099999","2023-05-09","-5.1166666","-36.7166666","5.5","APODI, BR","  81.5","24","  71.5","18","1013.5","22","009.8","24","999.9"," 0","  5.6","24"," 10.9"," 17.9","  94.8"," ","  72.7"," "," 0.00","I","999.9","000000"
"81836099999","2023-05-10","-5.1166666","-36.7166666","5.5","APODI, BR","  82.1","24","  71.3","19","1012.9","22","009.2","24","999.9"," 0","  6.6","24"," 12.8"," 20.8","  94.1"," ","  73.2"," "," 0.00","I","999.9","000000"
"81836099999","2023-05-11","-5.1166666","-36.7166666","5.5","APODI, BR","  80.9","22","  72.1","16","1012.4","20","008.7","22","999.9"," 0","  5.7","22"," 11.7"," 18.1","  91.4"," ","  72.1"," "," 0.00","I","999.9","000000"
"81836099999","2023-05-12","-5.1166666","-36.7166666","5.5","APODI, BR","  80.5","23","  71.7","23","1014.0","21","010.1","23","999.9"," 0","  5.8","23"," 11.3"," 19.6","  88.5"," ","  75.7"," "," 0.00","I","999.9","000000"
"81836099999","2023-05-13","-5.1166666","-36.7166666","5.5","APODI, BR","  81.5","24","  71.7","16","1015.0","22","011.3","24","999.9"," 0","  5.4","24"," 11.1"," 17.7","  91.8"," ","  73.9"," "," 0.00","I","999.9","000000"
"81836099999","2023-05-14","-5.1166666","-36.7166666","5.5","APODI, BR","  81.4","24","  73.6","19","1016.4","22","012.6","24","999.9"," 0","  5.5","24"," 11.3"," 25.3","  90.3"," ","  74.7"," "," 0.00","I","999.9","000000"
"81836099999","2023-05-15","-5.1166666","-36.7166666","5.5","APODI, BR","  81.7","24","  73.1","15","1015.6","22","012.0","24","999.9"," 0","  6.0","24"," 10.1"," 17.1","  93.4"," ","  73.4"," "," 0.00","I","999.9","000000"
"81836099999","2023-05-16","-5.1166666","-36.7166666","5.5","APODI, BR","  80.6","20","  72.2","15","1014.1","18","010.5","20","999.9"," 0","  5.9","20"," 10.3"," 19.4","  93.9"," ","  72.7"," "," 0.00","I","999.9","000000"
"81836099999","2023-05-17","-5.1166666","-36.7166666","5.5","APODI, BR","  80.9","24","  72.3","19","1013.8","22","010.1","24","999.9"," 0","  5.9","24"," 12.0"," 17.9","  92.5"," ","  72.0"," "," 0.00","I","999.9","000000"
"81836099999","2023-05-18","-5.1166666","-36.7166666","5.5","APODI, BR","  80.2","22","  72.5","19","1014.6","20","010.9","22","999.9"," 0","  5.7","22"," 11.7"," 21.6","  92.1"," ","  73.9"," "," 0.00","I","999.9","000000"
"81836099999","2023-05-19","-5.1166666","-36.7166666","5.5","APODI, BR","  81.4","24","  71.8","23","1014.6","22","010.9","24","999.9"," 0","  4.5","24","  9.3"," 17.1","  93.2"," ","  75.2"," "," 0.00","I","999.9","000000"
"81836099999","2023-05-20","-5.1166666","-36.7166666","5.5","APODI, BR","  82.6","24","  72.7","19","1013.3","22","009.7","24","999.9"," 0","  6.1","24"," 15.0"," 20.2","  95.5"," ","  74.7"," "," 0.00","I","999.9","000000"
"81836099999","2023-05-21","-5.1166666","-36.7166666","5.5","APODI, BR","  82.5","24","  71.6","21","1012.4","22","008.7","24","999.9"," 0","  7.0","24"," 12.6"," 19.4","  93.9"," ","  74.3"," "," 0.00","I","999.9","000000"
"81836099999","2023-05-22","-5.1166666","-36.7166666","5.5","APODI, BR","  82.5","24","  71.2","19","1012.4","22","008.6","24","999.9"," 0","  6.5","24"," 11.5"," 22.3","  95.5"," ","  73.4"," "," 0.00","I","999.9","000000"
"81836099999","2023-05-23","-5.1166666","-36.7166666","5.5","APODI, BR","  81.8","24","  69.5","23","1012.8","22","009.0","24","999.9"," 0","  7.3","24"," 12.0"," 24.5","  94.1"," ","  73.2"," "," 0.00","I","999.9","000000"
"81836099999","2023-05-24","-5.1166666","-36.7166666","5.5","APODI, BR","  81.7","24","  71.3","20","1013.1","22","009.4","24","999.9"," 0","  6.0","24"," 11.5"," 17.9","  92.3"," ","  73.0"," "," 0.00","I","999.9","000000"
"81836099999","2023-05-25","-5.1166666","-36.7166666","5.5","APODI, BR","  78.7","23","  71.2","18","1013.2","21","009.4","23","999.9"," 0","  5.2","23"," 10.5"," 20.0","  90.9"," ","  71.1"," "," 0.00","I","999.9","000000"
"81836099999","2023-05-26","-5.1166666","-36.7166666","5.5","APODI, BR","  81.8","24","  69.2","23","1013.5","22","009.8","24","999.9"," 0","  6.0","24"," 10.9"," 22.9","  93.7"," ","  73.0"," "," 0.00","I","999.9","000000"
"81836099999","2023-05-27","-5.1166666","-36.7166666","5.5","APODI, BR","  82.2","24","  69.9","22","1013.7","22","009.9","24","999.9"," 0","  7.0","24"," 12.6"," 19.2","  95.0"," ","  72.9"," "," 0.00","I","999.9","000000"
"81836099999","2023-05-28","-5.1166666","-36.7166666","5.5","APODI, BR","  82.3","24","  71.0","24","1013.7","22","010.0","24","999.9"," 0","  6.6","24"," 12.6"," 19.8","  93.7"," ","  75.4"," "," 0.00","I","999.9","000000"
"81836099999","2023-05-29","-5.1166666","-36.7166666","5.5","APODI, BR","  79.1","24","  72.3","21","1014.2","22","010.4","24","999.9"," 0","  5.1","24"," 10.5"," 18.3","  90.0"," ","  72.7"," "," 0.00","I","999.9","000000"
"81836099999","2023-05-30","-5.1166666","-36.7166666","5.5","APODI, BR","  78.8","24","  72.5","13","1015.5","22","011.7","24","999.9"," 0","  5.7","24"," 12.0"," 23.9","  90.5"," ","  71.8"," "," 0.00","I","999.9","000000"
"81836099999","2023-05-31","-5.1166666","-36.7166666","5.5","APODI, BR","  81.3","24","  71.8","21","1015.4","22","011.7","24","999.9"," 0","  6.1","24"," 10.1"," 18.1","  93.6"," ","  74.1"," "," 0.00","I","999.9","000000"
"81836099999","2023-06-01","-5.1166666","-36.7166666","5.5","APODI, BR","  80.3","21","  71.8","15","1015.0","19","011.3","21","999.9"," 0","  5.6","21"," 11.8"," 18.1","  93.2"," ","  72.9"," "," 0.00","I","999.9","000000"
"81836099999","2023-06-02","-5.1166666","-36.7166666","5.5","APODI, BR","  81.3","24","  71.5","18","1013.6","22","010.0","24","999.9"," 0","  6.5","24"," 12.4"," 20.2","  94.1","*","  71.8"," "," 0.00","I","999.9","000000"
"81836099999","2023-06-03","-5.1166666","-36.7166666","5.5","APODI, BR","  82.9","24","  66.4","20","1014.0","22","010.2","24","999.9"," 0","  7.1","24"," 10.5"," 22.0","  94.6"," ","  71.8"," "," 0.00","I","999.9","000000"
"81836099999","2023-06-04","-5.1166666","-36.7166666","5.5","APODI, BR","  82.3","24","  65.5","21","1015.0","22","011.2","24","999.9"," 0","  7.3","24"," 11.1"," 21.2","  95.5"," ","  69.4"," "," 0.00","I","999.9","000000"
"81836099999","2023-06-05","-5.1166666","-36.7166666","5.5","APODI, BR","  81.7","24","  67.4","24","1015.4","22","011.6","24","999.9"," 0","  6.8","24"," 10.5"," 21.2","  94.5"," ","  70.7"," "," 0.00","I","999.9","000000"
"81836099999","2023-06-06","-5.1166666","-36.7166666","5.5","APODI, BR","  81.7","23","  68.4","23","1015.2","21","011.5","23","999.9"," 0","  7.0","23"," 12.4"," 19.0","  92.1"," ","  75.4"," "," 0.00","I","999.9","000000"
"81836099999","2023-06-07","-5.1166666","-36.7166666","5.5","APODI, BR","  82.9","24","  70.6","22","1015.5","22","011.7","24","999.9"," 0","  6.6","24"," 11.8"," 21.2","  92.8"," ","  74.3"," "," 0.00","I","999.9","000000"
"81836099999","2023-06-08","-5.1166666","-36.7166666","5.5","APODI, BR","  81.8","22","  70.8","22","1015.9","20","012.2","22","999.9"," 0","  7.0","22"," 12.0"," 19.8","  93.4"," ","  74.1"," "," 0.00","I","999.9","000000"
"81836099999","2023-06-09","-5.1166666","-36.7166666","5.5","APODI, BR","  79.0","24","  70.8","22","1016.1","22","012.3","24","999.9"," 0","  5.3","24","  9.7"," 18.5","  87.8"," ","  71.1","*"," 0.00","I","999.9","000000"
"81836099999","2023-06-10","-5.1166666","-36.7166666","5.5","APODI, BR","  80.8","24","  70.5","24","1015.9","22","012.3","24","999.9"," 0","  6.6","24"," 13.2"," 19.8","  92.1"," ","  73.0"," "," 0.00","I","999.9","000000"
"81836099999","2023-06-11","-5.1166666","-36.7166666","5.5","APODI, BR","  80.0","23","  68.4","21","1015.7","21","011.9","23","999.9"," 0","  6.2","23"," 14.8"," 24.5","  93.2"," ","  69.6"," "," 0.00","I","999.9","000000"
"81836099999","2023-06-12","-5.1166666","-36.7166666","5.5","APODI, BR","  80.6","24","  69.1","19","1015.7","22","012.0","24","999.9"," 0","  7.0","24"," 10.3"," 21.2","  91.2"," ","  70.3"," "," 0.00","I","999.9","000000"
"81836099999","2023-06-13","-5.1166666","-36.7166666","5.5","APODI, BR","  82.3","24","  63.3","20","1015.2","22","011.5","24","999.9"," 0","  7.5","24"," 13.2"," 24.7","  95.9"," ","  70.5"," "," 0.00","I","999.9","000000"
"81836099999","2023-06-14","-5.1166666","-36.7166666","5.5","APODI, BR","  78.0","23","  69.2","17","1015.0","21","011.3","23","999.9"," 0","  5.4","23","  9.7"," 21.6","  90.0"," ","  68.2"," "," 0.00","I","999.9","000000"
"81836099999","2023-06-15","-5.1166666","-36.7166666","5.5","APODI, BR","  76.0","20","9999.9"," 0","1015.6","18","011.8","20","999.9"," 0","  4.7","20","  9.1"," 22.0","  85.1"," ","  73.4"," "," 0.00","I","999.9","000000"
"81836099999","2023-06-16","-5.1166666","-36.7166666","5.5","APODI, BR","  79.3","24","  71.6","13","1014.8","22","011.1","24","999.9"," 0","  4.3","24","  6.6"," 16.3","  88.2"," ","  72.7"," "," 0.00","I","999.9","000000"
"81836099999","2023-06-17","-5.1166666","-36.7166666","5.5","APODI, BR","  80.5","24","  69.7","24","1015.3","22","011.5","24","999.9"," 0","  5.0","24","  8.9"," 18.8","  90.7"," ","  74.7"," "," 0.00","I","999.9","000000"
"81836099999","2023-06-18","-5.1166666","-36.7166666","5.5","APODI, BR","  79.6","18","  70.5","14","1015.5","17","011.7","18","999.9"," 0","  5.5","18","  9.3"," 19.4","  91.4"," ","  73.2"," "," 0.00","I","999.9","000000"
"81836099999","2023-06-19","-5.1166666","-36.7166666","5.5","APODI, BR","  82.0","24","  68.5","22","1015.7","22","011.9","24","999.9"," 0","  6.0","24"," 11.3"," 22.1","  93.2"," ","  73.6"," "," 0.00","I","999.9","000000"
"81836099999","2023-06-20","-5.1166666","-36.7166666","5.5","APODI, BR","  82.0","24","  66.2","21","1016.1","22","012.4","24","999.9"," 0","  6.5","24"," 10.5"," 20.4","  93.6"," ","  71.8"," "," 0.00","I","999.9","000000"
"81836099999","2023-06-21","-5.1166666","-36.7166666","5.5","APODI, BR","  80.7","24","  64.5","21","1016.0","22","012.3","24","999.9"," 0","  6.6","24"," 11.3"," 21.4","  92.5"," ","  71.1"," "," 0.00","I","999.9","000000"
"81836099999","2023-06-22","-5.1166666","-36.7166666","5.5","APODI, BR","  80.6","23","  66.5","23","1015.9","21","012.2","23","999.9"," 0","  7.7","23"," 13.4"," 24.3","  92.3"," ","  69.8"," "," 0.00","I","999.9","000000"
"81836099999","2023-06-23","-5.1166666","-36.7166666","5.5","APODI, BR","  80.6","24","  67.9","22","1015.0","22","011.3","24","999.9"," 0","  7.8","24"," 11.7"," 23.9","  92.5"," ","  69.8"," "," 0.00","I","999.9","000000"
"81836099999","2023-06-24","-5.1166666","-36.7166666","5.5","APODI, BR","  76.8","14","  69.1","14","1015.9","12","012.0","14","999.9"," 0","  5.8","14"," 13.8"," 26.0","  87.1"," ","  72.0"," "," 0.00","I","999.9","000000"
"81836099999","2023-06-25","-5.1166666","-36.7166666","5.5","APODI, BR","  85.2"," 5","  64.1"," 5","1014.3"," 5","010.4"," 5","999.9"," 0","  8.7"," 5"," 11.3"," 22.7","  93.7"," ","  77.0"," "," 0.00","I","999.9","000000"
"81836099999","2023-06-26","-5.1166666","-36.7166666","5.5","APODI, BR","  78.9","24","  68.4","24","1015.4","22","011.7","24","999.9"," 0","  6.6","24"," 12.2"," 21.8","  90.7"," ","  70.5"," "," 0.00","I","999.9","000000"
"81836099999","2023-06-27","-5.1166666","-36.7166666","5.5","APODI, BR","  78.8","24","  68.2","24","1015.7","22","012.0","24","999.9"," 0","  5.3","24","  9.5"," 18.6","  88.0"," ","  70.7"," "," 0.00","I","999.9","000000"
"81836099999","2023-06-28","-5.1166666","-36.7166666","5.5","APODI, BR","  78.0","24","  68.5","21","1015.5","21","011.7","24","999.9"," 0","  6.2","24"," 12.4"," 28.6","  89.2"," ","  73.4"," "," 0.00","I","999.9","000000"
"81836099999","2023-06-29","-5.1166666","-36.7166666","5.5","APODI, BR","  78.3","21","  70.9","14","1016.6","19","012.9","21","999.9"," 0","  4.6","21","  8.7"," 16.5","  91.6"," ","  72.3"," "," 0.00","I","999.9","000000"
"81836099999","2023-06-30","-5.1166666","-36.7166666","5.5","APODI, BR","  78.9","22","  70.2","15","1016.2","21","012.4","22","999.9"," 0","  5.3","22","  9.3"," 20.6","  91.2"," ","  71.8"," "," 0.00","I","999.9","000000"
"81836099999","2023-07-01","-5.1166666","-36.7166666","5.5","APODI, BR","  80.0","24","  68.1","23","1015.7","22","012.0","24","999.9"," 0","  4.9","24","  8.5"," 17.7","  90.7"," ","  70.2"," "," 0.00","I","999.9","000000"
"81836099999","2023-07-02","-5.1166666","-36.7166666","5.5","APODI, BR","  79.3","24","  69.4","19","1015.0","22","011.2","24","999.9"," 0","  6.2","24"," 11.1"," 16.9","  89.6"," ","  69.6"," "," 0.00","I","999.9","000000"
"81836099999","2023-07-03","-5.1166666","-36.7166666","5.5","APODI, BR","  80.5","24","  70.4","19","1014.8","22","011.1","24","999.9"," 0","  6.6","24"," 11.5"," 22.7","  93.0"," ","  70.3"," "," 0.00","I","999.9","000000"
"81836099999","2023-07-04","-5.1166666","-36.7166666","5.5","APODI, BR","  82.7","24","  64.3","24","1015.7","22","012.0","24","999.9"," 0","  9.0","24"," 13.6"," 25.3","  95.2"," ","  69.8"," "," 0.00","I","999.9","000000"
"81836099999","2023-07-05","-5.1166666","-36.7166666","5.5","APODI, BR","  81.7","23","  63.6","23","1016.6","21","012.8","23","999.9"," 0","  9.2","23"," 13.8"," 26.0","  94.1"," ","  69.4"," "," 0.00","I","999.9","000000"
"81836099999","2023-07-06","-5.1166666","-36.7166666","5.5","APODI, BR","  77.0","23","  66.9","20","1015.9","21","012.2","23","999.9"," 0","  6.6","23"," 11.5"," 25.8","  87.6"," ","  68.9"," "," 0.00","I","999.9","000000"
"81836099999","2023-07-07","-5.1166666","-36.7166666","5.5","APODI, BR","  78.6","24","  69.6","15","1015.6","22","011.9","24","999.9"," 0","  5.5","24"," 12.0"," 16.9","  89.4"," ","  70.7"," "," 0.00","I","999.9","000000"
"81836099999","2023-07-08","-5.1166666","-36.7166666","5.5","APODI, BR","  79.0","24","  70.9","18","1015.1","22","011.3","24","999.9"," 0","  5.7","24"," 13.8"," 26.4","  89.2"," ","  70.9"," "," 0.00","I","999.9","000000"
"81836099999","2023-07-09","-5.1166666","-36.7166666","5.5","APODI, BR","  79.3","24","  70.1","13","1016.2","22","012.3","24","999.9"," 0","  6.5","24"," 13.4"," 21.4","  88.7"," ","  72.0","*"," 0.00","I","999.9","000000"
"81836099999","2023-07-10","-5.1166666","-36.7166666","5.5","APODI, BR","  80.3","24","  67.5","18","1016.6","22","012.8","24","999.9"," 0","  6.9","24"," 14.0"," 20.6","  91.4"," ","  71.6"," "," 0.00","I","999.9","000000"
"81836099999","2023-07-11","-5.1166666","-36.7166666","5.5","APODI, BR","  80.8","24","  64.5","20","1014.9","22","011.3","24","999.9"," 0","  6.9","24"," 10.3"," 20.2","  94.8"," ","  68.2"," "," 0.00","I","999.9","000000"
"81836099999","2023-07-12","-5.1166666","-36.7166666","5.5","APODI, BR","  82.1","24","  64.3","24","1012.9","22","009.2","24","999.9"," 0","  8.3","24"," 10.7"," 23.1","  94.1"," ","  72.0"," "," 0.00","I","999.9","000000"
"81836099999","2023-07-13","-5.1166666","-36.7166666","5.5","APODI, BR","  80.2","22","  68.7","18","1013.6","20","009.7","22","999.9"," 0","  7.7","22"," 13.4"," 22.0","  93.4"," ","  69.4"," "," 0.00","I","999.9","000000"
"81836099999","2023-07-14","-5.1166666","-36.7166666","5.5","APODI, BR","  79.8","24","  69.4","20","1014.4","22","010.6","24","999.9"," 0","  7.9","24"," 15.0"," 24.3","  90.7"," ","  69.6"," "," 0.00","I","999.9","000000"
"81836099999","2023-07-15","-5.1166666","-36.7166666","5.5","APODI, BR","  79.7","23","  70.5","17","1014.7","21","011.0","23","999.9"," 0","  7.6","23"," 14.4"," 23.1","  90.7"," ","  70.5"," "," 0.00","I","999.9","000000"
"81836099999","2023-07-16","-5.1166666","-36.7166666","5.5","APODI, BR","  82.3","24","  65.7","21","1015.7","22","011.9","24","999.9"," 0","  7.5","24"," 13.6"," 28.9","  95.7"," ","  72.5"," "," 0.00","I","999.9","000000"
"81836099999","2023-07-17","-5.1166666","-36.7166666","5.5","APODI, BR","  81.8","24","  64.0","24","1016.8","22","012.9","24","999.9"," 0","  9.4","24"," 12.6"," 26.2","  93.7"," ","  72.7"," "," 0.00","I","999.9","000000"
"81836099999","2023-07-18","-5.1166666","-36.7166666","5.5","APODI, BR","  78.7","24","  66.4","24","1018.5","22","014.6","24","999.9"," 0","  7.9","24"," 12.8"," 26.2","  89.6"," ","  69.8"," "," 0.00","I","999.9","000000"
"81836099999","2023-07-19","-5.1166666","-36.7166666","5.5","APODI, BR","  81.8","24","  65.5","24","1018.8","22","015.0","24","999.9"," 0","  8.6","24"," 12.6"," 24.5","  91.6"," ","  75.4"," "," 0.00","I","999.9","000000"
"81836099999","2023-07-20","-5.1166666","-36.7166666","5.5","APODI, BR","  81.0","24","  61.6","24","1018.8","22","015.0","24","999.9"," 0","  9.6","24"," 15.7"," 29.3","  93.6"," ","  70.2"," "," 0.00","I","999.9","000000"
"81836099999","2023-07-21","-5.1166666","-36.7166666","5.5","APODI, BR","  79.9","24","  60.9","24","1018.2","22","014.5","24","999.9"," 0","  7.8","24"," 13.6"," 24.1","  93.9"," ","  67.5"," "," 0.00","I","999.9","000000"
"81836099999","2023-07-22","-5.1166666","-36.7166666","5.5","APODI, BR","  82.3","24","  62.0","24","1017.4","22","013.7","24","999.9"," 0","  7.9","24"," 12.4"," 23.1","  92.5"," ","  73.6"," "," 0.00","I","999.9","000000"
"81836099999","2023-07-23","-5.1166666","-36.7166666","5.5","APODI, BR","  82.4","24","  61.5","24","1017.7","22","013.9","24","999.9"," 0","  7.7","24"," 12.2"," 23.3","  92.7"," ","  70.5"," "," 0.00","I","999.9","000000"
"81836099999","2023-07-24","-5.1166666","-36.7166666","5.5","APODI, BR","  82.2","23","  61.6","23","1017.0","20","013.4","23","999.9"," 0","  8.4","23"," 12.0"," 23.3","  93.6"," ","  73.8"," "," 0.00","I","999.9","000000"
"81836099999","2023-07-25","-5.1166666","-36.7166666","5.5","APODI, BR","  82.7","24","  61.4","24","1015.6","21","012.1","24","999.9"," 0","  8.6","24"," 13.2"," 26.2","  96.4"," ","  70.3"," "," 0.00","I","999.9","000000"
"81836099999","2023-07-26","-5.1166666","-36.7166666","5.5","APODI, BR","  83.1","24","  60.7","24","1015.4","22","011.7","24","999.9"," 0","  8.6","24"," 14.4"," 25.3","  95.7"," ","  69.8"," "," 0.00","I","999.9","000000"
"81836099999","2023-07-27","-5.1166666","-36.7166666","5.5","APODI, BR","  81.6","23","  66.2","23","1016.5","21","012.7","23","999.9"," 0","  7.7","23"," 12.2"," 22.1","  93.9"," ","  71.8"," "," 0.00","I","999.9","000000"
"81836099999","2023-07-28","-5.1166666","-36.7166666","5.5","APODI, BR","  83.1","24","  65.4","23","1016.5","22","012.8","24","999.9"," 0","  8.5","24"," 12.2"," 24.7","  96.3"," ","  71.8"," "," 0.00","I","999.9","000000"
"81836099999","2023-07-29","-5.1166666","-36.7166666","5.5","APODI, BR","  81.3","24","  64.1","24","1017.1","22","013.3","24","999.9"," 0","  8.3","24"," 13.2"," 24.7","  95.9"," ","  69.6"," "," 0.00","I","999.9","000000"
"81836099999","2023-07-30","-5.1166666","-36.7166666","5.5","APODI, BR","  82.8","24","  65.8","24","1017.6","22","013.8","24","999.9"," 0","  9.2","24"," 12.4"," 23.9","  93.7"," ","  73.9"," "," 0.00","I","999.9","000000"
"81836099999","2023-07-31","-5.1166666","-36.7166666","5.5","APODI, BR","  83.2","24","  62.1","24","1017.9","22","014.1","24","999.9"," 0","  8.9","24"," 13.4"," 25.8","  97.2"," ","  71.2"," "," 0.00","I","999.9","000000"
"81836099999","2023-08-01","-5.1166666","-36.7166666","5.5","APODI, BR","  80.4","24","  64.8","24","1017.9","22","014.1","24","999.9"," 0","  7.7","24"," 14.6"," 21.8","  93.9"," ","  67.8"," "," 0.00","I","999.9","000000"
"81836099999","2023-08-02","-5.1166666","-36.7166666","5.5","APODI, BR","  82.0","24","  67.2","24","1017.3","22","013.6","24","999.9"," 0","  8.2","24"," 13.6"," 22.5","  93.6"," ","  71.6"," "," 0.00","I","999.9","000000"
"81836099999","2023-08-03","-5.1166666","-36.7166666","5.5","APODI, BR","  82.3","24","  65.1","24","1016.3","22","012.6","24","999.9"," 0","  9.0","24"," 13.0"," 25.4","  93.0"," ","  73.0"," "," 0.00","I","999.9","000000"
"81836099999","2023-08-04","-5.1166666","-36.7166666","5.5","APODI, BR","  79.5","21","  63.0","21","1016.6","19","012.8","21","999.9"," 0","  8.1","21"," 13.2"," 24.9","  93.7"," ","  69.1"," "," 0.00","I","999.9","000000"
"81836099999","2023-08-05","-5.1166666","-36.7166666","5.5","APODI, BR","  80.9","24","  65.9","24","1017.7","22","013.9","24","999.9"," 0","  7.6","24"," 16.9"," 24.9","  94.6"," ","  69.4"," "," 0.00","I","999.9","000000"
"81836099999","2023-08-06","-5.1166666","-36.7166666","5.5","APODI, BR","  84.0","24","  63.4","24","1017.8","22","014.0","24","999.9"," 0","  9.6","24"," 13.2"," 27.0","  97.3"," ","  73.9"," "," 0.00","I","999.9","000000"
"81836099999","2023-08-07","-5.1166666","-36.7166666","5.5","APODI, BR","  81.4","21","  66.0","21","1018.3","19","014.6","21","999.9"," 0","  9.5","21"," 14.2"," 27.4","  92.3"," ","  73.0"," "," 0.00","I","999.9","000000"
"81836099999","2023-08-08","-5.1166666","-36.7166666","5.5","APODI, BR","  79.8","24","  66.3","24","1018.1","22","014.4","24","999.9"," 0","  6.1","24"," 11.1"," 23.5","  90.9"," ","  69.8"," "," 0.00","I","999.9","000000"
"81836099999","2023-08-09","-5.1166666","-36.7166666","5.5","APODI, BR","  79.5","24","  68.0","24","1017.3","22","013.6","24","999.9"," 0","  8.1","24"," 12.6"," 25.6","  89.6"," ","  73.4"," "," 0.00","I","999.9","000000"
"81836099999","2023-08-10","-5.1166666","-36.7166666","5.5","APODI, BR","  80.5","22","  63.9","19","1015.0","20","012.2","22","999.9"," 0","  7.7","22"," 12.2"," 25.8","  94.5"," ","  69.3"," "," 0.00","I","999.9","000000"
"81836099999","2023-08-11","-5.1166666","-36.7166666","5.5","APODI, BR","  81.6","24","  62.3","24","1013.7","22","011.6","24","999.9"," 0","  9.0","24"," 14.2"," 24.9","  95.9"," ","  70.0"," "," 0.00","I","999.9","000000"
"81836099999","2023-08-12","-5.1166666","-36.7166666","5.5","APODI, BR","  81.2","24","  63.9","24","1013.3","22","011.3","24","999.9"," 0","  8.0","24"," 14.2"," 23.1","  96.4"," ","  69.3"," "," 0.00","I","999.9","000000"
"81836099999","2023-08-13","-5.1166666","-36.7166666","5.5","APODI, BR","  81.8","24","  64.1","24","1012.2","22","010.2","24","999.9"," 0","  7.0","24"," 11.8"," 25.6","  95.9"," ","  68.9"," "," 0.00","I","999.9","000000"
"81836099999","2023-08-14","-5.1166666","-36.7166666","5.5","APODI, BR","  81.3","24","  62.8","24","1012.4","22","010.2","24","999.9"," 0","  8.7","24"," 18.5"," 34.2","  97.3"," ","  69.4"," "," 0.00","I","999.9","000000"
"81836099999","2023-08-15","-5.1166666","-36.7166666","5.5","APODI, BR","  82.8","24","  59.4","24","1012.5","22","010.4","24","999.9"," 0","  9.7","24"," 13.8"," 27.6","  96.3"," ","  70.5"," "," 0.00","I","999.9","000000"
"81836099999","2023-08-16","-5.1166666","-36.7166666","5.5","APODI, BR","  82.3","24","  59.6","24","1013.6","22","011.4","24","999.9"," 0","  9.1","24"," 12.8"," 24.9","  95.9"," ","  69.3"," "," 0.00","I","999.9","000000"
"81836099999","2023-08-17","-5.1166666","-36.7166666","5.5","APODI, BR","  82.1","23","  61.0","23","1013.1","21","011.2","23","999.9"," 0","  8.4","23"," 11.8"," 25.4","  94.8"," ","  69.1"," "," 0.00","I","999.9","000000"
"81836099999","2023-08-18","-5.1166666","-36.7166666","5.5","APODI, BR","  81.2","24","  66.0","24","1011.7","21","009.9","24","999.9"," 0","  9.0","24"," 14.6"," 23.3","  94.5"," ","  70.2"," "," 0.00","I","999.9","000000"
"81836099999","2023-08-19","-5.1166666","-36.7166666","5.5","APODI, BR","  77.3","24","  69.5","19","1012.5","22","010.3","24","999.9"," 0","  6.1","24"," 10.7"," 22.0","  85.8"," ","  74.1"," "," 0.00","I","999.9","000000"
"81836099999","2023-08-20","-5.1166666","-36.7166666","5.5","APODI, BR","  76.8","23","  71.7","12","1012.4","21","010.4","23","999.9"," 0","  5.5","23"," 10.3"," 17.9","  85.5"," ","  70.2","*"," 0.00","I","999.9","000000"
"81836099999","2023-08-21","-5.1166666","-36.7166666","5.5","APODI, BR","  82.1","24","  67.0","20","1011.4","22","009.4","24","999.9"," 0","  8.2","24"," 12.8"," 24.9","  95.5"," ","  72.1"," "," 0.00","I","999.9","000000"
"81836099999","2023-08-22","-5.1166666","-36.7166666","5.5","APODI, BR","  79.9","24","  68.3","23","1011.7","22","009.6","24","999.9"," 0","  8.0","24"," 16.3"," 26.2","  90.0"," ","  70.9"," "," 0.00","I","999.9","000000"
"81836099999","2023-08-23","-5.1166666","-36.7166666","5.5","APODI, BR","  79.9","24","  68.5","23","1011.9","22","009.8","24","999.9"," 0","  7.4","24"," 15.2"," 21.4","  92.3"," ","  71.2"," "," 0.00","I","999.9","000000"
"81836099999","2023-08-24","-5.1166666","-36.7166666","5.5","APODI, BR","  80.9","22","  67.6","18","1011.3","20","009.2","22","999.9"," 0","  7.3","22"," 12.8"," 21.8","  96.1"," ","  69.4"," "," 0.00","I","999.9","000000"
"81836099999","2023-08-25","-5.1166666","-36.7166666","5.5","APODI, BR","  81.5","24","  66.4","24","1011.9","22","009.9","24","999.9"," 0","  8.9","24"," 15.5"," 25.1","  94.5"," ","  72.3"," "," 0.00","I","999.9","000000"
"81836099999","2023-08-26","-5.1166666","-36.7166666","5.5","APODI, BR","  79.2","24","  69.3","20","1012.2","22","010.1","24","999.9"," 0","  8.5","24"," 14.2"," 23.1","  90.0"," ","  68.2"," "," 0.00","I","999.9","000000"
"81836099999","2023-08-27","-5.1166666","-36.7166666","5.5","APODI, BR","  80.2","23","  71.9","17","1013.3","21","011.1","23","999.9"," 0","  7.6","23"," 13.8"," 19.6","  89.8"," ","  71.2"," "," 0.00","I","999.9","000000"
"81836099999","2023-08-28","-5.1166666","-36.7166666","5.5","APODI, BR","  80.5","24","  70.7","20","1014.8","22","012.7","24","999.9"," 0","  7.4","24"," 13.6"," 20.8","  91.4"," ","  72.5"," "," 0.00","I","999.9","000000"
"81836099999","2023-08-29","-5.1166666","-36.7166666","5.5","APODI, BR","  80.7","23","  70.6","22","1015.2","21","013.1","23","999.9"," 0","  8.3","23"," 14.6"," 22.5","  89.2"," ","  72.5"," "," 0.00","I","999.9","000000"
"81836099999","2023-08-30","-5.1166666","-36.7166666","5.5","APODI, BR","  82.3","23","  69.4","20","1013.4","21","011.4","23","999.9"," 0","  8.4","23"," 14.6"," 24.7","  95.9"," ","  71.1"," "," 0.00","I","999.9","000000"
"81836099999","2023-08-31","-5.1166666","-36.7166666","5.5","APODI, BR","  79.7","21","  67.2","18","1013.7","19","011.6","21","999.9"," 0","  8.7","21"," 15.0"," 25.8","  93.2"," ","  69.1"," "," 0.00","I","999.9","000000"
"81836099999","2023-09-01","-5.1166666","-36.7166666","5.5","APODI, BR","  80.8","24","  66.9","21","1014.7","22","012.5","24","999.9"," 0","  8.9","24"," 15.9"," 24.7","  91.0"," ","  71.1"," "," 0.00","I","999.9","000000"
"81836099999","2023-09-02","-5.1166666","-36.7166666","5.5","APODI, BR","  82.6","24","  65.4","24","1014.0","22","012.0","24","999.9"," 0","  9.3","24"," 14.8"," 26.4","  95.7"," ","  72.0"," "," 0.00","I","999.9","000000"
"81836099999","2023-09-03","-5.1166666","-36.7166666","5.5","APODI, BR","  83.3","24","  64.1","24","1013.7","22","011.7","24","999.9"," 0","  9.2","24"," 13.6"," 25.6","  96.3"," ","  72.3"," "," 0.00","I","999.9","000000"
"81836099999","2023-09-04","-5.1166666","-36.7166666","5.5","APODI, BR","  83.5","24","  62.2","24","1014.3","22","012.2","24","999.9"," 0","  9.2","24"," 13.6"," 29.3","  96.6"," ","  72.7"," "," 0.00","I","999.9","000000"
"81836099999","2023-09-05","-5.1166666","-36.7166666","5.5","APODI, BR","  82.6","23","  63.8","23","1014.5","21","012.5","23","999.9"," 0","  8.7","23"," 13.6"," 28.6","  96.8"," ","  72.3"," "," 0.00","I","999.9","000000"
"81836099999","2023-09-06","-5.1166666","-36.7166666","5.5","APODI, BR","  81.5","24","  65.2","24","1014.2","22","012.2","24","999.9"," 0"," 10.5","24"," 16.5"," 27.6","  93.7"," ","  71.1"," "," 0.00","I","999.9","000000"
"81836099999","2023-09-07","-5.1166666","-36.7166666","5.5","APODI, BR","  81.5","22","  65.3","22","1014.0","20","011.9","22","999.9"," 0","  9.5","22"," 14.6"," 25.6","  97.9"," ","  70.0"," "," 0.00","I","999.9","000000"
"81836099999","2023-09-08","-5.1166666","-36.7166666","5.5","APODI, BR","  81.2","24","  65.8","24","1014.1","22","012.0","24","999.9"," 0","  9.9","24"," 12.8"," 25.1","  91.2"," ","  73.9"," "," 0.00","I","999.9","000000"
"81836099999","2023-09-09","-5.1166666","-36.7166666","5.5","APODI, BR","  82.3","24","  63.3","24","1014.3","22","012.3","24","999.9"," 0","  9.9","24"," 13.6"," 26.6","  97.2"," ","  71.4"," "," 0.00","I","999.9","000000"
"81836099999","2023-09-10","-5.1166666","-36.7166666","5.5","APODI, BR","  81.3","24","  65.3","24","1014.6","22","012.5","24","999.9"," 0","  9.4","24"," 14.4"," 26.2","  92.1"," ","  71.1"," "," 0.00","I","999.9","000000"
"81836099999","2023-09-11","-5.1166666","-36.7166666","5.5","APODI, BR","  81.9","24","  63.8","24","1014.0","22","012.0","24","999.9"," 0","  9.5","24"," 14.0"," 26.4","  95.0"," ","  72.7"," "," 0.00","I","999.9","000000"
"81836099999","2023-09-12","-5.1166666","-36.7166666","5.5","APODI, BR","  81.2","24","  64.4","24","1013.7","22","011.6","24","999.9"," 0","  8.1","24"," 12.8"," 27.4","  95.7"," ","  69.8"," "," 0.00","I","999.9","000000"
"81836099999","2023-09-13","-5.1166666","-36.7166666","5.5","APODI, BR","  83.6","24","  64.1","21","1013.1","22","011.1","24","999.9"," 0","  9.3","24"," 14.2"," 25.4","  97.5"," ","  72.9","*"," 0.00","I","999.9","000000"
"81836099999","2023-09-14","-5.1166666","-36.7166666","5.5","APODI, BR","  82.4","22","  65.3","22","1012.6","20","010.5","22","999.9"," 0","  8.8","22"," 11.7"," 22.9","  95.5"," ","  71.4"," "," 0.00","I","999.9","000000"
"81836099999","2023-09-15","-5.1166666","-36.7166666","5.5","APODI, BR","  82.2","24","  66.9","24","1013.0","22","011.0","24","999.9"," 0"," 10.5","24"," 15.3"," 25.6","  95.2"," ","  71.8"," "," 0.00","I","999.9","000000"
"81836099999","2023-09-16","-5.1166666","-36.7166666","5.5","APODI, BR","  82.4","24","  64.3","24","1013.9","22","011.8","24","999.9"," 0","  8.7","24"," 13.6"," 22.9","  95.9"," ","  69.8"," "," 0.00","I","999.9","000000"
"81836099999","2023-09-17","-5.1166666","-36.7166666","5.5","APODI, BR","  83.0","24","  64.1","24","1013.0","22","011.0","24","999.9"," 0","  8.7","24"," 12.4"," 25.4","  97.7"," ","  69.1"," "," 0.00","I","999.9","000000"
"81836099999","2023-09-18","-5.1166666","-36.7166666","5.5","APODI, BR","  81.8","24","  66.7","24","1012.6","22","010.6","24","999.9"," 0","  8.1","24"," 11.7"," 26.2","  92.7"," ","  71.4"," "," 0.00","I","999.9","000000"
"81836099999","2023-09-19","-5.1166666","-36.7166666","5.5","APODI, BR","  80.2","15","  66.5","15","1012.5","13","010.5","15","999.9"," 0","  8.2","15"," 11.5"," 21.6","  89.6"," ","  73.8"," "," 0.00","I","999.9","000000"
"81836099999","2023-09-20","-5.1166666","-36.7166666","5.5","APODI, BR","  85.4","22","  65.1","22","1011.7","22","009.5","22","999.9"," 0"," 10.2","22"," 14.2"," 26.0","  97.2"," ","  76.5"," "," 0.00","I","999.9","000000"
"81836099999","2023-09-21","-5.1166666","-36.7166666","5.5","APODI, BR","  82.3","24","  65.1","24","1012.1","22","010.0","24","999.9"," 0"," 10.1","24"," 15.7"," 28.4","  95.5"," ","  70.7"," "," 0.00","I","999.9","000000"
"81836099999","2023-09-22","-5.1166666","-36.7166666","5.5","APODI, BR","  80.9","24","  65.4","24","1012.5","22","010.4","24","999.9"," 0","  8.7","24"," 13.8"," 29.5","  94.1"," ","  70.5"," "," 0.00","I","999.9","000000"
"81836099999","2023-09-23","-5.1166666","-36.7166666","5.5","APODI, BR","  81.3","24","  67.8","23","1013.0","22","010.9","24","999.9"," 0","  8.9","24"," 15.7"," 23.3","  90.1"," ","  73.8"," "," 0.00","I","999.9","000000"
"81836099999","2023-09-24","-5.1166666","-36.7166666","5.5","APODI, BR","  82.0","24","  69.4","22","1012.5","22","010.5","24","999.9"," 0","  9.1","24"," 15.2"," 25.1","  93.6"," ","  71.2"," "," 0.00","I","999.9","000000"
"81836099999","2023-09-25","-5.1166666","-36.7166666","5.5","APODI, BR","  81.9","24","  68.4","21","1011.8","22","009.8","24","999.9"," 0","  9.1","24"," 14.8"," 24.1","  95.2"," ","  70.9"," "," 0.00","I","999.9","000000"
"81836099999","2023-09-26","-5.1166666","-36.7166666","5.5","APODI, BR","  81.2","24","  68.0","21","1011.5","22","009.5","24","999.9"," 0"," 10.0","24"," 17.7"," 30.5","  91.2"," ","  70.9"," "," 0.00","I","999.9","000000"
"81836099999","2023-09-27","-5.1166666","-36.7166666","5.5","APODI, BR","  80.7","24","  66.1","24","1012.6","22","010.5","24","999.9"," 0","  9.1","24"," 17.5"," 26.8","  91.2"," ","  70.0"," "," 0.00","I","999.9","000000"
"81836099999","2023-09-28","-5.1166666","-36.7166666","5.5","APODI, BR","  78.5","20","  66.6","18","1012.2","18","010.2","20","999.9"," 0","  6.9","20"," 13.6"," 21.2","  92.5"," ","  69.4"," "," 0.00","I","999.9","000000"
"81836099999","2023-09-29","-5.1166666","-36.7166666","5.5","APODI, BR","  79.5","23","  67.7","20","1012.5","21","010.4","23","999.9"," 0","  8.6","23"," 15.7"," 23.5","  91.4"," ","  68.4"," "," 0.00","I","999.9","000000"
"81836099999","2023-09-30","-5.1166666","-36.7166666","5.5","APODI, BR","  85.4","24","  62.8","24","1011.6","22","009.6","24","999.9"," 0"," 10.2","24"," 14.0"," 27.2","  99.5"," ","  75.6"," "," 0.00","I","999.9","000000"
"81836099999","2023-10-01","-5.1166666","-36.7166666","5.5","APODI, BR","  82.9","24","  65.7","24","1011.6","22","009.5","24","999.9"," 0"," 10.4","24"," 16.5"," 25.8","  97.9"," ","  73.2"," "," 0.00","I","999.9","000000"
"81836099999","2023-10-02","-5.1166666","-36.7166666","5.5","APODI, BR","  82.1","24","  67.3","24","1011.2","22","009.2","24","999.9"," 0","  9.5","24"," 16.7"," 24.7","  95.2"," ","  72.1"," "," 0.00","I","999.9","000000"
"81836099999","2023-10-03","-5.1166666","-36.7166666","5.5","APODI, BR","  80.7","23","  68.4","23","1011.3","21","009.2","23","999.9"," 0"," 10.2","23"," 18.1"," 30.3","  90.3"," ","  71.4"," "," 0.00","I","999.9","000000"
"81836099999","2023-10-04","-5.1166666","-36.7166666","5.5","APODI, BR","  80.5","23","  66.7","22","1011.2","21","009.1","23","999.9"," 0","  9.8","23"," 18.5"," 28.9","  91.4","*","  70.2","*"," 0.00","I","999.9","000000"
"81836099999","2023-10-05","-5.1166666","-36.7166666","5.5","APODI, BR","  81.0","19","  65.3","19","1012.0","17","009.9","19","999.9"," 0","  8.5","19"," 16.3"," 27.0","  97.5"," ","  69.8"," "," 0.00","I","999.9","000000"
"81836099999","2023-10-06","-5.1166666","-36.7166666","5.5","APODI, BR","  82.8","24","  68.1","24","1012.4","22","010.3","24","999.9"," 0","  9.7","24"," 14.6"," 27.4","  93.6"," ","  74.5"," "," 0.00","I","999.9","000000"
"81836099999","2023-10-07","-5.1166666","-36.7166666","5.5","APODI, BR","  83.0","24","  67.3","24","1013.6","22","011.5","24","999.9"," 0","  9.3","24"," 18.1"," 28.6","  93.0"," ","  72.3"," "," 0.00","I","999.9","000000"
"81836099999","2023-10-08","-5.1166666","-36.7166666","5.5","APODI, BR","  83.8","24","  66.6","24","1013.8","22","011.7","24","999.9"," 0","  9.3","24"," 15.2"," 26.4","  97.2"," ","  74.5"," "," 0.00","I","999.9","000000"
"81836099999","2023-10-09","-5.1166666","-36.7166666","5.5","APODI, BR","  83.4","24","  66.3","24","1012.8","22","010.8","24","999.9"," 0","  9.7","24"," 16.3"," 25.6","  97.2"," ","  71.8"," "," 0.00","I","999.9","000000"
"81836099999","2023-10-10","-5.1166666","-36.7166666","5.5","APODI, BR","  81.8","23","  66.1","23","1012.8","21","010.7","23","999.9"," 0"," 10.1","23"," 17.1"," 28.0","  95.0"," ","  71.1"," "," 0.00","I","999.9","000000"
"81836099999","2023-10-11","-5.1166666","-36.7166666","5.5","APODI, BR","  82.9","22","  65.9","22","1012.4","20","010.4","22","999.9"," 0","  9.4","22"," 14.2"," 26.2","  95.9"," ","  73.6"," "," 0.00","I","999.9","000000"
"81836099999","2023-10-12","-5.1166666","-36.7166666","5.5","APODI, BR","  82.8","22","  67.9","22","1011.7","20","009.7","22","999.9"," 0","  9.9","22"," 16.1"," 25.4","  95.7"," ","  74.7"," "," 0.00","I","999.9","000000"
"81836099999","2023-10-13","-5.1166666","-36.7166666","5.5","APODI, BR","  83.7","24","  68.7","24","1012.6","22","010.5","24","999.9"," 0"," 10.3","24"," 17.7"," 29.7","  96.1"," ","  73.9"," "," 0.00","I","999.9","000000"
"81836099999","2023-10-14","-5.1166666","-36.7166666","5.5","APODI, BR","  84.1","24","  67.6","24","1012.7","22","010.6","24","999.9"," 0"," 10.4","24"," 18.1"," 30.1","  98.6"," ","  75.6","*"," 0.00","I","999.9","000000"
"81836099999","2023-10-15","-5.1166666","-36.7166666","5.5","APODI, BR","  85.0","24","  63.7","24","1013.4","22","011.4","24","999.9"," 0"," 10.2","24"," 16.5"," 28.7","  98.4"," ","  74.1"," "," 0.00","I","999.9","000000"
"81836099999","2023-10-16","-5.1166666","-36.7166666","5.5","APODI, BR","  82.7","24","  63.9","24","1012.4","22","010.4","24","999.9"," 0"," 10.1","24"," 15.2"," 25.1","  95.2"," ","  74.3"," "," 0.00","I","999.9","000000"
"81836099999","2023-10-17","-5.1166666","-36.7166666","5.5","APODI, BR","  81.5","22","  62.5","22","1011.8","20","009.8","22","999.9"," 0","  9.1","22"," 16.9"," 27.0","  96.6"," ","  68.7"," "," 0.00","I","999.9","000000"
"81836099999","2023-10-18","-5.1166666","-36.7166666","5.5","APODI, BR","  81.0","24","  65.0","24","1012.3","22","010.3","24","999.9"," 0","  9.7","24"," 15.7"," 26.2","  95.0"," ","  70.3"," "," 0.00","I","999.9","000000"
"81836099999","2023-10-19","-5.1166666","-36.7166666","5.5","APODI, BR","  81.4","24","  67.9","24","1012.7","22","010.6","24","999.9"," 0","  9.0","24"," 14.8"," 22.5","  90.1"," ","  73.8"," "," 0.00","I","999.9","000000"
"81836099999","2023-10-20","-5.1166666","-36.7166666","5.5","APODI, BR","  82.5","24","  68.4","24","1012.0","22","010.0","24","999.9"," 0","  9.5","24"," 16.1"," 28.9","  95.2"," ","  73.0"," "," 0.00","I","999.9","000000"
"81836099999","2023-10-21","-5.1166666","-36.7166666","5.5","APODI, BR","  83.3","24","  67.5","24","1011.6","22","009.7","24","999.9"," 0"," 10.1","24"," 16.7"," 28.4","  94.3"," ","  73.2"," "," 0.00","I","999.9","000000"
"81836099999","2023-10-22","-5.1166666","-36.7166666","5.5","APODI, BR","  82.4","24","  68.9","24","1012.2","22","010.1","24","999.9"," 0"," 10.1","24"," 16.7"," 28.7","  93.9"," ","  72.7"," "," 0.00","I","999.9","000000"
"81836099999","2023-10-23","-5.1166666","-36.7166666","5.5","APODI, BR","  81.9","23","  68.4","23","1012.2","21","010.2","23","999.9"," 0","  9.6","23"," 17.1"," 26.4","  92.7"," ","  75.0"," "," 0.00","I","999.9","000000"
"81836099999","2023-10-24","-5.1166666","-36.7166666","5.5","APODI, BR","  81.8","24","  67.7","24","1011.6","22","009.5","24","999.9"," 0","  9.3","24"," 17.1"," 28.2","  94.3"," ","  72.3"," "," 0.00","I","999.9","000000"
"81836099999","2023-10-25","-5.1166666","-36.7166666","5.5","APODI, BR","  80.7","24","  67.7","21","1010.8","22","008.8","24","999.9"," 0","  8.9","24"," 16.3"," 24.5","  92.8"," ","  69.1"," "," 0.00","I","999.9","000000"
"81836099999","2023-10-26","-5.1166666","-36.7166666","5.5","APODI, BR","  79.8","23","  68.4","22","1009.8","21","007.7","23","999.9"," 0","  8.7","23"," 16.5"," 26.0","  90.3"," ","  70.0"," "," 0.00","I","999.9","000000"
"81836099999","2023-10-27","-5.1166666","-36.7166666","5.5","APODI, BR","  81.8","23","  69.1","23","1009.9","21","007.9","23","999.9"," 0","  9.4","23"," 16.9"," 24.9","  91.8"," ","  73.4"," "," 0.00","I","999.9","000000"
"81836099999","2023-10-28","-5.1166666","-36.7166666","5.5","APODI, BR","  85.2","24","  64.6","24","1009.9","21","007.9","24","999.9"," 0","  9.7","24"," 14.0"," 27.8","  99.9"," ","  74.7"," "," 0.00","I","999.9","000000"
"81836099999","2023-10-29","-5.1166666","-36.7166666","5.5","APODI, BR","  84.6","24","  64.5","24","1009.9","22","007.9","24","999.9"," 0"," 10.1","24"," 15.7"," 27.4","  97.7"," ","  75.0"," "," 0.00","I","999.9","000000"
"81836099999","2023-10-30","-5.1166666","-36.7166666","5.5","APODI, BR","  82.5","24","  65.8","24","1009.9","22","007.8","24","999.9"," 0"," 10.2","24"," 15.7"," 25.3","  97.7"," ","  71.1"," "," 0.00","I","999.9","000000"
"81836099999","2023-10-31","-5.1166666","-36.7166666","5.5","APODI, BR","  82.2","24","  66.9","24","1009.5","22","007.4","24","999.9"," 0","  9.1","24"," 15.5"," 25.3","  95.5"," ","  72.1"," "," 0.00","I","999.9","000000"
"81836099999","2023-11-01","-5.1166666","-36.7166666","5.5","APODI, BR","  77.4","11","  68.7","11","1010.7"," 9","008.5","11","999.9"," 0","  5.8","11"," 11.3"," 21.8","  82.4"," ","  73.8"," "," 0.00","I","999.9","000000"
"81836099999","2023-11-02","-5.1166666","-36.7166666","5.5","APODI, BR","  85.2","13","  71.1","13","1010.8","13","008.7","13","999.9"," 0"," 11.9","13"," 15.2"," 22.5","  89.2"," ","  81.5"," "," 0.00","I","999.9","000000"
"81836099999","2023-11-03","-5.1166666","-36.7166666","5.5","APODI, BR","  82.6","24","  70.1","21","1011.2","22","009.1","24","999.9"," 0","  9.3","24"," 17.5"," 26.8","  92.3"," ","  74.1"," "," 0.00","I","999.9","000000"
"81836099999","2023-11-04","-5.1166666","-36.7166666","5.5","APODI, BR","  82.5","24","  70.3","22","1010.4","22","008.4","24","999.9"," 0","  9.3","24"," 15.9"," 24.5","  91.9"," ","  73.4"," "," 0.00","I","999.9","000000"
"81836099999","2023-11-05","-5.1166666","-36.7166666","5.5","APODI, BR","  81.8","24","  70.6","22","1010.1","22","008.0","24","999.9"," 0","  9.1","24"," 16.5"," 24.7","  90.9"," ","  72.9","*"," 0.00","I","999.9","000000"
"81836099999","2023-11-06","-5.1166666","-36.7166666","5.5","APODI, BR","  81.4","20","  69.8","20","1011.7","18","009.6","20","999.9"," 0","  7.9","20"," 14.6"," 25.3","  90.7"," ","  74.7"," "," 0.00","I","999.9","000000"
"81836099999","2023-11-07","-5.1166666","-36.7166666","5.5","APODI, BR","  82.4","24","  67.3","24","1011.5","22","009.5","24","999.9"," 0","  9.4","24"," 16.9"," 30.1","  93.2"," ","  72.0","*"," 0.00","I","999.9","000000"
"81836099999","2023-11-08","-5.1166666","-36.7166666","5.5","APODI, BR","  83.9","24","  67.2","24","1011.5","21","009.7","24","999.9"," 0","  9.8","24"," 16.1"," 29.5","  97.7"," ","  73.2"," "," 0.00","I","999.9","000000"
"81836099999","2023-11-09","-5.1166666","-36.7166666","5.5","APODI, BR","  84.7","24","  64.0","24","1012.1","22","010.0","24","999.9"," 0"," 10.7","24"," 16.5"," 27.4","  98.6"," ","  75.6"," "," 0.00","I","999.9","000000"
"81836099999","2023-11-10","-5.1166666","-36.7166666","5.5","APODI, BR","  83.8","23","  65.3","23","1012.6","20","010.7","23","999.9"," 0"," 10.1","23"," 18.3"," 29.1","  95.9"," ","  73.4"," "," 0.00","I","999.9","000000"
"81836099999","2023-11-11","-5.1166666","-36.7166666","5.5","APODI, BR","  82.3","24","  65.9","24","1011.6","22","009.7","24","999.9"," 0","  9.8","24"," 18.5"," 29.9","  94.8"," ","  70.2"," "," 0.00","I","999.9","000000"
"81836099999","2023-11-12","-5.1166666","-36.7166666","5.5","APODI, BR","  83.0","24","  66.1","24","1010.8","22","008.8","24","999.9"," 0","  9.9","24"," 16.9"," 24.7","  97.2"," ","  72.1"," "," 0.00","I","999.9","000000"
"81836099999","2023-11-13","-5.1166666","-36.7166666","5.5","APODI, BR","  82.3","24","  68.1","24","1010.6","22","008.6","24","999.9"," 0","  9.9","24"," 17.3"," 29.7","  94.1"," ","  71.2"," "," 0.00","I","999.9","000000"
"81836099999","2023-11-14","-5.1166666","-36.7166666","5.5","APODI, BR","  83.5","23","  70.5","23","1010.8","21","008.9","23","999.9"," 0","  9.7","23"," 17.5"," 28.2","  93.2"," ","  73.9"," "," 0.00","I","999.9","000000"
"81836099999","2023-11-15","-5.1166666","-36.7166666","5.5","APODI, BR","  83.3","24","  69.8","24","1010.3","22","008.2","24","999.9"," 0"," 10.6","24"," 17.3"," 29.5","  92.7"," ","  75.7"," "," 0.00","I","999.9","000000"
"81836099999","2023-11-16","-5.1166666","-36.7166666","5.5","APODI, BR","  82.9","24","  67.6","24","1010.2","22","008.2","24","999.9"," 0"," 10.0","24"," 17.5"," 29.9","  95.0"," ","  72.5"," "," 0.00","I","999.9","000000"
"81836099999","2023-11-17","-5.1166666","-36.7166666","5.5","APODI, BR","  83.1","24","  68.5","24","1010.8","22","008.7","24","999.9"," 0"," 10.3","24"," 18.5"," 30.7","  93.9"," ","  73.6"," "," 0.00","I","999.9","000000"
"81836099999","2023-11-18","-5.1166666","-36.7166666","5.5","APODI, BR","  82.2","24","  70.5","24","1011.7","22","009.6","24","999.9"," 0","  9.2","24"," 17.1"," 25.3","  90.9"," ","  73.4"," "," 0.00","I","999.9","000000"
"81836099999","2023-11-19","-5.1166666","-36.7166666","5.5","APODI, BR","  83.4","24","  70.6","24","1011.7","22","009.6","24","999.9"," 0"," 10.0","24"," 17.5"," 28.9","  93.0"," ","  76.3"," "," 0.00","I","999.9","000000"
"81836099999","2023-11-20","-5.1166666","-36.7166666","5.5","APODI, BR","  82.1","24","  70.5","24","1011.4","22","009.3","24","999.9"," 0","  8.0","24"," 14.4"," 25.3","  91.2"," ","  75.0"," "," 0.00","I","999.9","000000"
"81836099999","2023-11-21","-5.1166666","-36.7166666","5.5","APODI, BR","  83.5","24","  69.8","23","1010.4","22","008.4","24","999.9"," 0","  9.6","24"," 17.5"," 29.3","  93.6"," ","  74.3"," "," 0.00","I","999.9","000000"
"81836099999","2023-11-22","-5.1166666","-36.7166666","5.5","APODI, BR","  83.2","24","  68.8","24","1010.6","22","008.5","24","999.9"," 0"," 10.6","24"," 18.8"," 29.3","  91.9"," ","  73.6"," "," 0.00","I","999.9","000000"
"81836099999","2023-11-23","-5.1166666","-36.7166666","5.5","APODI, BR","  83.3","24","  68.7","24","1012.0","22","009.9","24","999.9"," 0"," 10.1","24"," 16.1"," 25.3","  95.9"," ","  72.7"," "," 0.00","I","999.9","000000"
"81836099999","2023-11-24","-5.1166666","-36.7166666","5.5","APODI, BR","  82.6","24","  68.6","24","1012.8","22","010.8","24","999.9"," 0","  9.5","24"," 17.3"," 28.4","  94.5"," ","  72.5"," "," 0.00","I","999.9","000000"
"81836099999","2023-11-25","-5.1166666","-36.7166666","5.5","APODI, BR","  81.4","24","  68.0","24","1011.7","22","009.7","24","999.9"," 0","  8.9","24"," 15.9"," 24.5","  91.4"," ","  70.9"," "," 0.00","I","999.9","000000"
"81836099999","2023-11-26","-5.1166666","-36.7166666","5.5","APODI, BR","  83.1","24","  65.7","24","1011.2","22","009.1","24","999.9"," 0","  9.6","24"," 16.3"," 25.3","  98.1"," ","  72.9","*"," 0.00","I","999.9","000000"
"81836099999","2023-11-27","-5.1166666","-36.7166666","5.5","APODI, BR","  81.6","24","  68.3","23","1012.2","22","010.1","24","999.9"," 0","  7.9","24"," 11.5"," 24.3","  95.2"," ","  73.4"," "," 0.00","I","999.9","000000"
"81836099999","2023-11-28","-5.1166666","-36.7166666","5.5","APODI, BR","  79.2","24","  68.7","12","1013.5","22","011.4","24","999.9"," 0","  6.8","24"," 10.9"," 19.6","  90.3"," ","  72.7"," "," 0.00","I","999.9","000000"
"81836099999","2023-11-29","-5.1166666","-36.7166666","5.5","APODI, BR","  81.8","24","  69.7","21","1011.3","22","009.4","24","999.9"," 0","  8.4","24"," 15.3"," 23.1","  92.7"," ","  72.7"," "," 0.00","I","999.9","000000"
"81836099999","2023-11-30","-5.1166666","-36.7166666","5.5","APODI, BR","  82.2","24","  70.0","21","1011.1","22","009.1","24","999.9"," 0","  8.0","24"," 15.0"," 24.1","  94.5"," ","  72.9"," "," 0.00","I","999.9","000000"
"81836099999","2023-12-01","-5.1166666","-36.7166666","5.5","APODI, BR","  82.1","24","  69.4","21","1011.4","22","009.3","24","999.9"," 0","  8.6","24"," 15.2"," 23.1","  93.7"," ","  72.7"," "," 0.00","I","999.9","000000"
"81836099999","2023-12-02","-5.1166666","-36.7166666","5.5","APODI, BR","  82.4","24","  70.1","21","1010.8","22","008.7","24","999.9"," 0","  9.5","24"," 15.7"," 27.4","  93.9"," ","  72.9"," "," 0.00","I","999.9","000000"
"81836099999","2023-12-03","-5.1166666","-36.7166666","5.5","APODI, BR","  81.7","24","  70.0","20","1010.8","22","008.8","24","999.9"," 0","  9.0","24"," 16.1"," 24.5","  92.3"," ","  71.8"," "," 0.00","I","999.9","000000"
"81836099999","2023-12-04","-5.1166666","-36.7166666","5.5","APODI, BR","  82.5","24","  71.9","20","1012.2","22","010.0","24","999.9"," 0","  8.8","24"," 16.3"," 23.9","  91.6"," ","  73.4"," "," 0.00","I","999.9","000000"
"81836099999","2023-12-05","-5.1166666","-36.7166666","5.5","APODI, BR","  83.2","24","  71.4","21","1011.9","22","009.8","24","999.9"," 0","  8.9","24"," 17.1"," 26.2","  94.3"," ","  73.9"," "," 0.00","I","999.9","000000"
"81836099999","2023-12-06","-5.1166666","-36.7166666","5.5","APODI, BR","  83.0","24","  69.4","24","1011.0","22","008.9","24","999.9"," 0","  9.3","24"," 15.9"," 27.8","  93.4"," ","  74.3"," "," 0.00","I","999.9","000000"
"81836099999","2023-12-07","-5.1166666","-36.7166666","5.5","APODI, BR","  82.6","24","  69.9","23","1011.1","22","009.1","24","999.9"," 0","  9.1","24"," 14.8"," 25.3","  91.9"," ","  73.2"," "," 0.00","I","999.9","000000"
"81836099999","2023-12-08","-5.1166666","-36.7166666","5.5","APODI, BR","  84.5","24","  67.0","21","1011.1","22","009.0","24","999.9"," 0","  8.5","24"," 15.0"," 25.1","  97.9"," ","  73.4"," "," 0.00","I","999.9","000000"
"81836099999","2023-12-09","-5.1166666","-36.7166666","5.5","APODI, BR","  83.3","24","  69.0","24","1010.2","22","008.3","24","999.9"," 0","  9.8","24"," 16.5"," 24.3","  95.0"," ","  75.2"," "," 0.00","I","999.9","000000"
"81836099999","2023-12-10","-5.1166666","-36.7166666","5.5","APODI, BR","  82.0","24","  68.5","24","1011.0","22","008.9","24","999.9"," 0","  8.9","24"," 16.3"," 25.8","  91.0"," ","  73.6"," "," 0.00","I","999.9","000000"
"81836099999","2023-12-11","-5.1166666","-36.7166666","5.5","APODI, BR","  81.4","24","  68.9","21","1010.9","22","008.8","24","999.9"," 0","  8.7","24"," 16.9"," 27.2","  90.9"," ","  70.5"," "," 0.00","I","999.9","000000"
"81836099999","2023-12-12","-5.1166666","-36.7166666","5.5","APODI, BR","  83.3","24","  67.9","22","1010.9","22","008.9","24","999.9"," 0","  8.6","24"," 15.2"," 24.5","  96.3"," ","  72.0"," "," 0.00","I","999.9","000000"
"81836099999","2023-12-13","-5.1166666","-36.7166666","5.5","APODI, BR","  85.6","24","  65.8","24","1009.6","22","007.6","24","999.9"," 0","  9.8","24"," 13.2"," 24.9","  99.3"," ","  76.1"," "," 0.00","I","999.9","000000"
"81836099999","2023-12-14","-5.1166666","-36.7166666","5.5","APODI, BR","  84.0","24","  65.7","24","1008.9","22","006.8","24","999.9"," 0","  9.8","24"," 15.3"," 26.8","  97.0"," ","  72.5"," "," 0.00","I","999.9","000000"
"81836099999","2023-12-15","-5.1166666","-36.7166666","5.5","APODI, BR","  79.9","24","  71.1","21","1009.6","22","007.4","24","999.9"," 0","  7.6","24"," 11.7"," 24.9","  89.8"," ","  72.7"," "," 0.00","I","999.9","000000"
"81836099999","2023-12-16","-5.1166666","-36.7166666","5.5","APODI, BR","  82.6","24","  70.8","15","1009.8","22","007.8","24","999.9"," 0","  6.5","24"," 11.8"," 21.8","  96.1"," ","  75.4"," "," 0.00","I","999.9","000000"
"81836099999","2023-12-17","-5.1166666","-36.7166666","5.5","APODI, BR","  82.9","24","  69.5","24","1009.1","22","007.1","24","999.9"," 0","  8.5","24"," 16.3"," 25.1","  96.1"," ","  72.7"," "," 0.00","I","999.9","000000"
"81836099999","2023-12-18","-5.1166666","-36.7166666","5.5","APODI, BR","  82.3","24","  71.9","23","1009.0","22","006.9","24","999.9"," 0","  7.7","24"," 14.8"," 23.5","  93.0"," ","  75.7"," "," 0.00","I","999.9","000000"
"81836099999","2023-12-19","-5.1166666","-36.7166666","5.5","APODI, BR","  81.8","24","  71.9","22","1010.1","22","007.9","24","999.9"," 0","  7.0","24"," 11.7"," 18.6","  88.2"," ","  77.7"," "," 0.00","I","999.9","000000"
"81836099999","2023-12-20","-5.1166666","-36.7166666","5.5","APODI, BR","  78.9","24","  75.9"," 4","1011.1","22","008.9","24","999.9"," 0","  4.1","24","  9.3"," 27.6","  86.9"," ","  75.2"," "," 0.00","I","999.9","000000"
"81836099999","2023-12-21","-5.1166666","-36.7166666","5.5","APODI, BR","  81.9","24","  73.5","13","1010.8","22","008.8","24","999.9"," 0","  6.8","24"," 13.4"," 23.7","  90.9"," ","  75.2"," "," 0.00","I","999.9","000000"
"81836099999","2023-12-22","-5.1166666","-36.7166666","5.5","APODI, BR","  83.5","24","  70.1","22","1011.6","22","009.5","24","999.9"," 0","  8.1","24"," 12.0"," 22.3","  94.1"," ","  74.8"," "," 0.00","I","999.9","000000"
"81836099999","2023-12-23","-5.1166666","-36.7166666","5.5","APODI, BR","  82.9","24","  68.7","20","1011.4","22","009.4","24","999.9"," 0","  8.4","24"," 14.8"," 24.7","  97.0"," ","  71.6"," "," 0.00","I","999.9","000000"
"81836099999","2023-12-24","-5.1166666","-36.7166666","5.5","APODI, BR","  84.3","24","  69.2","24","1011.9","22","009.8","24","999.9"," 0","  9.5","24"," 14.8"," 26.4","  96.6"," ","  75.0"," "," 0.00","I","999.9","000000"
"81836099999","2023-12-25","-5.1166666","-36.7166666","5.5","APODI, BR","  83.4","24","  70.9","23","1012.0","22","009.9","24","999.9"," 0","  7.4","24"," 13.4"," 22.1","  93.7"," ","  73.9"," "," 0.00","I","999.9","000000"
"81836099999","2023-12-26","-5.1166666","-36.7166666","5.5","APODI, BR","  84.9","24","  72.7","24","1011.4","22","009.4","24","999.9"," 0","  8.4","24"," 15.2"," 23.3","  93.9"," ","  77.5"," "," 0.00","I","999.9","000000"
"81836099999","2023-12-27","-5.1166666","-36.7166666","5.5","APODI, BR","  84.0","24","  72.0","21","1011.2","21","009.2","24","999.9"," 0","  8.9","24"," 16.3"," 26.4","  94.5"," ","  75.2"," "," 0.00","I","999.9","000000"
"81836099999","2023-12-28","-5.1166666","-36.7166666","5.5","APODI, BR","  83.9","24","  71.0","21","1011.4","22","009.4","24","999.9"," 0","  7.7","24"," 15.5"," 22.5","  97.5"," ","  73.8"," "," 0.00","I","999.9","000000"
"81836099999","2023-12-29","-5.1166666","-36.7166666","5.5","APODI, BR","  83.5","24","  69.3","22","1011.8","22","009.7","24","999.9"," 0","  8.9","24"," 16.3"," 22.7","  96.1"," ","  73.8"," "," 0.00","I","999.9","000000"
"81836099999","2023-12-30","-5.1166666","-36.7166666","5.5","APODI, BR","  83.0","24","  71.1","24","1011.6","22","009.6","24","999.9"," 0","  8.6","24"," 15.5"," 22.5","  95.9"," ","  72.9"," "," 0.00","I","999.9","000000"
"81836099999","2023-12-31","-5.1166666","-36.7166666","5.5","APODI, BR","  83.4","24","  72.9","21","1011.3","22","009.2","24","999.9"," 0","  8.1","24"," 13.6"," 20.4","  91.4"," ","  75.0"," "," 0.00","I","999.9","000000"
