"STATION","DATE","LATITUDE","LONGITUDE","ELEVATION","NAME","TEMP","TEMP_ATTRIBUTES","DEWP","DEWP_ATTRIBUTES","SLP","SLP_ATTRIBUTES","STP","STP_ATTRIBUTES","VISIB","VISIB_ATTRIBUTES","WDSP","WDSP_ATTRIBUTES","MXSPD","GUST","MAX","MAX_ATTRIBUTES","MIN","MIN_ATTRIBUTES","PRCP","PRCP_ATTRIBUTES","SNDP","FRSHTT"
"28786099999","2022-01-01","54.3666666","71.75","125.0","POLTAVKA, RS","  -3.4"," 8","  -7.8"," 8","1022.7"," 8","005.7"," 8","  8.5"," 8","  4.4"," 8","  5.8","999.9","   5.9","*"," -14.4"," "," 0.00","F","  5.1","000000"
"28786099999","2022-01-02","54.3666666","71.75","125.0","POLTAVKA, RS","   9.4"," 8","   4.8"," 8","1015.0"," 8","998.7"," 8","  8.5"," 8","  4.4"," 8","  5.8","999.9","  16.0"," ","  -2.0"," "," 0.00","F","  5.5","000000"
"28786099999","2022-01-03","54.3666666","71.75","125.0","POLTAVKA, RS","  11.1"," 8","   7.8"," 8","1005.3"," 8","989.2"," 8","  8.1"," 8","  7.3"," 8"," 13.6","999.9","  25.7","*","  -3.1"," "," 0.01","F","  5.5","011000"
"28786099999","2022-01-04","54.3666666","71.75","125.0","POLTAVKA, RS","  13.9"," 8","  10.3"," 8","1002.7"," 8","986.7"," 8","  5.6"," 8","  9.0"," 8"," 11.7","999.9","  28.0","*","   3.2","*"," 0.17","F","  5.9","001000"
"28786099999","2022-01-05","54.3666666","71.75","125.0","POLTAVKA, RS","  -1.3"," 8","  -5.7"," 8","1019.1"," 8","002.3"," 8","  8.5"," 8","  5.3"," 8","  7.8","999.9","   4.1"," ","  -5.6","*"," 0.00","F","  5.9","000000"
"28786099999","2022-01-06","54.3666666","71.75","125.0","POLTAVKA, RS","  15.2"," 7","  12.6"," 7","1024.4"," 7","008.1"," 7","  3.6"," 7","  6.4"," 7","  9.7","999.9","  21.0"," ","  -8.5"," "," 0.09","F","  6.7","001000"
"28786099999","2022-01-07","54.3666666","71.75","125.0","POLTAVKA, RS","  25.0"," 8","  22.8"," 8","1019.7"," 8","003.9"," 8","  7.6"," 8"," 10.7"," 8"," 13.6","999.9","  30.7","*","  16.9"," "," 0.02","F","  7.5","001000"
"28786099999","2022-01-08","54.3666666","71.75","125.0","POLTAVKA, RS","  31.8"," 8","  28.3"," 8","1010.9"," 8","995.4"," 8","  7.6"," 8"," 12.4"," 8"," 13.6","999.9","  35.1"," ","  26.6","*"," 0.11","F","  7.9","001000"
"28786099999","2022-01-09","54.3666666","71.75","125.0","POLTAVKA, RS","  12.4"," 8","   8.7"," 8","1025.4"," 8","009.0"," 8","  8.1"," 8","  7.8"," 8","  9.7","999.9","  22.1"," ","  -0.9","*"," 0.02","F","  7.5","001000"
"28786099999","2022-01-10","54.3666666","71.75","125.0","POLTAVKA, RS","  -2.6"," 8","  -7.3"," 8","1040.5"," 8","023.3"," 8","  9.3"," 8","  3.9"," 8","  3.9","999.9","   2.7","*","  -7.1"," "," 0.00","F","  7.9","000000"
"28786099999","2022-01-11","54.3666666","71.75","125.0","POLTAVKA, RS","  -1.1"," 8","  -5.4"," 8","1031.2"," 8","014.2"," 8","  9.3"," 8","  4.4"," 8","  5.8","999.9","   3.7"," ","  -9.6"," "," 0.00","F","  7.9","000000"
"28786099999","2022-01-12","54.3666666","71.75","125.0","POLTAVKA, RS","   1.9"," 8","  -2.1"," 8","1025.4"," 8","008.7"," 8","  8.9"," 8","  4.7"," 7","  5.8","999.9","   7.3"," ","  -7.4","*"," 0.02","F","  7.9","001000"
"28786099999","2022-01-13","54.3666666","71.75","125.0","POLTAVKA, RS"," -10.9"," 8"," -15.7"," 8","1028.4"," 8","011.1"," 8","  7.0"," 8","  2.3"," 6","  3.9","999.9","  -4.9"," "," -15.7"," "," 0.00","F","  7.9","000000"
"28786099999","2022-01-14","54.3666666","71.75","125.0","POLTAVKA, RS","  -5.5"," 8","  -9.7"," 8","1013.9"," 8","997.0"," 8","  9.3"," 8","  6.6"," 8","  9.7","999.9","   7.0","*"," -18.6"," "," 0.00","F","  7.9","000000"
"28786099999","2022-01-15","54.3666666","71.75","125.0","POLTAVKA, RS","  16.2"," 8","  13.4"," 8"," 996.2"," 8","980.4"," 8","  5.2"," 8"," 12.4"," 8"," 19.4","999.9","  26.1"," ","  -2.4"," "," 0.12","F","  7.9","001000"
"28786099999","2022-01-16","54.3666666","71.75","125.0","POLTAVKA, RS","  22.2"," 8","  18.9"," 8","1000.0"," 8","984.3"," 8","  8.1"," 8"," 12.4"," 8"," 17.5","999.9","  24.8"," ","   8.8"," "," 0.02","F","  8.3","001000"
"28786099999","2022-01-17","54.3666666","71.75","125.0","POLTAVKA, RS","  12.5"," 8","   7.5"," 8","1011.9"," 8","995.7"," 8","  9.3"," 8"," 11.2"," 8"," 13.6","999.9","  17.2"," ","   7.0"," "," 0.00","F","  8.3","000000"
"28786099999","2022-01-18","54.3666666","71.75","125.0","POLTAVKA, RS","  13.4"," 8","   8.6"," 8","1022.7"," 8","006.4"," 8","  9.3"," 8","  8.3"," 8","  9.7","999.9","  19.8"," ","   5.9"," "," 0.00","F","  8.7","000000"
"28786099999","2022-01-19","54.3666666","71.75","125.0","POLTAVKA, RS","   7.5"," 8","   3.5"," 8","1026.5"," 8","009.9"," 8","  9.3"," 8","  6.6"," 8","  7.8","999.9","  12.7"," ","   2.8"," "," 0.00","F","  8.3","000000"
"28786099999","2022-01-20","54.3666666","71.75","125.0","POLTAVKA, RS","   0.8"," 8","  -3.7"," 8","1030.9"," 8","014.0"," 8","  9.3"," 8","  4.1"," 8","  5.8","999.9","   9.1"," ","  -6.3","*"," 0.00","F","  8.3","000000"
"28786099999","2022-01-21","54.3666666","71.75","125.0","POLTAVKA, RS","   0.4"," 8","  -3.1"," 8","1028.7"," 8","011.8"," 8","  9.3"," 8","  5.3"," 8","  7.8","999.9","   6.3"," ","  -8.3"," "," 0.00","F","  8.3","000000"
"28786099999","2022-01-22","54.3666666","71.75","125.0","POLTAVKA, RS","  -7.2"," 8"," -11.6"," 8","1033.3"," 8","016.1"," 8","  9.3"," 8","  3.2"," 6","  3.9","999.9","  -0.2"," "," -13.2","*"," 0.00","F","  8.3","000000"
"28786099999","2022-01-23","54.3666666","71.75","125.0","POLTAVKA, RS","  -9.1"," 8"," -13.7"," 8","1038.7"," 8","021.3"," 8","  9.3"," 8","  1.9"," 4","  1.9","999.9","   1.6"," "," -17.9"," "," 0.00","F","  8.3","000000"
"28786099999","2022-01-24","54.3666666","71.75","125.0","POLTAVKA, RS"," -10.7"," 8"," -15.5"," 8","1040.3"," 8","022.8"," 8","  8.1"," 8","  3.6"," 6","  5.8","999.9","  -0.4"," "," -19.1"," "," 0.00","F","  8.3","000000"
"28786099999","2022-01-25","54.3666666","71.75","125.0","POLTAVKA, RS","   5.0"," 8","   1.2"," 8","1028.3"," 8","011.5"," 8","  7.1"," 8","  5.3"," 8","  7.8","999.9","  11.3","*"," -11.0"," "," 0.01","F","  8.3","001000"
"28786099999","2022-01-26","54.3666666","71.75","125.0","POLTAVKA, RS","   6.4"," 8","   2.6"," 8","1028.2"," 8","011.6"," 8","  8.9"," 8","  4.1"," 8","  5.8","999.9","  10.0"," ","  -1.5","*"," 0.12","F","  9.1","000000"
"28786099999","2022-01-27","54.3666666","71.75","125.0","POLTAVKA, RS","  -1.1"," 8","  -4.9"," 8","1030.8"," 8","013.8"," 8","  6.7"," 8","  3.2"," 8","  3.9","999.9","   3.9","*","  -4.9","*"," 0.00","F","  9.1","100000"
"28786099999","2022-01-28","54.3666666","71.75","125.0","POLTAVKA, RS","   7.2"," 8","   4.3"," 8","1027.4"," 8","010.8"," 8","  7.6"," 8","  3.6"," 8","  3.9","999.9","  15.3"," ","  -7.1"," "," 0.01","F","  9.1","001000"
"28786099999","2022-01-29","54.3666666","71.75","125.0","POLTAVKA, RS","  -1.3"," 8","  -5.4"," 8","1024.6"," 8","007.7"," 8","  9.3"," 8","  6.6"," 8","  9.7","999.9","   5.4"," ","  -6.3"," "," 0.00","F","  9.1","000000"
"28786099999","2022-01-30","54.3666666","71.75","125.0","POLTAVKA, RS","   2.9"," 8","  -1.2"," 8","1018.9"," 8","002.3"," 8","  9.3"," 8","  5.6"," 8","  7.8","999.9","  13.1"," "," -10.5"," "," 0.00","F","  9.1","000000"
"28786099999","2022-01-31","54.3666666","71.75","125.0","POLTAVKA, RS","  16.3"," 8","  12.9"," 8","1021.5"," 8","005.3"," 8","  6.2"," 8","  7.3"," 8"," 11.7","999.9","  25.3"," ","  -0.0"," "," 0.04","F","  9.1","001000"
"28786099999","2022-02-01","54.3666666","71.75","125.0","POLTAVKA, RS","  22.7"," 8","  20.0"," 8","1028.3"," 8","012.1"," 8","  6.4"," 8","  5.8"," 8","  9.7","999.9","  24.6"," ","  20.5","*"," 0.09","F","  9.1","001000"
"28786099999","2022-02-02","54.3666666","71.75","125.0","POLTAVKA, RS","  12.8"," 8","   9.9"," 8","1032.8"," 8","016.3"," 8","  9.3"," 8","  6.6"," 8","  7.8","999.9","  19.2","*","   7.3","*"," 0.00","F","  9.1","000000"
"28786099999","2022-02-03","54.3666666","71.75","125.0","POLTAVKA, RS","  10.8"," 8","   7.7"," 8","1035.1"," 8","018.4"," 8","  8.1"," 8","  5.6"," 8","  7.8","999.9","  22.3"," ","   3.7","*"," 0.01","F","  9.1","001000"
"28786099999","2022-02-04","54.3666666","71.75","125.0","POLTAVKA, RS","  11.7"," 8","   7.0"," 8","1030.8"," 8","014.3"," 8","  9.3"," 8","  6.3"," 8","  7.8","999.9","  17.4"," ","   2.5"," "," 0.00","F","  9.1","000000"
"28786099999","2022-02-05","54.3666666","71.75","125.0","POLTAVKA, RS","   7.7"," 8","   1.0"," 8","1026.8"," 8","010.2"," 8","  9.3"," 8","  7.5"," 8","  9.7","999.9","  16.2"," ","   0.3","*"," 0.00","F","  9.1","000000"
"28786099999","2022-02-06","54.3666666","71.75","125.0","POLTAVKA, RS","   0.6"," 7","  -4.7"," 7","1021.6"," 7","004.8"," 7","  8.9"," 7","  7.8"," 7","  9.7","999.9","   8.1"," ","  -5.8"," "," 0.00","F","  9.1","000000"
"28786099999","2022-02-07","54.3666666","71.75","125.0","POLTAVKA, RS","   5.1"," 8","  -0.5"," 8","1022.0"," 8","005.4"," 8","  9.3"," 8","  6.6"," 8","  7.8","999.9","  11.7","*","  -3.6"," "," 0.00","F","  9.1","000000"
"28786099999","2022-02-08","54.3666666","71.75","125.0","POLTAVKA, RS","   5.3"," 8","   1.0"," 8","1030.2"," 8","013.5"," 8","  8.9"," 8","  2.2"," 8","  3.9","999.9","  16.3"," ","  -2.4","*"," 0.01","F","  9.1","001000"
"28786099999","2022-02-09","54.3666666","71.75","125.0","POLTAVKA, RS","   0.6"," 8","  -3.4"," 8","1035.2"," 8","018.2"," 8","  9.3"," 8","  4.9"," 8","  7.8","999.9","   7.3"," ","  -8.0","*"," 0.00","F","  9.1","000000"
"28786099999","2022-02-10","54.3666666","71.75","125.0","POLTAVKA, RS","  -8.7"," 8"," -13.9"," 8","1039.8"," 8","022.3"," 8","  9.3"," 8","  3.9"," 8","  5.8","999.9","  -3.3"," "," -13.5","*"," 0.00","F","  9.1","000000"
"28786099999","2022-02-11","54.3666666","71.75","125.0","POLTAVKA, RS"," -11.8"," 8"," -17.1"," 8","1034.3"," 8","016.9"," 8","  9.3"," 8","  9.0"," 8"," 13.6","999.9","  -4.7"," "," -20.0"," "," 0.00","F","  9.1","000000"
"28786099999","2022-02-12","54.3666666","71.75","125.0","POLTAVKA, RS","  -3.2"," 8","  -7.9"," 8","1017.6"," 8","000.8"," 8","  5.3"," 8","  9.7"," 7"," 13.6","999.9","   1.6"," "," -14.4"," "," 0.02","F","  9.1","001000"
"28786099999","2022-02-13","54.3666666","71.75","125.0","POLTAVKA, RS","  -3.3"," 8","  -7.6"," 8","1015.2"," 8","998.4"," 8","  5.1"," 8","  3.9"," 7","  5.8","999.9","   3.7"," "," -12.3","*"," 0.08","F"," 10.2","001000"
"28786099999","2022-02-14","54.3666666","71.75","125.0","POLTAVKA, RS","  -1.3"," 8","  -5.3"," 8","1014.0"," 8","997.2"," 8","  7.0"," 8","  7.0"," 8"," 11.7","999.9","   5.0","*"," -18.2"," "," 0.08","F"," 10.2","001000"
"28786099999","2022-02-15","54.3666666","71.75","125.0","POLTAVKA, RS","  -1.3"," 8","  -6.3"," 8","1023.0"," 8","006.2"," 8","  8.9"," 8","  8.5"," 8"," 13.6","999.9","   4.6"," ","  -9.0","*"," 0.20","F"," 16.1","001000"
"28786099999","2022-02-16","54.3666666","71.75","125.0","POLTAVKA, RS","   5.5"," 7","   1.6"," 7","1028.8"," 7","012.1"," 7","  6.0"," 7","  5.5"," 7","  7.8","999.9","  13.3"," "," -10.3"," "," 0.02","F"," 16.1","001000"
"28786099999","2022-02-17","54.3666666","71.75","125.0","POLTAVKA, RS","  16.9"," 8","  12.9"," 8","1026.7"," 8","010.4"," 8","  7.6"," 8","  8.7"," 8","  9.7","999.9","  20.3"," ","   6.4"," "," 0.01","F"," 16.1","001000"
"28786099999","2022-02-18","54.3666666","71.75","125.0","POLTAVKA, RS","  14.3"," 8","  10.2"," 8","1029.4"," 8","013.0"," 8","  9.3"," 8","  7.3"," 8"," 11.7","999.9","  19.8"," ","  10.4","*"," 0.00","F"," 14.2","000000"
"28786099999","2022-02-19","54.3666666","71.75","125.0","POLTAVKA, RS","   8.3"," 8","   2.8"," 8","1032.4"," 8","015.8"," 8","  9.3"," 8","  5.3"," 8","  7.8","999.9","  15.3","*","   3.0"," "," 0.00","F"," 14.2","000000"
"28786099999","2022-02-20","54.3666666","71.75","125.0","POLTAVKA, RS","   5.7"," 8","  -0.9"," 8","1023.9"," 8","007.3"," 8","  9.3"," 8","  7.5"," 8"," 11.7","999.9","  14.5"," ","  -3.3","*"," 0.00","F"," 14.2","000000"
"28786099999","2022-02-21","54.3666666","71.75","125.0","POLTAVKA, RS","  12.5"," 8","   8.6"," 8","1016.1"," 8","999.9"," 8","  8.9"," 8","  7.0"," 8","  9.7","999.9","  24.4","*","  -8.5"," "," 0.03","F"," 13.8","001000"
"28786099999","2022-02-22","54.3666666","71.75","125.0","POLTAVKA, RS","  24.2"," 8","  21.8"," 8","1016.4"," 8","000.5"," 8","  7.6"," 8","  6.3"," 8","  7.8","999.9","  27.7"," ","  15.3"," "," 0.02","F"," 13.8","001000"
"28786099999","2022-02-23","54.3666666","71.75","125.0","POLTAVKA, RS","  22.6"," 8","  17.8"," 8","1022.9"," 8","006.9"," 8","  9.3"," 8","  7.8"," 8"," 11.7","999.9","  27.0"," ","  12.9"," "," 0.01","F"," 13.8","000000"
"28786099999","2022-02-24","54.3666666","71.75","125.0","POLTAVKA, RS","  24.8"," 8","  19.7"," 8","1020.7"," 8","004.8"," 8","  7.6"," 8"," 10.0"," 8"," 11.7","999.9","  28.4","*","  18.0"," "," 0.01","F"," 13.8","001000"
"28786099999","2022-02-25","54.3666666","71.75","125.0","POLTAVKA, RS","  22.3"," 8","  19.7"," 8","1025.6"," 8","009.5"," 8","  9.3"," 8","  5.1"," 8","  7.8","999.9","  26.8"," ","  17.2"," "," 0.00","F"," 13.4","000000"
"28786099999","2022-02-26","54.3666666","71.75","125.0","POLTAVKA, RS","  16.8"," 8","  13.6"," 8","1034.6"," 8","018.2"," 8","  7.8"," 8","  3.6"," 8","  5.8","999.9","  23.7"," ","  10.8","*"," 0.00","F"," 13.4","100000"
"28786099999","2022-02-27","54.3666666","71.75","125.0","POLTAVKA, RS","   8.5"," 8","   5.0"," 8","1034.5"," 8","017.8"," 8","  7.8"," 8","  3.2"," 8","  3.9","999.9","  21.6"," ","  -2.9","*"," 0.00","F"," 13.0","100000"
"28786099999","2022-02-28","54.3666666","71.75","125.0","POLTAVKA, RS","  10.5"," 8","   7.2"," 8","1028.5"," 8","012.0"," 8","  8.6"," 8","  4.2"," 7","  5.8","999.9","  17.1"," ","  -6.2"," "," 0.02","F"," 13.0","100000"
"28786099999","2022-03-01","54.3666666","71.75","125.0","POLTAVKA, RS","  19.2"," 8","  16.7"," 8","1018.5"," 8","002.4"," 8","  8.9"," 8","  7.8"," 8"," 11.7","999.9","  26.6"," ","   7.5"," "," 0.00","F"," 13.0","100000"
"28786099999","2022-03-02","54.3666666","71.75","125.0","POLTAVKA, RS","  14.6"," 8","   8.7"," 8","1026.3"," 8","009.9"," 8","  9.3"," 8","  5.6"," 8","  7.8","999.9","  22.5"," ","   7.7"," "," 0.00","F"," 13.0","000000"
"28786099999","2022-03-03","54.3666666","71.75","125.0","POLTAVKA, RS","  18.4"," 8","  13.1"," 8","1021.4"," 8","005.3"," 8","  9.3"," 8","  8.7"," 8"," 11.7","999.9","  25.2"," ","   6.4"," "," 0.00","F"," 13.0","000000"
"28786099999","2022-03-04","54.3666666","71.75","125.0","POLTAVKA, RS","  19.8"," 8","  15.6"," 8","1014.0"," 8","998.1"," 8","  8.9"," 8","  7.0"," 8","  9.7","999.9","  24.3"," ","  12.2"," "," 0.00","F"," 13.0","001000"
"28786099999","2022-03-05","54.3666666","71.75","125.0","POLTAVKA, RS","  24.9"," 8","  23.2"," 8","1004.6"," 8","989.0"," 8","  8.2"," 8","  9.0"," 8"," 13.6","999.9","  30.0","*","  18.5"," "," 0.00","F"," 13.0","001000"
"28786099999","2022-03-06","54.3666666","71.75","125.0","POLTAVKA, RS","  33.5"," 8","  30.1"," 8"," 988.3"," 8","973.1"," 8","  9.3"," 8"," 11.9"," 8"," 15.5","999.9","  36.0"," ","  20.8"," "," 0.08","F"," 13.4","011000"
"28786099999","2022-03-07","54.3666666","71.75","125.0","POLTAVKA, RS","   6.8"," 8","   2.0"," 8","1001.4"," 8","985.2"," 8","  6.4"," 8"," 10.0"," 8"," 11.7","999.9","  22.3","*","  -3.8","*"," 0.04","F"," 12.2","001000"
"28786099999","2022-03-08","54.3666666","71.75","125.0","POLTAVKA, RS","  -0.3"," 8","  -6.4"," 8","1021.4"," 8","004.6"," 8","  9.3"," 8","  8.0"," 8"," 11.7","999.9","   6.4"," ","  -6.7"," "," 0.00","F"," 11.8","000000"
"28786099999","2022-03-09","54.3666666","71.75","125.0","POLTAVKA, RS","   1.1"," 8","  -6.4"," 8","1030.3"," 8","013.4"," 8","  9.3"," 8","  3.9"," 7","  5.8","999.9","  12.6"," "," -15.2"," "," 0.00","F"," 11.8","000000"
"28786099999","2022-03-10","54.3666666","71.75","125.0","POLTAVKA, RS","   2.2"," 8","  -5.2"," 8","1034.9"," 8","018.0"," 8","  9.3"," 8","  4.4"," 8","  5.8","999.9","   8.8"," ","  -4.7"," "," 0.00","F"," 11.8","000000"
"28786099999","2022-03-11","54.3666666","71.75","125.0","POLTAVKA, RS","   1.5"," 8","  -7.1"," 8","1033.5"," 8","016.6"," 8","  9.3"," 8","  7.3"," 8","  9.7","999.9","   8.8"," ","  -6.3"," "," 0.00","F"," 11.8","000000"
"28786099999","2022-03-12","54.3666666","71.75","125.0","POLTAVKA, RS","   5.4"," 8","  -4.6"," 8","1026.8"," 8","010.2"," 8","  9.3"," 8","  8.0"," 8","  9.7","999.9","  11.8"," ","  -2.7"," "," 0.00","F"," 11.8","000000"
"28786099999","2022-03-13","54.3666666","71.75","125.0","POLTAVKA, RS","  11.0"," 8","  -2.0"," 8","1023.6"," 8","007.1"," 8","  9.3"," 8"," 10.4"," 8"," 11.7","999.9","  18.3"," ","   2.8"," "," 0.00","F"," 11.8","000000"
"28786099999","2022-03-14","54.3666666","71.75","125.0","POLTAVKA, RS","   9.4"," 8","  -1.3"," 8","1029.0"," 8","012.4"," 8","  9.3"," 8","  7.5"," 8"," 11.7","999.9","  16.0"," ","   4.3","*"," 0.00","F"," 11.8","000000"
"28786099999","2022-03-15","54.3666666","71.75","125.0","POLTAVKA, RS","   6.8"," 8","  -2.9"," 8","1032.2"," 8","015.5"," 8","  9.3"," 8","  5.3"," 8","  9.7","999.9","  14.0"," ","   0.1"," "," 0.00","F"," 11.8","000000"
"28786099999","2022-03-16","54.3666666","71.75","125.0","POLTAVKA, RS","   5.9"," 8","  -2.9"," 8","1036.8"," 8","020.0"," 8","  9.3"," 8","  3.2"," 8","  3.9","999.9","  18.7"," ","  -4.0"," "," 0.00","F"," 11.4","000000"
"28786099999","2022-03-17","54.3666666","71.75","125.0","POLTAVKA, RS","   5.0"," 8","  -2.8"," 8","1033.5"," 8","016.7"," 8","  9.3"," 8","  2.7"," 8","  3.9","999.9","  18.5"," ","  -8.7"," "," 0.00","F"," 11.4","000000"
"28786099999","2022-03-18","54.3666666","71.75","125.0","POLTAVKA, RS","   4.8"," 8","  -3.0"," 8","1034.3"," 8","017.5"," 8","  9.3"," 8","  1.9"," 8","  3.9","999.9","  19.8"," "," -12.1"," "," 0.00","F"," 11.4","000000"
"28786099999","2022-03-19","54.3666666","71.75","125.0","POLTAVKA, RS","   8.3"," 8","   1.7"," 8","1035.7"," 8","019.0"," 8","  9.3"," 8","  4.6"," 8","  5.8","999.9","  18.1"," ","  -7.4"," "," 0.00","F"," 11.4","000000"
"28786099999","2022-03-20","54.3666666","71.75","125.0","POLTAVKA, RS","  13.9"," 8","   1.9"," 8","1020.3"," 8","004.0"," 8","  9.3"," 8","  9.0"," 8","  9.7","999.9","  24.1"," ","   0.9"," "," 0.00","F"," 11.0","000000"
"28786099999","2022-03-21","54.3666666","71.75","125.0","POLTAVKA, RS","  15.8"," 8","  11.6"," 8","1006.3"," 8","990.3"," 8","  5.4"," 8","  8.0"," 8"," 11.7","999.9","  18.5"," ","   9.1"," "," 0.03","F"," 11.0","001000"
"28786099999","2022-03-22","54.3666666","71.75","125.0","POLTAVKA, RS","  20.4"," 8","  17.8"," 8","1008.5"," 8","992.6"," 8","  8.9"," 8","  5.6"," 8","  7.8","999.9","  26.8"," ","  11.8","*"," 0.03","F"," 11.8","001000"
"28786099999","2022-03-23","54.3666666","71.75","125.0","POLTAVKA, RS","  24.6"," 8","  20.7"," 8","1005.5"," 8","989.8"," 8","  8.1"," 8"," 10.4"," 8"," 11.7","999.9","  32.2"," ","  10.4"," "," 0.01","F"," 11.4","001000"
"28786099999","2022-03-24","54.3666666","71.75","125.0","POLTAVKA, RS","  25.4"," 8","  19.4"," 8","1011.2"," 8","995.4"," 8","  6.5"," 8","  9.2"," 8"," 15.5","999.9","  33.1"," ","  17.2","*"," 0.12","F"," 11.4","001000"
"28786099999","2022-03-25","54.3666666","71.75","125.0","POLTAVKA, RS","  23.9"," 8","  18.4"," 8","1013.1"," 8","997.3"," 8","  9.3"," 8"," 10.2"," 8"," 13.6","999.9","  34.0"," ","   6.6"," "," 0.00","F"," 11.8","000000"
"28786099999","2022-03-26","54.3666666","71.75","125.0","POLTAVKA, RS","  16.2"," 8","   6.5"," 8","1020.7"," 8","004.5"," 8","  9.3"," 8","  4.9"," 8","  7.8","999.9","  23.0"," ","   9.3","*"," 0.00","F"," 11.4","000000"
"28786099999","2022-03-27","54.3666666","71.75","125.0","POLTAVKA, RS","  16.2"," 8","   9.0"," 8","1014.5"," 8","998.4"," 8","  9.3"," 8","  5.3"," 8","  7.8","999.9","  23.5"," ","   5.5"," "," 0.00","F"," 11.4","000000"
"28786099999","2022-03-28","54.3666666","71.75","125.0","POLTAVKA, RS","  22.8"," 8","  19.7"," 8","1015.0"," 8","999.1"," 8","  9.3"," 8","  6.1"," 8","  7.8","999.9","  30.6"," ","  11.7"," "," 0.00","F"," 11.4","000000"
"28786099999","2022-03-29","54.3666666","71.75","125.0","POLTAVKA, RS","  29.2"," 8","  27.1"," 8","1007.2"," 8","991.6"," 8","  5.7"," 8"," 13.1"," 8"," 19.4","999.9","  34.0"," ","  20.3"," "," 0.04","F"," 11.4","101000"
"28786099999","2022-03-30","54.3666666","71.75","125.0","POLTAVKA, RS","  33.6"," 8","  27.9"," 8","1016.0"," 8","000.5"," 8","  9.3"," 8"," 11.7"," 8"," 13.6","999.9","  37.6"," ","  22.8"," "," 0.02","F"," 11.4","000000"
"28786099999","2022-03-31","54.3666666","71.75","125.0","POLTAVKA, RS","  37.7"," 8","  30.5"," 8","1022.6"," 8","007.0"," 8","  9.3"," 8","  9.5"," 8"," 11.7","999.9","  41.7"," ","  33.6"," "," 0.00","F","  9.8","000000"
"28786099999","2022-04-01","54.3666666","71.75","125.0","POLTAVKA, RS","  38.3"," 8","  30.1"," 8","1019.6"," 8","004.2"," 8","  9.3"," 8","  7.5"," 8","  9.7","999.9","  43.2"," ","  34.2"," "," 0.00","F","  7.9","000000"
"28786099999","2022-04-02","54.3666666","71.75","125.0","POLTAVKA, RS","  36.3"," 7","  32.5"," 7","1019.3"," 7","003.8"," 7","  6.9"," 7","  4.4"," 7","  7.8","999.9","  40.1","*","  32.5"," "," 0.01","F","  5.5","010000"
"28786099999","2022-04-03","54.3666666","71.75","125.0","POLTAVKA, RS","  40.7"," 8","  35.4"," 8","1017.0"," 8","001.7"," 8","  9.3"," 8","  5.1"," 8","  7.8","999.9","  46.6"," ","  35.4"," "," 0.08","F","  3.1","000000"
"28786099999","2022-04-04","54.3666666","71.75","125.0","POLTAVKA, RS","  48.7"," 8","  36.9"," 8","1012.4"," 8","997.4"," 8","  9.3"," 8","  7.5"," 8","  7.8","999.9","  66.9"," ","  35.6"," "," 0.00","F","  0.4","000000"
"28786099999","2022-04-05","54.3666666","71.75","125.0","POLTAVKA, RS","  49.1"," 8","  37.0"," 8","1007.7"," 7","992.7"," 7","  9.3"," 8"," 10.4"," 8"," 13.6","999.9","  61.9"," ","  38.8","*"," 0.00","E","999.9","000000"
"28786099999","2022-04-06","54.3666666","71.75","125.0","POLTAVKA, RS","  36.1"," 8","  25.7"," 8","1018.4"," 8","002.9"," 8","  9.3"," 8","  7.5"," 8"," 13.6","999.9","  44.8"," ","  28.0","*"," 0.00","F","999.9","000000"
"28786099999","2022-04-07","54.3666666","71.75","125.0","POLTAVKA, RS","  40.1"," 7","  26.7"," 7","1017.6"," 7","002.2"," 7","  9.8"," 7","  4.7"," 7","  7.8","999.9","  51.1","*","  24.3"," "," 0.00","E","999.9","000000"
"28786099999","2022-04-08","54.3666666","71.75","125.0","POLTAVKA, RS","  37.5"," 8","  24.2"," 8","1016.4"," 8","000.9"," 8","  9.3"," 8","  8.0"," 8"," 13.6","999.9","  48.6"," ","  26.2","*"," 0.00","F","999.9","000000"
"28786099999","2022-04-09","54.3666666","71.75","125.0","POLTAVKA, RS","  38.0"," 8","  22.5"," 8","1026.0"," 8","010.5"," 8"," 10.1"," 8","  3.2"," 8","  3.9","999.9","  50.7"," ","  22.8"," "," 0.00","F","999.9","000000"
"28786099999","2022-04-10","54.3666666","71.75","125.0","POLTAVKA, RS","  41.0"," 8","  21.9"," 8","1032.7"," 8","017.1"," 8"," 10.1"," 8","  5.6"," 8","  9.7","999.9","  52.0"," ","  27.5"," "," 0.00","F","999.9","000000"
"28786099999","2022-04-11","54.3666666","71.75","125.0","POLTAVKA, RS","  43.1"," 8","  16.8"," 8","1032.4"," 8","016.9"," 8"," 10.1"," 8"," 10.7"," 8"," 13.6","999.9","  54.3"," ","  30.0"," "," 0.00","F","999.9","000000"
"28786099999","2022-04-12","54.3666666","71.75","125.0","POLTAVKA, RS","  46.4"," 8","  16.2"," 8","1028.7"," 8","013.3"," 8"," 10.1"," 8"," 10.2"," 8"," 15.5","999.9","  59.7"," ","  29.7"," "," 0.00","F","999.9","000000"
"28786099999","2022-04-13","54.3666666","71.75","125.0","POLTAVKA, RS","  51.4"," 8","  24.2"," 8","1027.0"," 8","011.8"," 8"," 10.1"," 8"," 11.2"," 8"," 15.5","999.9","  65.1"," ","  32.5"," "," 0.00","F","999.9","000000"
"28786099999","2022-04-14","54.3666666","71.75","125.0","POLTAVKA, RS","  53.8"," 8","  24.4"," 8","1023.8"," 8","008.7"," 8"," 10.1"," 8","  8.5"," 8"," 11.7","999.9","  68.5"," ","  38.7"," "," 0.00","F","999.9","000000"
"28786099999","2022-04-15","54.3666666","71.75","125.0","POLTAVKA, RS","  59.4"," 8","  23.1"," 8","1018.4"," 8","003.6"," 8"," 10.1"," 8","  8.5"," 8"," 11.7","999.9","  75.7"," ","  38.7"," "," 0.00","F","999.9","000000"
"28786099999","2022-04-16","54.3666666","71.75","125.0","POLTAVKA, RS","  58.0"," 8","  32.3"," 8","1013.0"," 8","998.2"," 8"," 10.9"," 8","  7.8"," 8"," 11.7","999.9","  68.9"," ","  45.1"," "," 0.00","F","999.9","000000"
"28786099999","2022-04-17","54.3666666","71.75","125.0","POLTAVKA, RS","  50.9"," 8","  29.5"," 8","1019.4"," 8","004.3"," 8"," 10.9"," 8","  5.1"," 8","  7.8","999.9","  63.0"," ","  37.0"," "," 0.00","F","999.9","000000"
"28786099999","2022-04-18","54.3666666","71.75","125.0","POLTAVKA, RS","  43.5"," 8","  24.4"," 8","1021.9"," 8","006.6"," 8","  8.1"," 8","  5.1"," 8","  7.8","999.9","  55.9"," ","  32.0","*"," 0.00","F","999.9","000000"
"28786099999","2022-04-19","54.3666666","71.75","125.0","POLTAVKA, RS","  42.7"," 7","  25.8"," 7","1021.5"," 7","006.2"," 7"," 10.1"," 7","  4.4"," 7","  5.8","999.9","  53.2"," ","  23.2"," "," 0.00","F","999.9","010000"
"28786099999","2022-04-20","54.3666666","71.75","125.0","POLTAVKA, RS","  42.5"," 8","  38.4"," 8","1014.5"," 8","999.3"," 8"," 10.3"," 8","  3.6"," 8","  7.8","999.9","  47.3"," ","  38.8"," "," 0.10","F","999.9","010000"
"28786099999","2022-04-21","54.3666666","71.75","125.0","POLTAVKA, RS","  41.3"," 8","  31.7"," 8","1009.8"," 8","994.5"," 8","  9.4"," 8","  9.0"," 8"," 15.5","999.9","  54.9"," ","  25.5","*"," 0.03","F","999.9","100000"
"28786099999","2022-04-22","54.3666666","71.75","125.0","POLTAVKA, RS","  30.1"," 8","  12.6"," 8","1020.3"," 8","004.6"," 8"," 10.9"," 8","  7.5"," 8"," 13.6","999.9","  40.8"," ","  20.1"," "," 0.01","F","  0.4","000000"
"28786099999","2022-04-23","54.3666666","71.75","125.0","POLTAVKA, RS","  30.4"," 8","  10.6"," 8","1022.9"," 8","007.1"," 8"," 10.9"," 8","  6.3"," 8"," 13.6","999.9","  39.9"," ","  17.4","*"," 0.00","F","999.9","000000"
"28786099999","2022-04-24","54.3666666","71.75","125.0","POLTAVKA, RS","  34.8"," 8","  16.0"," 8","1026.0"," 8","010.4"," 8"," 10.9"," 8","  3.2"," 8","  5.8","999.9","  47.3"," ","  14.2"," "," 0.00","F","999.9","000000"
"28786099999","2022-04-25","54.3666666","71.75","125.0","POLTAVKA, RS","  44.2"," 8","  16.9"," 8","1019.9"," 8","004.6"," 8"," 10.9"," 8","  5.8"," 8","  7.8","999.9","  58.6"," ","  26.2"," "," 0.00","F","999.9","000000"
"28786099999","2022-04-26","54.3666666","71.75","125.0","POLTAVKA, RS","  51.7"," 8","  33.5"," 8","1017.7"," 8","002.7"," 8","  9.6"," 8","  6.3"," 8","  9.7","999.9","  63.3"," ","  36.9"," "," 0.02","F","999.9","010000"
"28786099999","2022-04-27","54.3666666","71.75","125.0","POLTAVKA, RS","  61.0"," 8","  33.3"," 8","1019.1"," 8","004.3"," 8"," 10.9"," 8","  5.6"," 8","  7.8","999.9","  74.3"," ","  35.8"," "," 0.00","F","999.9","000000"
"28786099999","2022-04-28","54.3666666","71.75","125.0","POLTAVKA, RS","  68.0"," 8","  35.8"," 8","1018.8"," 8","004.2"," 8"," 10.9"," 8","  8.5"," 8"," 13.6","999.9","  81.0"," ","  52.9"," "," 0.00","F","999.9","000000"
"28786099999","2022-04-29","54.3666666","71.75","125.0","POLTAVKA, RS","  65.9"," 7","  32.6"," 7","1017.2"," 7","002.5"," 7"," 10.7"," 7","  8.3"," 7"," 13.6","999.9","  79.0","*","  50.0","*"," 0.00","E","999.9","000000"
"28786099999","2022-04-30","54.3666666","71.75","125.0","POLTAVKA, RS","  54.1"," 8","  38.0"," 8","1015.5"," 8","000.6"," 8"," 10.9"," 8","  9.7"," 8"," 13.6","999.9","  69.4"," ","  41.9"," "," 0.00","F","999.9","000000"
"28786099999","2022-05-01","54.3666666","71.75","125.0","POLTAVKA, RS","  49.4"," 8","  31.6"," 8","1008.9"," 8","994.0"," 8"," 10.9"," 8","  9.5"," 8"," 11.7","999.9","  62.6"," ","  41.4"," "," 0.00","F","999.9","000000"
"28786099999","2022-05-02","54.3666666","71.75","125.0","POLTAVKA, RS","  43.2"," 8","  29.4"," 8","1011.6"," 8","996.4"," 8"," 10.9"," 8","  7.0"," 8"," 11.7","999.9","  57.2"," ","  26.6","*"," 0.00","F","999.9","000000"
"28786099999","2022-05-03","54.3666666","71.75","125.0","POLTAVKA, RS","  42.7"," 7","  20.6"," 7","1019.4"," 7","004.1"," 7"," 10.7"," 7","  4.4"," 7","  9.7","999.9","  58.8"," ","  24.6"," "," 0.00","F","999.9","000000"
"28786099999","2022-05-04","54.3666666","71.75","125.0","POLTAVKA, RS","  52.4"," 8","  20.1"," 8","1017.7"," 8","002.7"," 8"," 10.9"," 8","  6.3"," 8","  9.7","999.9","  62.8"," ","  27.3"," "," 0.00","F","999.9","000000"
"28786099999","2022-05-05","54.3666666","71.75","125.0","POLTAVKA, RS","  55.0"," 8","  32.6"," 8","1011.3"," 8","996.5"," 8"," 10.9"," 8","  6.1"," 8","  9.7","999.9","  67.1"," ","  41.5","*"," 0.00","F","999.9","000000"
"28786099999","2022-05-06","54.3666666","71.75","125.0","POLTAVKA, RS","  51.8"," 7","  25.6"," 7","1011.8"," 7","996.9"," 7","  5.9"," 7"," 14.4"," 7"," 21.4","999.9","  70.3"," ","  32.2","*"," 0.00","F","999.9","000000"
"28786099999","2022-05-07","54.3666666","71.75","125.0","POLTAVKA, RS","  45.7"," 6","  12.4"," 6","1027.7"," 6","012.3"," 6"," 11.4"," 6","  8.1"," 6"," 11.7","999.9","  52.9"," ","  28.2"," "," 0.00","F","999.9","000000"
"28786099999","2022-05-08","54.3666666","71.75","125.0","POLTAVKA, RS","  51.9"," 7","  20.0"," 7","1029.7"," 7","014.5"," 7"," 10.7"," 7","  5.6"," 7","  9.7","999.9","  68.0"," ","  30.6"," "," 0.00","F","999.9","000000"
"28786099999","2022-05-09","54.3666666","71.75","125.0","POLTAVKA, RS","  57.2"," 8","  23.2"," 8","1025.3"," 8","010.4"," 8"," 10.9"," 8","  3.2"," 8","  3.9","999.9","  71.4"," ","  36.9"," "," 0.00","F","999.9","000000"
"28786099999","2022-05-10","54.3666666","71.75","125.0","POLTAVKA, RS","  60.9"," 8","  26.0"," 8","1019.6"," 8","004.8"," 8"," 10.9"," 8"," 12.6"," 8"," 17.5","999.9","  69.8"," ","  42.4"," "," 0.00","F","999.9","000000"
"28786099999","2022-05-11","54.3666666","71.75","125.0","POLTAVKA, RS","  57.3"," 8","  30.1"," 8","1016.4"," 8","001.6"," 8"," 10.9"," 8","  9.2"," 8"," 19.4","999.9","  67.5"," ","  46.2","*"," 0.00","F","999.9","000000"
"28786099999","2022-05-12","54.3666666","71.75","125.0","POLTAVKA, RS","  60.6"," 7","  33.9"," 7","1017.8"," 7","003.0"," 7"," 10.7"," 7","  3.1"," 7","  5.8","999.9","  73.0"," ","  39.4","*"," 0.00","F","999.9","000000"
"28786099999","2022-05-13","54.3666666","71.75","125.0","POLTAVKA, RS","  65.3"," 8","  33.0"," 8","1011.6"," 8","997.0"," 8"," 10.9"," 8","  4.9"," 8","  7.8","999.9","  78.3"," ","  38.3"," "," 0.00","F","999.9","000000"
"28786099999","2022-05-14","54.3666666","71.75","125.0","POLTAVKA, RS","  64.9"," 7","  39.4"," 7","1008.0"," 7","993.6"," 7"," 11.5"," 7","  6.7"," 7","  9.7","999.9","  74.5"," ","  52.7"," "," 0.00","F","999.9","000000"
"28786099999","2022-05-15","54.3666666","71.75","125.0","POLTAVKA, RS","  64.5"," 8","  39.9"," 8","1009.5"," 8","995.0"," 8"," 10.9"," 8","  5.8"," 8","  9.7","999.9","  72.9"," ","  54.0"," "," 0.00","F","999.9","000000"
"28786099999","2022-05-16","54.3666666","71.75","125.0","POLTAVKA, RS","  64.9"," 8","  50.1"," 8","1005.3"," 8","990.9"," 8"," 10.9"," 8","  6.8"," 8"," 15.5","999.9","  78.4"," ","  56.7","*"," 0.04","F","999.9","010000"
"28786099999","2022-05-17","54.3666666","71.75","125.0","POLTAVKA, RS","  63.1"," 8","  40.2"," 8","1004.0"," 8","989.5"," 8"," 10.9"," 8","  8.5"," 8"," 17.5","999.9","  72.5"," ","  47.5","*"," 0.00","F","999.9","000000"
"28786099999","2022-05-18","54.3666666","71.75","125.0","POLTAVKA, RS","  62.0"," 8","  44.5"," 8","1007.1"," 8","992.5"," 8"," 10.9"," 8","  5.6"," 8"," 11.7","999.9","  73.9"," ","  47.5"," "," 0.00","F","999.9","000000"
"28786099999","2022-05-19","54.3666666","71.75","125.0","POLTAVKA, RS","  58.2"," 8","  38.8"," 8","1006.1"," 8","991.5"," 8"," 10.9"," 8","  8.7"," 8"," 13.6","999.9","  66.4"," ","  50.2"," "," 0.00","F","999.9","000000"
"28786099999","2022-05-20","54.3666666","71.75","125.0","POLTAVKA, RS","  58.9"," 6","  37.6"," 6","1008.8"," 6","994.1"," 6","  9.7"," 6","  9.1"," 6"," 13.6","999.9","  67.3"," ","  42.8","*"," 0.08","F","999.9","010000"
"28786099999","2022-05-21","54.3666666","71.75","125.0","POLTAVKA, RS","  73.7"," 8","  36.3"," 8"," 998.4"," 8","984.2"," 8"," 10.9"," 8"," 10.2"," 8"," 15.5","999.9","  88.9"," ","  53.2","*"," 0.00","F","999.9","000000"
"28786099999","2022-05-22","54.3666666","71.75","125.0","POLTAVKA, RS","  52.4"," 6","  43.1"," 6","1000.3"," 6","985.6"," 6","  9.1"," 6","  7.4"," 6"," 11.7","999.9","  58.6"," ","  48.2"," "," 0.28","F","999.9","010000"
"28786099999","2022-05-23","54.3666666","71.75","125.0","POLTAVKA, RS","  59.3"," 8","  42.3"," 8","1013.1"," 8","998.4"," 7"," 10.9"," 8","  9.0"," 8"," 13.6","999.9","  71.2"," ","  43.5"," "," 0.01","F","999.9","000000"
"28786099999","2022-05-24","54.3666666","71.75","125.0","POLTAVKA, RS","  70.1"," 8","  41.0"," 8","1015.2"," 8","000.7"," 8"," 10.9"," 8","  5.8"," 8","  7.8","999.9","  85.1"," ","  54.0"," "," 0.00","F","999.9","000000"
"28786099999","2022-05-25","54.3666666","71.75","125.0","POLTAVKA, RS","  74.5"," 8","  40.3"," 8","1014.0"," 8","999.6"," 8"," 10.9"," 8","  5.3"," 8","  7.8","999.9","  86.7"," ","  51.8"," "," 0.00","F","999.9","000000"
"28786099999","2022-05-26","54.3666666","71.75","125.0","POLTAVKA, RS","  76.9"," 7","  40.4"," 7","1008.2"," 7","994.1"," 7"," 10.7"," 7","  9.2"," 7"," 11.7","999.9","  88.5","*","  60.1"," "," 0.00","E","999.9","000000"
"28786099999","2022-05-27","54.3666666","71.75","125.0","POLTAVKA, RS","  61.5"," 8","  45.5"," 8","1008.9"," 8","994.3"," 8"," 10.9"," 8","  8.5"," 8"," 11.7","999.9","  74.1"," ","  44.2","*"," 0.00","F","999.9","000000"
"28786099999","2022-05-28","54.3666666","71.75","125.0","POLTAVKA, RS","  62.1"," 8","  35.5"," 8","1013.7"," 8","999.0"," 8"," 10.9"," 8","  6.3"," 8","  7.8","999.9","  73.2"," ","  37.6"," "," 0.00","F","999.9","000000"
"28786099999","2022-05-29","54.3666666","71.75","125.0","POLTAVKA, RS","  70.0"," 8","  43.3"," 8","1013.5"," 8","999.1"," 8"," 10.9"," 8","  8.3"," 8"," 13.6","999.9","  81.5"," ","  55.8"," "," 0.00","F","999.9","000000"
"28786099999","2022-05-30","54.3666666","71.75","125.0","POLTAVKA, RS","  68.4"," 8","  41.6"," 8","1012.7"," 8","998.2"," 8"," 10.9"," 8","  6.1"," 8"," 11.7","999.9","  81.3"," ","  53.8"," "," 0.00","F","999.9","000000"
"28786099999","2022-05-31","54.3666666","71.75","125.0","POLTAVKA, RS","  58.3"," 7","  48.5"," 7","1005.2"," 7","990.6"," 7","  8.2"," 7","  9.4"," 7"," 15.5","999.9","  66.2"," ","  50.4","*"," 0.27","F","999.9","010000"
"28786099999","2022-06-01","54.3666666","71.75","125.0","POLTAVKA, RS","  58.1"," 8","  37.0"," 8","1009.4"," 8","994.7"," 8"," 10.9"," 8"," 11.7"," 8"," 15.5","999.9","  67.5"," ","  46.9","*"," 0.01","F","999.9","000000"
"28786099999","2022-06-02","54.3666666","71.75","125.0","POLTAVKA, RS","  60.8"," 8","  34.0"," 8","1016.1"," 8","001.3"," 8"," 10.9"," 8","  6.3"," 8"," 11.7","999.9","  72.7"," ","  43.0"," "," 0.00","F","999.9","000000"
"28786099999","2022-06-03","54.3666666","71.75","125.0","POLTAVKA, RS","  55.1"," 8","  30.8"," 8","1014.7"," 8","999.8"," 8"," 10.9"," 8","  7.8"," 8"," 11.7","999.9","  64.4"," ","  41.5","*"," 0.00","F","999.9","000000"
"28786099999","2022-06-04","54.3666666","71.75","125.0","POLTAVKA, RS","  51.6"," 6","  25.1"," 6","1015.6"," 6","000.6"," 6"," 10.4"," 6","  3.2"," 6","  5.8","999.9","  59.0","*","  35.4"," "," 0.00","E","999.9","000000"
"28786099999","2022-06-05","54.3666666","71.75","125.0","POLTAVKA, RS","  55.3"," 8","  32.0"," 8","1017.2"," 8","002.3"," 8"," 10.9"," 8","  5.1"," 8","  7.8","999.9","  66.9"," ","  36.7"," "," 0.00","F","999.9","000000"
"28786099999","2022-06-06","54.3666666","71.75","125.0","POLTAVKA, RS","  61.9"," 8","  34.2"," 8","1016.1"," 8","001.3"," 8"," 10.9"," 8","  3.9"," 8","  7.8","999.9","  73.8"," ","  44.6"," "," 0.00","F","999.9","000000"
"28786099999","2022-06-07","54.3666666","71.75","125.0","POLTAVKA, RS","  70.1"," 8","  36.0"," 8","1010.1"," 8","995.7"," 8"," 10.9"," 8","  6.6"," 8"," 11.7","999.9","  79.2"," ","  47.7"," "," 0.00","F","999.9","000000"
"28786099999","2022-06-08","54.3666666","71.75","125.0","POLTAVKA, RS","  72.0"," 8","  47.3"," 8","1003.6"," 8","989.4"," 8","  9.6"," 8","  6.8"," 8"," 11.7","999.9","  83.5"," ","  61.0","*"," 0.00","F","999.9","010000"
"28786099999","2022-06-09","54.3666666","71.75","125.0","POLTAVKA, RS","  68.9"," 7","  39.6"," 7","1003.4"," 7","989.1"," 7"," 10.7"," 7","  3.6"," 7","  5.8","999.9","  82.8"," ","  57.7"," "," 0.00","E","999.9","000000"
"28786099999","2022-06-10","54.3666666","71.75","125.0","POLTAVKA, RS","  72.2"," 8","  38.1"," 8"," 999.2"," 8","985.0"," 8"," 10.9"," 8","  3.2"," 8","  5.8","999.9","  87.3"," ","  50.7"," "," 0.00","F","999.9","000000"
"28786099999","2022-06-11","54.3666666","71.75","125.0","POLTAVKA, RS","  67.7"," 8","  45.3"," 8"," 999.0"," 8","984.7"," 8"," 10.9"," 8","  6.8"," 8","  9.7","999.9","  75.9"," ","  55.4"," "," 0.00","F","999.9","000000"
"28786099999","2022-06-12","54.3666666","71.75","125.0","POLTAVKA, RS","  69.9"," 6","  46.8"," 6"," 999.8"," 6","985.6"," 6"," 11.4"," 6","  6.2"," 6","  9.7","999.9","  79.7","*","  55.0"," "," 0.00","E","999.9","000000"
"28786099999","2022-06-13","54.3666666","71.75","125.0","POLTAVKA, RS","  64.5"," 8","  49.2"," 8","1002.6"," 8","988.2"," 8","  9.9"," 8","  3.2"," 8","  5.8","999.9","  75.0"," ","  51.1"," "," 0.03","F","999.9","010000"
"28786099999","2022-06-14","54.3666666","71.75","125.0","POLTAVKA, RS","  59.7"," 8","  52.9"," 8","1004.7"," 8","990.1"," 8","  8.4"," 8","  3.9"," 8","  5.8","999.9","  69.3"," ","  54.3","*"," 0.43","F","999.9","010010"
"28786099999","2022-06-15","54.3666666","71.75","125.0","POLTAVKA, RS","  62.0"," 7","  51.0"," 7","1007.9"," 7","993.4"," 7"," 10.7"," 7","  4.4"," 7","  7.8","999.9","  73.0"," ","  53.2"," "," 0.01","F","999.9","000010"
"28786099999","2022-06-16","54.3666666","71.75","125.0","POLTAVKA, RS","  66.5"," 7","  46.6"," 7","1008.6"," 7","994.2"," 7"," 10.7"," 7","  4.2"," 7","  9.7","999.9","  78.6"," ","  54.9"," "," 0.03","F","999.9","000000"
"28786099999","2022-06-17","54.3666666","71.75","125.0","POLTAVKA, RS","  69.9"," 8","  45.2"," 8","1007.8"," 8","993.4"," 8"," 10.9"," 8","  5.3"," 8","  9.7","999.9","  82.6"," ","  53.4"," "," 0.00","F","999.9","000000"
"28786099999","2022-06-18","54.3666666","71.75","125.0","POLTAVKA, RS","  71.8"," 8","  44.4"," 8","1006.0"," 8","991.7"," 8"," 10.9"," 8","  3.9"," 7","  7.8","999.9","  84.6"," ","  52.0"," "," 0.00","F","999.9","000000"
"28786099999","2022-06-19","54.3666666","71.75","125.0","POLTAVKA, RS","  75.6"," 8","  48.2"," 8","1003.9"," 8","989.7"," 8"," 10.9"," 8","  3.9"," 8","  7.8","999.9","  85.8"," ","  55.8"," "," 0.00","F","999.9","000000"
"28786099999","2022-06-20","54.3666666","71.75","125.0","POLTAVKA, RS","  77.2"," 7","  51.1"," 7"," 999.4"," 7","985.3"," 7"," 11.5"," 7","  5.8"," 7","  7.8","999.9","  88.9"," ","  63.9"," "," 0.00","F","999.9","000010"
"28786099999","2022-06-21","54.3666666","71.75","125.0","POLTAVKA, RS","  64.8"," 6","  54.3"," 6"," 993.3"," 6","979.0"," 6","  8.7"," 6","  7.1"," 6","  9.7","999.9","  83.1"," ","  57.0","*"," 0.24","F","999.9","010010"
"28786099999","2022-06-22","54.3666666","71.75","125.0","POLTAVKA, RS","  68.1"," 8","  49.5"," 8"," 997.1"," 8","982.8"," 8"," 10.9"," 8"," 10.0"," 8"," 13.6","999.9","  76.3"," ","  56.7"," "," 0.00","F","999.9","000000"
"28786099999","2022-06-23","54.3666666","71.75","125.0","POLTAVKA, RS","  69.8"," 8","  54.8"," 8","1004.2"," 8","989.9"," 8"," 10.9"," 8","  7.8"," 8"," 13.6","999.9","  80.4"," ","  59.5","*"," 0.00","F","999.9","000000"
"28786099999","2022-06-24","54.3666666","71.75","125.0","POLTAVKA, RS","  76.5"," 8","  56.7"," 8","1006.4"," 8","992.3"," 8"," 10.9"," 8","  4.6"," 8","  7.8","999.9","  89.2"," ","  57.2"," "," 0.00","F","999.9","000000"
"28786099999","2022-06-25","54.3666666","71.75","125.0","POLTAVKA, RS","  69.0"," 8","  62.9"," 8","1001.1"," 8","986.8"," 8"," 10.9"," 8","  5.3"," 8","  7.8","999.9","  78.6"," ","  61.2","*"," 0.20","F","999.9","010010"
"28786099999","2022-06-26","54.3666666","71.75","125.0","POLTAVKA, RS","  66.6"," 8","  52.2"," 8"," 999.3"," 8","985.0"," 8"," 10.9"," 8","  6.1"," 8","  9.7","999.9","  77.4"," ","  52.0","*"," 0.08","F","999.9","000000"
"28786099999","2022-06-27","54.3666666","71.75","125.0","POLTAVKA, RS","  57.0"," 8","  46.6"," 8","1004.0"," 8","989.5"," 8"," 10.9"," 8","  7.5"," 8"," 11.7","999.9","  62.2"," ","  47.3"," "," 0.00","F","999.9","000000"
"28786099999","2022-06-28","54.3666666","71.75","125.0","POLTAVKA, RS","  61.7"," 7","  47.9"," 7","1002.8"," 7","988.3"," 7"," 10.7"," 7","  5.3"," 7","  7.8","999.9","  72.9"," ","  53.4"," "," 0.00","F","999.9","000000"
"28786099999","2022-06-29","54.3666666","71.75","125.0","POLTAVKA, RS","  51.7"," 8","  46.2"," 8"," 997.0"," 8","982.3"," 8"," 10.9"," 8","  7.3"," 8"," 11.7","999.9","  58.3"," ","  44.6","*"," 0.20","F","999.9","010000"
"28786099999","2022-06-30","54.3666666","71.75","125.0","POLTAVKA, RS","  56.7"," 7","  40.3"," 7","1002.2"," 7","987.6"," 7"," 10.7"," 7","  9.4"," 7"," 13.6","999.9","  68.9"," ","  44.6"," "," 0.00","F","999.9","000000"
"28786099999","2022-07-01","54.3666666","71.75","125.0","POLTAVKA, RS","  59.7"," 6","  45.8"," 6","1007.8"," 6","993.2"," 6"," 12.4"," 6","  9.1"," 6"," 13.6","999.9","  66.2"," ","  43.9"," "," 0.00","F","999.9","000000"
"28786099999","2022-07-02","54.3666666","71.75","125.0","POLTAVKA, RS","  66.1"," 5","  47.0"," 5","1008.3"," 5","993.9"," 5"," 12.4"," 5","  5.8"," 5","  7.8","999.9","  72.9"," ","  51.3"," "," 0.00","F","999.9","000000"
"28786099999","2022-07-03","54.3666666","71.75","125.0","POLTAVKA, RS","  70.6"," 5","  46.8"," 5","1006.7"," 5","992.4"," 5"," 12.4"," 5","  3.1"," 5","  5.8","999.9","  75.9"," ","  48.4"," "," 0.00","F","999.9","000000"
"28786099999","2022-07-04","54.3666666","71.75","125.0","POLTAVKA, RS","  63.2"," 5","  51.4"," 5"," 999.1"," 5","984.8"," 5"," 12.4"," 5","  8.2"," 5"," 11.7","999.9","  70.2"," ","  54.9"," "," 0.04","F","999.9","010000"
"28786099999","2022-07-05","54.3666666","71.75","125.0","POLTAVKA, RS","  61.8"," 5","  55.9"," 5"," 994.9"," 5","980.6"," 5"," 12.4"," 5"," 10.1"," 5"," 11.7","999.9","  66.0"," ","  57.4"," "," 0.01","F","999.9","010000"
"28786099999","2022-07-06","54.3666666","71.75","125.0","POLTAVKA, RS","  60.8"," 7","  54.3"," 7","1006.2"," 7","991.7"," 7"," 10.7"," 7","  6.4"," 7","  9.7","999.9","  64.6"," ","  56.3"," "," 0.00","F","999.9","000000"
"28786099999","2022-07-07","54.3666666","71.75","125.0","POLTAVKA, RS","  66.4"," 8","  56.0"," 8","1010.6"," 8","996.1"," 8"," 10.9"," 8","  4.6"," 8","  7.8","999.9","  77.9"," ","  57.2"," "," 0.00","F","999.9","000000"
"28786099999","2022-07-08","54.3666666","71.75","125.0","POLTAVKA, RS","  71.8"," 8","  51.2"," 8","1012.9"," 8","998.5"," 8"," 10.9"," 8","  6.1"," 8","  9.7","999.9","  82.0"," ","  59.4"," "," 0.00","F","999.9","000000"
"28786099999","2022-07-09","54.3666666","71.75","125.0","POLTAVKA, RS","  74.7"," 8","  51.0"," 8","1012.8"," 8","998.6"," 8"," 10.9"," 8","  5.6"," 8","  7.8","999.9","  85.3"," ","  60.1"," "," 0.00","F","999.9","000000"
"28786099999","2022-07-10","54.3666666","71.75","125.0","POLTAVKA, RS","  77.4"," 8","  53.3"," 8","1012.7"," 8","998.5"," 8"," 10.9"," 8","  5.8"," 8","  9.7","999.9","  88.5"," ","  60.4"," "," 0.00","F","999.9","000000"
"28786099999","2022-07-11","54.3666666","71.75","125.0","POLTAVKA, RS","  78.0"," 8","  58.6"," 8","1015.0"," 8","000.8"," 8"," 10.1"," 8","  6.3"," 8"," 11.7","999.9","  89.6","*","  64.4"," "," 0.00","E","999.9","000000"
"28786099999","2022-07-12","54.3666666","71.75","125.0","POLTAVKA, RS","  75.8"," 8","  53.5"," 8","1019.9"," 8","005.5"," 8"," 10.9"," 8","  5.1"," 8","  7.8","999.9","  87.4"," ","  61.2","*"," 0.00","F","999.9","000000"
"28786099999","2022-07-13","54.3666666","71.75","125.0","POLTAVKA, RS","  71.0"," 8","  47.0"," 8","1020.0"," 8","005.5"," 8"," 10.9"," 8","  2.7"," 8","  5.8","999.9","  84.4"," ","  55.0"," "," 0.00","F","999.9","000000"
"28786099999","2022-07-14","54.3666666","71.75","125.0","POLTAVKA, RS","  74.8"," 8","  55.9"," 8","1014.3"," 8","000.0"," 8"," 10.9"," 8","  4.6"," 8","  7.8","999.9","  89.2"," ","  56.1"," "," 0.03","F","999.9","000010"
"28786099999","2022-07-15","54.3666666","71.75","125.0","POLTAVKA, RS","  74.7"," 6","  59.1"," 6","1010.2"," 6","995.9"," 6"," 11.4"," 6","  5.5"," 6","  9.7","999.9","  87.1"," ","  61.7"," "," 0.00","F","999.9","000000"
"28786099999","2022-07-16","54.3666666","71.75","125.0","POLTAVKA, RS","  70.9"," 8","  58.3"," 8","1005.2"," 8","991.0"," 8"," 10.4"," 8","  7.0"," 8","  9.7","999.9","  81.7"," ","  59.4"," "," 0.00","F","999.9","010010"
"28786099999","2022-07-17","54.3666666","71.75","125.0","POLTAVKA, RS","  70.9"," 7","  49.6"," 7","1009.6"," 7","995.3"," 7"," 10.7"," 7","  5.8"," 7","  9.7","999.9","  80.2"," ","  57.0","*"," 0.47","F","999.9","000000"
"28786099999","2022-07-18","54.3666666","71.75","125.0","POLTAVKA, RS","  69.4"," 8","  47.1"," 8","1013.7"," 8","999.2"," 8"," 10.9"," 8","  3.9"," 8","  7.8","999.9","  81.3"," ","  53.2"," "," 0.00","F","999.9","000000"
"28786099999","2022-07-19","54.3666666","71.75","125.0","POLTAVKA, RS","  70.1"," 8","  46.0"," 8","1013.0"," 8","998.6"," 8"," 10.9"," 8","  3.6"," 8","  7.8","999.9","  83.1"," ","  54.1"," "," 0.00","F","999.9","000000"
"28786099999","2022-07-20","54.3666666","71.75","125.0","POLTAVKA, RS","  67.4"," 8","  58.1"," 8","1002.8"," 8","988.5"," 8"," 10.9"," 8","  6.3"," 8"," 13.6","999.9","  76.8"," ","  55.8"," "," 0.01","E","999.9","010000"
"28786099999","2022-07-21","54.3666666","71.75","125.0","POLTAVKA, RS","  69.2"," 8","  52.3"," 8"," 999.9"," 8","985.6"," 8"," 10.9"," 8","  7.3"," 8"," 11.7","999.9","  82.0"," ","  57.4","*"," 0.00","F","999.9","000000"
"28786099999","2022-07-22","54.3666666","71.75","125.0","POLTAVKA, RS","  65.2"," 8","  47.8"," 8","1003.9"," 8","989.5"," 8"," 10.9"," 8","  6.1"," 8","  9.7","999.9","  76.5"," ","  52.7","*"," 0.00","F","999.9","000000"
"28786099999","2022-07-23","54.3666666","71.75","125.0","POLTAVKA, RS","  67.3"," 7","  49.9"," 7","1003.3"," 7","989.0"," 7"," 11.5"," 7","  5.3"," 7"," 11.7","999.9","  79.3"," ","  51.1"," "," 0.09","F","999.9","010010"
"28786099999","2022-07-24","54.3666666","71.75","125.0","POLTAVKA, RS","  67.5"," 5","  46.2"," 5","1006.4"," 5","992.0"," 5"," 11.2"," 5","  5.8"," 5"," 11.7","999.9","  76.5"," ","  52.5","*"," 0.00","F","999.9","000000"
"28786099999","2022-07-25","54.3666666","71.75","125.0","POLTAVKA, RS","  72.8"," 8","  50.4"," 8","1009.6"," 8","995.3"," 8"," 10.9"," 8","  3.2"," 8","  5.8","999.9","  87.4"," ","  50.5"," "," 0.00","F","999.9","000000"
"28786099999","2022-07-26","54.3666666","71.75","125.0","POLTAVKA, RS","  79.7"," 8","  49.3"," 8","1006.6"," 8","992.5"," 8"," 10.9"," 8","  3.6"," 8","  7.8","999.9","  93.9"," ","  56.3"," "," 0.00","F","999.9","000000"
"28786099999","2022-07-27","54.3666666","71.75","125.0","POLTAVKA, RS","  77.3"," 8","  56.2"," 8","1003.0"," 8","989.0"," 8"," 10.9"," 8","  7.5"," 8"," 11.7","999.9","  91.8"," ","  67.1"," "," 0.00","F","999.9","000000"
"28786099999","2022-07-28","54.3666666","71.75","125.0","POLTAVKA, RS","  67.0"," 7","  58.8"," 7","1005.1"," 7","990.7"," 7"," 10.7"," 7","  5.3"," 7","  9.7","999.9","  76.3"," ","  62.2","*"," 0.04","F","999.9","000000"
"28786099999","2022-07-29","54.3666666","71.75","125.0","POLTAVKA, RS","  67.6"," 8","  60.7"," 8","1005.7"," 8","991.4"," 8"," 10.9"," 8","  7.5"," 8","  9.7","999.9","  76.5"," ","  59.4","*"," 0.39","F","999.9","000000"
"28786099999","2022-07-30","54.3666666","71.75","125.0","POLTAVKA, RS","  68.3"," 8","  53.1"," 8","1006.7"," 8","992.3"," 8"," 10.9"," 8","  6.8"," 8"," 11.7","999.9","  77.7"," ","  57.0"," "," 0.00","F","999.9","000000"
"28786099999","2022-07-31","54.3666666","71.75","125.0","POLTAVKA, RS","  70.9"," 8","  57.6"," 8","1004.9"," 8","990.6"," 8"," 10.9"," 8","  5.1"," 8","  7.8","999.9","  82.0"," ","  59.7"," "," 0.00","F","999.9","000000"
"28786099999","2022-08-01","54.3666666","71.75","125.0","POLTAVKA, RS","  66.5"," 7","  57.1"," 7","1008.2"," 7","993.8"," 7"," 10.7"," 7","  5.8"," 7","  9.7","999.9","  79.2"," ","  54.1","*"," 0.01","F","999.9","000000"
"28786099999","2022-08-02","54.3666666","71.75","125.0","POLTAVKA, RS","  66.1"," 7","  48.3"," 7","1013.4"," 7","998.9"," 7"," 11.5"," 7","  5.0"," 7","  7.8","999.9","  77.2"," ","  51.1"," "," 0.00","F","999.9","000000"
"28786099999","2022-08-03","54.3666666","71.75","125.0","POLTAVKA, RS","  66.6"," 8","  47.6"," 8","1018.8"," 8","004.2"," 8"," 10.9"," 8","  5.1"," 8","  7.8","999.9","  77.4"," ","  53.2"," "," 0.00","F","999.9","000000"
"28786099999","2022-08-04","54.3666666","71.75","125.0","POLTAVKA, RS","  70.3"," 8","  48.4"," 8","1019.9"," 8","005.4"," 8"," 10.9"," 8","  4.6"," 8","  7.8","999.9","  82.8"," ","  53.6"," "," 0.00","F","999.9","000000"
"28786099999","2022-08-05","54.3666666","71.75","125.0","POLTAVKA, RS","  70.2"," 8","  46.4"," 8","1019.6"," 8","005.1"," 8"," 10.9"," 8","  2.7"," 8","  5.8","999.9","  83.7"," ","  53.4"," "," 0.00","F","999.9","000000"
"28786099999","2022-08-06","54.3666666","71.75","125.0","POLTAVKA, RS","  72.1"," 8","  48.1"," 8","1016.4"," 8","002.0"," 8"," 10.9"," 8","  3.6"," 8","  5.8","999.9","  85.6"," ","  54.9"," "," 0.00","F","999.9","000000"
"28786099999","2022-08-07","54.3666666","71.75","125.0","POLTAVKA, RS","  65.7"," 8","  56.2"," 8","1013.2"," 8","998.6"," 8","  7.1"," 8","  3.2"," 8","  7.8","999.9","  77.7"," ","  56.3"," "," 0.12","F","999.9","010010"
"28786099999","2022-08-08","54.3666666","71.75","125.0","POLTAVKA, RS","  68.3"," 8","  52.5"," 8","1013.4"," 8","999.0"," 8"," 10.9"," 8","  6.8"," 8","  9.7","999.9","  76.5"," ","  58.1"," "," 0.00","F","999.9","000000"
"28786099999","2022-08-09","54.3666666","71.75","125.0","POLTAVKA, RS","  69.7"," 7","  54.1"," 7","1013.0"," 7","998.6"," 7"," 11.5"," 7","  6.4"," 7","  9.7","999.9","  79.5"," ","  59.4"," "," 0.01","F","999.9","000000"
"28786099999","2022-08-10","54.3666666","71.75","125.0","POLTAVKA, RS","  72.4"," 6","  52.0"," 6","1013.1"," 6","998.8"," 6"," 11.4"," 6","  5.8"," 6","  7.8","999.9","  81.0","*","  57.6"," "," 0.00","E","999.9","000000"
"28786099999","2022-08-11","54.3666666","71.75","125.0","POLTAVKA, RS","  70.3"," 8","  61.7"," 8","1014.2"," 8","999.9"," 8","  5.0"," 8","  4.9"," 8","  7.8","999.9","  81.7"," ","  63.0"," "," 0.39","F","999.9","010010"
"28786099999","2022-08-12","54.3666666","71.75","125.0","POLTAVKA, RS","  64.6"," 8","  58.8"," 8","1013.5"," 8","999.0"," 8","  3.4"," 8","  3.2"," 8","  5.8","999.9","  76.1"," ","  52.3","*"," 0.12","F","999.9","010010"
"28786099999","2022-08-13","54.3666666","71.75","125.0","POLTAVKA, RS","  66.4"," 5","  52.7"," 5","1009.8"," 5","995.4"," 5","  9.9"," 5","  6.2"," 5"," 11.7","999.9","  78.3"," ","  51.4"," "," 0.00","F","999.9","000000"
"28786099999","2022-08-14","54.3666666","71.75","125.0","POLTAVKA, RS","  60.8"," 8","  44.0"," 8","1014.5"," 8","999.8"," 8"," 10.9"," 8","  7.0"," 8"," 11.7","999.9","  72.5"," ","  47.1","*"," 0.00","F","999.9","000000"
"28786099999","2022-08-15","54.3666666","71.75","125.0","POLTAVKA, RS","  57.0"," 8","  41.2"," 8","1018.4"," 8","003.6"," 8"," 10.9"," 8","  5.1"," 8","  9.7","999.9","  69.4"," ","  44.6"," "," 0.00","F","999.9","000000"
"28786099999","2022-08-16","54.3666666","71.75","125.0","POLTAVKA, RS","  60.8"," 8","  41.7"," 8","1018.5"," 8","003.7"," 8"," 10.9"," 8","  5.3"," 8","  7.8","999.9","  69.4"," ","  43.7"," "," 0.00","F","999.9","000000"
"28786099999","2022-08-17","54.3666666","71.75","125.0","POLTAVKA, RS","  56.9"," 7","  39.0"," 7","1016.4"," 7","001.6"," 7"," 11.5"," 7","  6.9"," 7"," 13.6","999.9","  66.0"," ","  45.7","*"," 0.00","F","999.9","000000"
"28786099999","2022-08-18","54.3666666","71.75","125.0","POLTAVKA, RS","  54.9"," 8","  39.4"," 8","1020.2"," 8","005.2"," 8"," 10.9"," 8","  5.8"," 8","  7.8","999.9","  61.9"," ","  43.2"," "," 0.08","F","999.9","000000"
"28786099999","2022-08-19","54.3666666","71.75","125.0","POLTAVKA, RS","  51.3"," 8","  44.9"," 8","1022.3"," 8","007.2"," 8","  8.9"," 8","  5.3"," 8","  9.7","999.9","  57.4"," ","  42.4"," "," 0.12","F","999.9","010000"
"28786099999","2022-08-20","54.3666666","71.75","125.0","POLTAVKA, RS","  54.8"," 8","  47.0"," 8","1022.5"," 8","007.5"," 8","  9.6"," 8","  2.4"," 8","  5.8","999.9","  66.9"," ","  46.8","*"," 0.00","F","999.9","100000"
"28786099999","2022-08-21","54.3666666","71.75","125.0","POLTAVKA, RS","  55.2"," 7","  49.3"," 7","1022.2"," 7","007.2"," 7","  9.2"," 7","  3.6"," 7","  5.8","999.9","  59.5"," ","  45.0"," "," 0.04","F","999.9","010000"
"28786099999","2022-08-22","54.3666666","71.75","125.0","POLTAVKA, RS","  55.6"," 8","  42.4"," 8","1024.7"," 8","009.7"," 8"," 10.9"," 8","  2.9"," 8","  5.8","999.9","  68.0"," ","  45.0","*"," 0.00","F","999.9","000000"
"28786099999","2022-08-23","54.3666666","71.75","125.0","POLTAVKA, RS","  57.9"," 8","  40.2"," 8","1027.7"," 8","012.7"," 8"," 10.9"," 8","  3.2"," 8","  5.8","999.9","  71.1"," ","  43.5"," "," 0.00","F","999.9","000000"
"28786099999","2022-08-24","54.3666666","71.75","125.0","POLTAVKA, RS","  60.7"," 8","  41.9"," 8","1026.5"," 8","011.6"," 8"," 10.9"," 8","  1.9"," 8","  3.9","999.9","  77.2"," ","  41.7"," "," 0.00","F","999.9","000000"
"28786099999","2022-08-25","54.3666666","71.75","125.0","POLTAVKA, RS","  69.1"," 8","  50.0"," 8","1019.6"," 8","005.1"," 8"," 10.9"," 8","  3.4"," 8","  5.8","999.9","  83.8"," ","  45.0"," "," 0.00","F","999.9","000000"
"28786099999","2022-08-26","54.3666666","71.75","125.0","POLTAVKA, RS","  68.0"," 8","  47.0"," 8","1017.6"," 8","003.1"," 8"," 10.9"," 8","  3.9"," 8","  7.8","999.9","  82.2"," ","  54.1"," "," 0.00","F","999.9","000000"
"28786099999","2022-08-27","54.3666666","71.75","125.0","POLTAVKA, RS","  60.1"," 6","  43.3"," 6","1021.4"," 6","006.5"," 6"," 10.4"," 6","  5.5"," 6","  7.8","999.9","  69.1","*","  42.6","*"," 0.00","E","999.9","000000"
"28786099999","2022-08-28","54.3666666","71.75","125.0","POLTAVKA, RS","  59.3"," 6","  39.1"," 6","1024.9"," 6","010.0"," 6"," 10.4"," 6","  2.9"," 6","  3.9","999.9","  73.0"," ","  38.8"," "," 0.00","F","999.9","000000"
"28786099999","2022-08-29","54.3666666","71.75","125.0","POLTAVKA, RS","  71.0"," 5","  45.2"," 5","1019.0"," 5","004.6"," 5"," 11.2"," 5","  3.9"," 5","  5.8","999.9","  82.2"," ","  43.5"," "," 0.00","F","999.9","000000"
"28786099999","2022-08-30","54.3666666","71.75","125.0","POLTAVKA, RS","  69.8"," 8","  50.4"," 8","1016.5"," 8","002.1"," 8"," 10.9"," 8","  3.4"," 8","  5.8","999.9","  84.9"," ","  57.4"," "," 0.02","F","999.9","000010"
"28786099999","2022-08-31","54.3666666","71.75","125.0","POLTAVKA, RS","  72.8"," 7","  46.9"," 7","1012.0"," 7","997.6"," 7"," 11.5"," 7","  3.9"," 7","  5.8","999.9","  88.0"," ","  57.7"," "," 0.00","F","999.9","000000"
"28786099999","2022-09-01","54.3666666","71.75","125.0","POLTAVKA, RS","  71.5"," 8","  50.8"," 8","1010.9"," 8","996.5"," 8"," 10.9"," 8","  6.8"," 8"," 13.6","999.9","  86.7"," ","  56.8","*"," 0.00","F","999.9","000000"
"28786099999","2022-09-02","54.3666666","71.75","125.0","POLTAVKA, RS","  74.3"," 7","  53.0"," 7","1015.9"," 7","001.6"," 7"," 11.5"," 7","  6.4"," 7","  9.7","999.9","  92.7"," ","  54.7"," "," 0.00","F","999.9","000000"
"28786099999","2022-09-03","54.3666666","71.75","125.0","POLTAVKA, RS","  76.6"," 8","  47.0"," 8","1010.6"," 8","996.4"," 8"," 10.1"," 8","  7.3"," 8"," 13.6","999.9","  90.9"," ","  58.5","*"," 0.00","F","999.9","000000"
"28786099999","2022-09-04","54.3666666","71.75","125.0","POLTAVKA, RS","  58.4"," 7","  37.1"," 7","1016.4"," 7","001.6"," 7"," 10.7"," 7","  5.8"," 7","  9.7","999.9","  68.4"," ","  46.2","*"," 0.00","F","999.9","000000"
"28786099999","2022-09-05","54.3666666","71.75","125.0","POLTAVKA, RS","  59.8"," 8","  37.6"," 8","1008.9"," 8","994.3"," 8"," 10.1"," 8","  4.9"," 8","  7.8","999.9","  71.8"," ","  40.3"," "," 0.00","F","999.9","000000"
"28786099999","2022-09-06","54.3666666","71.75","125.0","POLTAVKA, RS","  55.8"," 8","  52.6"," 8"," 999.7"," 8","985.1"," 8","  8.4"," 8","  4.6"," 8","  7.8","999.9","  63.5"," ","  50.2"," "," 0.28","F","999.9","010000"
"28786099999","2022-09-07","54.3666666","71.75","125.0","POLTAVKA, RS","  51.3"," 8","  44.4"," 8","1002.1"," 8","987.4"," 8"," 10.1"," 8"," 10.9"," 8"," 17.5","999.9","  56.3","*","  44.6","*"," 0.12","F","999.9","000000"
"28786099999","2022-09-08","54.3666666","71.75","125.0","POLTAVKA, RS","  51.0"," 7","  38.2"," 7","1016.5"," 7","001.5"," 7"," 10.7"," 7","  5.5"," 7","  7.8","999.9","  60.4"," ","  41.7"," "," 0.00","F","999.9","000000"
"28786099999","2022-09-09","54.3666666","71.75","125.0","POLTAVKA, RS","  46.3"," 5","  35.2"," 5","1017.9"," 5","002.7"," 5","  9.9"," 5","  4.7"," 5","  9.7","999.9","  60.6","*","  34.7"," "," 0.00","E","999.9","000000"
"28786099999","2022-09-10","54.3666666","71.75","125.0","POLTAVKA, RS","  53.5"," 8","  35.6"," 8","1013.4"," 8","998.5"," 8"," 10.1"," 8","  3.6"," 8","  5.8","999.9","  65.3"," ","  37.4"," "," 0.00","F","999.9","000000"
"28786099999","2022-09-11","54.3666666","71.75","125.0","POLTAVKA, RS","  50.8"," 7","  36.9"," 7","1007.9"," 7","993.1"," 7"," 10.7"," 7","  8.6"," 7"," 11.7","999.9","  57.6","*","  39.2","*"," 0.00","E","999.9","000000"
"28786099999","2022-09-12","54.3666666","71.75","125.0","POLTAVKA, RS","  45.5"," 8","  34.8"," 8","1021.9"," 8","006.6"," 8"," 10.1"," 8","  2.7"," 8","  3.9","999.9","  57.4"," ","  34.5"," "," 0.00","F","999.9","000000"
"28786099999","2022-09-13","54.3666666","71.75","125.0","POLTAVKA, RS","  48.8"," 7","  37.2"," 7","1027.1"," 7","011.8"," 7","  9.8"," 7","  3.1"," 7","  7.8","999.9","  59.9"," ","  38.7"," "," 0.00","F","999.9","000000"
"28786099999","2022-09-14","54.3666666","71.75","125.0","POLTAVKA, RS","  51.8"," 8","  36.4"," 8","1028.3"," 8","013.1"," 8"," 10.1"," 8","  2.7"," 8","  5.8","999.9","  63.5"," ","  36.9"," "," 0.00","F","999.9","000000"
"28786099999","2022-09-15","54.3666666","71.75","125.0","POLTAVKA, RS","  54.1"," 8","  35.7"," 8","1027.1"," 8","012.0"," 8","  9.3"," 8","  2.9"," 8","  5.8","999.9","  66.6"," ","  41.2","*"," 0.00","F","999.9","000000"
"28786099999","2022-09-16","54.3666666","71.75","125.0","POLTAVKA, RS","  53.5"," 5","  31.0"," 5","1025.2"," 5","010.1"," 5","  9.9"," 5","  4.7"," 5","  9.7","999.9","  65.8"," ","  37.8"," "," 0.00","F","999.9","000000"
"28786099999","2022-09-17","54.3666666","71.75","125.0","POLTAVKA, RS","  51.1"," 8","  29.6"," 8","1024.9"," 8","009.8"," 8","  9.3"," 8","  5.6"," 8","  9.7","999.9","  64.9"," ","  31.3"," "," 0.00","F","999.9","000000"
"28786099999","2022-09-18","54.3666666","71.75","125.0","POLTAVKA, RS","  54.5"," 8","  28.7"," 8","1024.8"," 8","009.7"," 8","  9.3"," 8","  5.3"," 8","  7.8","999.9","  69.8"," ","  39.6"," "," 0.00","F","999.9","000000"
"28786099999","2022-09-19","54.3666666","71.75","125.0","POLTAVKA, RS","  61.5"," 8","  29.8"," 8","1022.2"," 8","007.4"," 8","  9.3"," 8","  3.6"," 8","  5.8","999.9","  79.2"," ","  39.4"," "," 0.00","F","999.9","000000"
"28786099999","2022-09-20","54.3666666","71.75","125.0","POLTAVKA, RS","  68.8"," 6","  43.0"," 6","1021.6"," 6","007.0"," 6","  9.3"," 6","  3.2"," 6","  5.8","999.9","  86.7"," ","  52.5"," "," 0.00","F","999.9","000000"
"28786099999","2022-09-21","54.3666666","71.75","125.0","POLTAVKA, RS","  64.7"," 7","  41.3"," 7","1020.3"," 7","005.6"," 7","  8.9"," 7","  2.8"," 7","  5.8","999.9","  86.0"," ","  51.6","*"," 0.00","F","999.9","000000"
"28786099999","2022-09-22","54.3666666","71.75","125.0","POLTAVKA, RS","  68.7"," 8","  40.1"," 8","1019.8"," 8","005.3"," 8","  9.3"," 8","  4.6"," 8","  7.8","999.9","  84.2"," ","  51.4"," "," 0.00","F","999.9","000000"
"28786099999","2022-09-23","54.3666666","71.75","125.0","POLTAVKA, RS","  63.6"," 8","  40.0"," 8","1021.5"," 8","006.7"," 8","  9.3"," 8","  4.6"," 8","  7.8","999.9","  77.0"," ","  50.7"," "," 0.00","F","999.9","000000"
"28786099999","2022-09-24","54.3666666","71.75","125.0","POLTAVKA, RS","  68.0"," 8","  43.4"," 8","1013.4"," 8","999.0"," 8","  9.3"," 8","  3.6"," 8","  7.8","999.9","  87.3"," ","  52.9"," "," 0.00","F","999.9","000000"
"28786099999","2022-09-25","54.3666666","71.75","125.0","POLTAVKA, RS","  59.0"," 7","  43.4"," 7","1009.6"," 7","994.9"," 7","  9.8"," 7","  6.1"," 7"," 11.7"," 19.4","  75.7","*","  44.6","*"," 0.00","E","999.9","000000"
"28786099999","2022-09-26","54.3666666","71.75","125.0","POLTAVKA, RS","  38.2"," 8","  36.2"," 8","1010.5"," 8","995.2"," 8","  2.5"," 8","  8.5"," 8"," 11.7","999.9","  41.0","*","  36.3","*"," 0.39","F","999.9","010000"
"28786099999","2022-09-27","54.3666666","71.75","125.0","POLTAVKA, RS","  33.5"," 7","  31.3"," 7","1010.9"," 7","995.4"," 7","  5.0"," 7","  7.2"," 7","  9.7"," 19.4","  36.1"," ","  32.4","*"," 0.24","F","999.9","011000"
"28786099999","2022-09-28","54.3666666","71.75","125.0","POLTAVKA, RS","  30.5"," 7","  25.6"," 7","1019.7"," 7","004.0"," 7","  6.4"," 7","  6.7"," 7","  7.8","999.9","  34.7"," ","  24.8","*"," 0.05","F","  0.4","001000"
"28786099999","2022-09-29","54.3666666","71.75","125.0","POLTAVKA, RS","  29.0"," 5","  24.0"," 5","1028.7"," 5","012.8"," 5","  8.7"," 5","  4.7"," 5","  7.8","999.9","  32.5"," ","  21.0"," "," 0.00","F","  0.4","000000"
"28786099999","2022-09-30","54.3666666","71.75","125.0","POLTAVKA, RS","  32.3"," 6","  22.8"," 6","1034.9"," 6","019.0"," 6"," 10.4"," 6","  4.9"," 6","  7.8","999.9","  34.9","*","  27.1"," "," 0.00","E","999.9","000000"
"28786099999","2022-10-01","54.3666666","71.75","125.0","POLTAVKA, RS","  35.3"," 8","  25.2"," 8","1039.8"," 8","024.0"," 8","  9.3"," 8","  2.2"," 8","  3.9","999.9","  41.4"," ","  30.0"," "," 0.00","F","999.9","000000"
"28786099999","2022-10-02","54.3666666","71.75","125.0","POLTAVKA, RS","  33.0"," 5","  21.1"," 5","1037.9"," 5","022.0"," 5","  9.9"," 5","  3.5"," 5","  5.8","999.9","  43.0","*","  22.8"," "," 0.00","E","999.9","000000"
"28786099999","2022-10-03","54.3666666","71.75","125.0","POLTAVKA, RS","  35.9"," 8","  21.8"," 8","1035.5"," 8","019.7"," 8","  9.3"," 8","  3.6"," 8","  5.8","999.9","  49.8"," ","  24.3"," "," 0.00","F","999.9","000000"
"28786099999","2022-10-04","54.3666666","71.75","125.0","POLTAVKA, RS","  42.8"," 8","  23.2"," 8","1034.7"," 8","019.1"," 8","  9.3"," 8","  5.1"," 8","  7.8","999.9","  52.2"," ","  20.7"," "," 0.00","F","999.9","000000"
"28786099999","2022-10-05","54.3666666","71.75","125.0","POLTAVKA, RS","  51.6"," 8","  27.0"," 8","1033.4"," 8","018.2"," 8","  9.3"," 8","  6.1"," 8"," 11.7","999.9","  67.8"," ","  35.2"," "," 0.00","F","999.9","000000"
"28786099999","2022-10-06","54.3666666","71.75","125.0","POLTAVKA, RS","  49.7"," 8","  23.8"," 8","1029.1"," 8","013.8"," 8","  9.3"," 8","  4.6"," 8","  7.8","999.9","  60.8"," ","  41.0"," "," 0.00","F","999.9","000000"
"28786099999","2022-10-07","54.3666666","71.75","125.0","POLTAVKA, RS","  54.7"," 8","  27.2"," 8","1018.2"," 8","003.3"," 8","  9.3"," 8","  5.8"," 8","  9.7","999.9","  72.9"," ","  40.1"," "," 0.00","F","999.9","000000"
"28786099999","2022-10-08","54.3666666","71.75","125.0","POLTAVKA, RS","  50.1"," 8","  32.1"," 8","1011.5"," 8","996.5"," 8","  9.3"," 8","  3.9"," 8","  5.8","999.9","  61.2"," ","  43.0"," "," 0.00","F","999.9","000000"
"28786099999","2022-10-09","54.3666666","71.75","125.0","POLTAVKA, RS","  45.8"," 8","  40.2"," 8","1018.0"," 8","002.8"," 8","  9.3"," 8","  7.0"," 8"," 11.7","999.9","  50.0"," ","  41.5"," "," 0.00","F","999.9","010000"
"28786099999","2022-10-10","54.3666666","71.75","125.0","POLTAVKA, RS","  49.6"," 8","  37.0"," 8","1025.1"," 8","009.9"," 8","  9.3"," 8","  7.5"," 8"," 11.7","999.9","  59.5"," ","  42.3","*"," 0.00","F","999.9","000000"
"28786099999","2022-10-11","54.3666666","71.75","125.0","POLTAVKA, RS","  50.1"," 8","  36.5"," 8","1023.6"," 8","008.4"," 8","  9.3"," 8","  5.3"," 8","  9.7","999.9","  62.8"," ","  32.5"," "," 0.00","F","999.9","000000"
"28786099999","2022-10-12","54.3666666","71.75","125.0","POLTAVKA, RS","  49.4"," 8","  37.8"," 8","1024.5"," 8","009.3"," 8","  9.3"," 8","  3.2"," 8","  3.9","999.9","  59.9"," ","  40.3","*"," 0.00","E","999.9","000000"
"28786099999","2022-10-13","54.3666666","71.75","125.0","POLTAVKA, RS","  47.7"," 8","  34.3"," 8","1025.4"," 8","010.2"," 8","  9.3"," 8","  8.7"," 8"," 13.6","999.9","  56.5"," ","  36.9"," "," 0.00","F","999.9","000000"
"28786099999","2022-10-14","54.3666666","71.75","125.0","POLTAVKA, RS","  47.8"," 7","  31.5"," 7","1020.3"," 7","005.1"," 7","  9.8"," 7","  6.9"," 7"," 13.6","999.9","  59.4"," ","  38.3","*"," 0.00","F","999.9","000000"
"28786099999","2022-10-15","54.3666666","71.75","125.0","POLTAVKA, RS","  49.4"," 8","  38.7"," 8","1022.3"," 8","007.2"," 8","  9.3"," 8","  2.9"," 8","  5.8","999.9","  58.6"," ","  36.9"," "," 0.00","F","999.9","000000"
"28786099999","2022-10-16","54.3666666","71.75","125.0","POLTAVKA, RS","  46.4"," 8","  40.3"," 8","1019.4"," 8","004.2"," 8","  8.1"," 8","  3.4"," 8","  5.8","999.9","  55.8"," ","  41.9","*"," 0.05","F","999.9","010000"
"28786099999","2022-10-17","54.3666666","71.75","125.0","POLTAVKA, RS","  41.8"," 6","  36.9"," 6","1021.8"," 6","006.4"," 6","  9.3"," 6","  6.5"," 6","  9.7","999.9","  45.9"," ","  38.7","*"," 0.01","E","999.9","000000"
"28786099999","2022-10-18","54.3666666","71.75","125.0","POLTAVKA, RS","  42.1"," 7","  37.0"," 7","1019.0"," 7","003.7"," 7","  9.8"," 7","  6.1"," 7","  7.8","999.9","  49.3"," ","  36.3","*"," 0.03","F","999.9","010000"
"28786099999","2022-10-19","54.3666666","71.75","125.0","POLTAVKA, RS","  40.6"," 7","  34.3"," 7","1010.1"," 7","994.9"," 7","  6.9"," 7","  7.8"," 7"," 11.7","999.9","  47.1"," ","  35.2"," "," 0.04","F","999.9","010000"
"28786099999","2022-10-20","54.3666666","71.75","125.0","POLTAVKA, RS","  39.2"," 8","  36.1"," 8","1010.7"," 8","995.4"," 8","  8.6"," 8","  4.4"," 8","  5.8","999.9","  45.0"," ","  34.9","*"," 0.02","F","999.9","110000"
"28786099999","2022-10-21","54.3666666","71.75","125.0","POLTAVKA, RS","  46.3"," 7","  39.3"," 7","1009.9"," 7","994.9"," 7","  9.8"," 7","  6.4"," 7","  9.7","999.9","  55.8"," ","  34.3"," "," 0.01","F","999.9","000000"
"28786099999","2022-10-22","54.3666666","71.75","125.0","POLTAVKA, RS","  35.9"," 8","  33.6"," 8","1003.9"," 8","988.7"," 8","  4.2"," 8","  7.3"," 8"," 15.5","999.9","  41.2"," ","  30.0","*"," 0.24","F","999.9","011000"
"28786099999","2022-10-23","54.3666666","71.75","125.0","POLTAVKA, RS","  31.2"," 8","  27.1"," 8","1021.0"," 8","005.3"," 8","  9.3"," 8"," 10.0"," 8"," 11.7","999.9","  33.8"," ","  28.2"," "," 0.24","F","  2.4","000000"
"28786099999","2022-10-24","54.3666666","71.75","125.0","POLTAVKA, RS","  28.9"," 8","  23.0"," 8","1025.2"," 8","009.4"," 8","  9.3"," 8","  8.3"," 8","  9.7","999.9","  33.3"," ","  23.9"," "," 0.00","F","  2.0","000000"
"28786099999","2022-10-25","54.3666666","71.75","125.0","POLTAVKA, RS","  31.6"," 8","  24.3"," 8","1016.3"," 8","000.7"," 8","  9.3"," 8","  7.5"," 8","  9.7","999.9","  38.3"," ","  23.2"," "," 0.00","F","  1.6","000000"
"28786099999","2022-10-26","54.3666666","71.75","125.0","POLTAVKA, RS","  31.0"," 7","  28.0"," 7","1011.0"," 7","995.4"," 7","  5.9"," 7","  5.0"," 7","  7.8","999.9","  36.3"," ","  25.9"," "," 0.31","F","  0.8","011000"
"28786099999","2022-10-27","54.3666666","71.75","125.0","POLTAVKA, RS","  28.1"," 8","  24.1"," 8","1023.1"," 8","007.2"," 8","  7.6"," 8"," 10.4"," 8"," 13.6","999.9","  30.4","*","  24.6","*"," 0.21","F","  2.4","001000"
"28786099999","2022-10-28","54.3666666","71.75","125.0","POLTAVKA, RS","  23.0"," 8","  18.2"," 8","1031.1"," 8","015.0"," 8","  9.3"," 8","  7.8"," 8"," 11.7","999.9","  28.0"," ","  14.2"," "," 0.00","F","  2.0","000000"
"28786099999","2022-10-29","54.3666666","71.75","125.0","POLTAVKA, RS","  19.6"," 8","  16.2"," 8","1030.2"," 8","013.9"," 8","  9.3"," 8","  3.6"," 8","  5.8","999.9","  28.4"," ","  12.2","*"," 0.00","F","  2.0","000000"
"28786099999","2022-10-30","54.3666666","71.75","125.0","POLTAVKA, RS","  22.9"," 8","  19.6"," 8","1019.7"," 8","003.7"," 8","  9.3"," 8","  4.1"," 8","  5.8","999.9","  30.7"," ","  11.5"," "," 0.00","F","  2.0","000000"
"28786099999","2022-10-31","54.3666666","71.75","125.0","POLTAVKA, RS","  21.2"," 8","  19.3"," 8","1019.6"," 8","003.5"," 8","  5.8"," 8","  3.9"," 8","  7.8","999.9","  27.1"," ","  17.4"," "," 0.00","F","  2.0","100000"
"28786099999","2022-11-01","54.3666666","71.75","125.0","POLTAVKA, RS","  33.9"," 8","  31.0"," 8","1018.8"," 8","003.2"," 8","  9.3"," 8","  8.7"," 8","  9.7","999.9","  37.6"," ","  18.1"," "," 0.00","F","  1.6","010000"
"28786099999","2022-11-02","54.3666666","71.75","125.0","POLTAVKA, RS","  34.9"," 8","  31.3"," 8","1011.0"," 8","995.5"," 8","  8.9"," 8"," 10.4"," 8"," 11.7","999.9","  40.5"," ","  29.5"," "," 0.02","F","  0.4","010000"
"28786099999","2022-11-03","54.3666666","71.75","125.0","POLTAVKA, RS","  34.4"," 8","  31.0"," 8","1016.7"," 8","001.1"," 8","  8.1"," 8","  8.7"," 8"," 11.7","999.9","  38.8"," ","  27.1"," "," 0.21","F","999.9","010000"
"28786099999","2022-11-04","54.3666666","71.75","125.0","POLTAVKA, RS","  37.7"," 8","  34.9"," 8","1008.5"," 8","993.2"," 8","  2.5"," 8"," 10.4"," 8"," 15.5","999.9","  40.6"," ","  30.9","*"," 0.39","F","999.9","011000"
"28786099999","2022-11-05","54.3666666","71.75","125.0","POLTAVKA, RS","  30.7"," 8","  26.0"," 8","1008.0"," 8","992.5"," 8","  7.1"," 8"," 13.4"," 8"," 15.5","999.9","  32.4"," ","  28.8"," "," 0.17","F","  0.4","001000"
"28786099999","2022-11-06","54.3666666","71.75","125.0","POLTAVKA, RS","  29.8"," 8","  26.4"," 8","1014.5"," 8","998.9"," 8","  9.3"," 8","  9.5"," 8"," 11.7","999.9","  30.7"," ","  28.9"," "," 0.04","F","  0.8","000000"
"28786099999","2022-11-07","54.3666666","71.75","125.0","POLTAVKA, RS","  27.5"," 8","  25.0"," 8","1018.8"," 8","003.0"," 8","  5.9"," 8","  3.4"," 8","  5.8","999.9","  29.3"," ","  25.5","*"," 0.04","F","  0.8","001000"
"28786099999","2022-11-08","54.3666666","71.75","125.0","POLTAVKA, RS","  27.6"," 8","  24.2"," 8","1022.0"," 8","006.2"," 8","  8.9"," 8","  3.2"," 8","  5.8","999.9","  29.5"," ","  25.0"," "," 0.01","F","  0.8","001000"
"28786099999","2022-11-09","54.3666666","71.75","125.0","POLTAVKA, RS","  29.9"," 8","  25.9"," 8","1024.7"," 8","008.9"," 8","  8.9"," 8","  6.3"," 8","  7.8","999.9","  32.9"," ","  26.8"," "," 0.00","F","  0.8","001000"
"28786099999","2022-11-10","54.3666666","71.75","125.0","POLTAVKA, RS","  32.3"," 8","  29.7"," 8","1023.0"," 8","007.3"," 8","  6.2"," 8","  7.3"," 8","  7.8","999.9","  34.3"," ","  29.1"," "," 0.08","F","  0.8","001000"
"28786099999","2022-11-11","54.3666666","71.75","125.0","POLTAVKA, RS","  32.7"," 8","  31.2"," 8","1020.9"," 8","005.2"," 8","  5.4"," 8","  6.6"," 8","  9.7","999.9","  33.4"," ","  32.0"," "," 0.04","F","  1.2","001000"
"28786099999","2022-11-12","54.3666666","71.75","125.0","POLTAVKA, RS","  34.6"," 8","  33.5"," 8","1008.3"," 8","993.0"," 8","  3.0"," 8","  8.0"," 8","  9.7","999.9","  37.2","*","  31.6"," "," 0.31","F","  1.2","011000"
"28786099999","2022-11-13","54.3666666","71.75","125.0","POLTAVKA, RS","  33.5"," 8","  32.1"," 8"," 999.1"," 8","983.8"," 8","  2.5"," 8"," 10.0"," 8"," 13.6","999.9","  37.0"," ","  30.7","*"," 0.31","F","  0.4","011000"
"28786099999","2022-11-14","54.3666666","71.75","125.0","POLTAVKA, RS","  34.0"," 8","  32.5"," 8"," 987.1"," 8","972.0"," 8","  5.0"," 8","  9.5"," 8"," 11.7","999.9","  36.7"," ","  30.2"," "," 0.24","F","  2.4","011000"
"28786099999","2022-11-15","54.3666666","71.75","125.0","POLTAVKA, RS","  32.9"," 8","  31.2"," 8"," 989.3"," 8","974.2"," 8","  3.7"," 8","  6.1"," 8","  7.8","999.9","  35.6"," ","  29.1","*"," 0.15","F","  0.4","011000"
"28786099999","2022-11-16","54.3666666","71.75","125.0","POLTAVKA, RS","  14.4"," 8","  11.0"," 8","1006.8"," 8","990.8"," 8","  5.4"," 8","  6.1"," 8","  7.8","999.9","  26.2","*","   5.5","*"," 0.16","F","  2.8","001000"
"28786099999","2022-11-17","54.3666666","71.75","125.0","POLTAVKA, RS","   2.6"," 8","  -2.0"," 8","1028.6"," 8","011.8"," 8","  9.3"," 8","  4.1"," 8","  7.8","999.9","   6.6"," ","  -2.4","*"," 0.01","F","  2.8","000000"
"28786099999","2022-11-18","54.3666666","71.75","125.0","POLTAVKA, RS","   0.9"," 8","  -3.2"," 8","1030.2"," 8","013.3"," 8","  9.3"," 8","  1.9"," 8","  3.9","999.9","   6.8"," ","  -4.4"," "," 0.00","F","  2.8","000000"
"28786099999","2022-11-19","54.3666666","71.75","125.0","POLTAVKA, RS","   5.7"," 8","   1.9"," 8","1021.5"," 8","004.9"," 8","  6.8"," 8","  4.9"," 8","  9.7","999.9","  18.5"," ","  -5.1","*"," 0.02","F","  2.8","001000"
"28786099999","2022-11-20","54.3666666","71.75","125.0","POLTAVKA, RS","   0.8"," 8","  -3.0"," 8","1026.6"," 8","009.7"," 8","  9.3"," 8","  3.4"," 8","  5.8","999.9","   8.2","*","  -8.9"," "," 0.00","F","  2.8","000000"
"28786099999","2022-11-21","54.3666666","71.75","125.0","POLTAVKA, RS","   8.2"," 8","   3.7"," 8","1020.0"," 8","003.5"," 8","  9.3"," 8","  5.1"," 8","  7.8","999.9","  13.6"," ","   0.9"," "," 0.00","F","  2.8","000000"
"28786099999","2022-11-22","54.3666666","71.75","125.0","POLTAVKA, RS","   7.1"," 8","   3.1"," 8","1018.3"," 8","001.8"," 8","  7.6"," 8","  8.0"," 8"," 11.7","999.9","  12.6"," ","  -0.2","*"," 0.01","F","  2.4","001000"
"28786099999","2022-11-23","54.3666666","71.75","125.0","POLTAVKA, RS","  -6.5"," 8"," -11.4"," 8","1033.9"," 8","016.7"," 8","  9.3"," 8","  3.2"," 8","  5.8","999.9","   0.1"," "," -11.9","*"," 0.00","F","  2.4","000000"
"28786099999","2022-11-24","54.3666666","71.75","125.0","POLTAVKA, RS","   3.1"," 8","  -1.1"," 8","1026.7"," 8","009.9"," 8","  9.3"," 8","  7.0"," 8","  9.7","999.9","   7.0"," "," -12.3"," "," 0.00","F","  2.4","000000"
"28786099999","2022-11-25","54.3666666","71.75","125.0","POLTAVKA, RS","   0.2"," 8","  -5.3"," 8","1027.2"," 8","010.3"," 8","  8.9"," 8","  8.7"," 8"," 11.7","999.9","   7.0","*","  -8.5","*"," 0.01","F","  2.4","000000"
"28786099999","2022-11-26","54.3666666","71.75","125.0","POLTAVKA, RS"," -13.5"," 8"," -19.7"," 8","1052.1"," 8","034.3"," 8","  9.3"," 8","  3.6"," 8","  7.8","999.9","  -8.3"," "," -18.4","*"," 0.00","F","  2.0","000000"
"28786099999","2022-11-27","54.3666666","71.75","125.0","POLTAVKA, RS"," -14.3"," 8"," -20.4"," 8","1057.4"," 8","039.5"," 8","  9.3"," 8","  2.9"," 8","  5.8","999.9","  -4.5"," "," -22.4"," "," 0.00","F","  2.0","000000"
"28786099999","2022-11-28","54.3666666","71.75","125.0","POLTAVKA, RS"," -12.8"," 8"," -18.9"," 8","1057.1"," 8","039.2"," 8","  9.3"," 8","  7.3"," 8","  9.7","999.9","  -8.3"," "," -19.3"," "," 0.00","F","  2.0","000000"
"28786099999","2022-11-29","54.3666666","71.75","125.0","POLTAVKA, RS","  -7.9"," 8"," -15.7"," 8","1052.0"," 8","034.4"," 8","  9.3"," 8","  6.6"," 8","  7.8","999.9","  -2.9"," "," -13.5"," "," 0.00","F","  2.0","000000"
"28786099999","2022-11-30","54.3666666","71.75","125.0","POLTAVKA, RS","  -6.2"," 8"," -14.6"," 8","1044.4"," 8","027.0"," 8","  9.3"," 8","  7.5"," 8"," 11.7","999.9","  -0.6"," "," -13.0"," "," 0.00","F","  2.0","000000"
"28786099999","2022-12-01","54.3666666","71.75","125.0","POLTAVKA, RS","  -3.0"," 8"," -13.6"," 8","1044.9"," 8","027.6"," 8","  9.3"," 8","  5.8"," 8","  7.8","999.9","   2.7"," ","  -9.6"," "," 0.00","F","  2.0","000000"
"28786099999","2022-12-02","54.3666666","71.75","125.0","POLTAVKA, RS","  -0.7"," 8","  -6.6"," 8","1048.8"," 8","031.6"," 8","  9.3"," 8","  5.1"," 8","  7.8","999.9","   7.9"," ","  -8.9"," "," 0.00","F","  2.0","000000"
"28786099999","2022-12-03","54.3666666","71.75","125.0","POLTAVKA, RS","  -6.6"," 8"," -11.2"," 8","1046.7"," 8","029.3"," 8","  8.1"," 8","  3.4"," 8","  5.8","999.9","  -1.7"," "," -13.2","*"," 0.00","F","  2.0","001000"
"28786099999","2022-12-04","54.3666666","71.75","125.0","POLTAVKA, RS","  -9.9"," 8"," -16.1"," 8","1036.6"," 8","019.3"," 8","  9.3"," 8","  2.9"," 8","  3.9","999.9","  -2.2"," "," -18.0","*"," 0.00","F","  2.0","000000"
"28786099999","2022-12-05","54.3666666","71.75","125.0","POLTAVKA, RS"," -12.6"," 8"," -18.1"," 8","1042.2"," 8","024.6"," 8","  9.3"," 8","  1.2"," 8","  1.9","999.9","  -0.8"," "," -19.5"," "," 0.00","F","  2.0","000000"
"28786099999","2022-12-06","54.3666666","71.75","125.0","POLTAVKA, RS"," -10.5"," 8"," -15.5"," 8","1044.0"," 8","026.4"," 8","  9.3"," 8","  1.2"," 8","  1.9","999.9","  -3.8"," "," -18.6"," "," 0.00","E","  2.0","000000"
"28786099999","2022-12-07","54.3666666","71.75","125.0","POLTAVKA, RS"," -10.5"," 8"," -15.5"," 8","1041.6"," 8","024.1"," 8","  6.8"," 8","  2.2"," 8","  3.9","999.9","  -3.6"," "," -15.9","*"," 0.00","F","  2.0","001000"
"28786099999","2022-12-08","54.3666666","71.75","125.0","POLTAVKA, RS"," -11.4"," 8"," -16.6"," 8","1036.6"," 8","019.2"," 8","  9.3"," 8","  4.1"," 8","  5.8","999.9","  -3.6"," "," -17.9"," "," 0.00","F","  2.0","000000"
"28786099999","2022-12-09","54.3666666","71.75","125.0","POLTAVKA, RS","   1.2"," 8","  -2.7"," 8","1033.0"," 8","016.0"," 8","  8.1"," 8","  4.9"," 8","  7.8","999.9","   8.1"," "," -13.9"," "," 0.01","F","  2.0","001000"
"28786099999","2022-12-10","54.3666666","71.75","125.0","POLTAVKA, RS","   7.6"," 8","   3.0"," 8","1035.4"," 8","018.6"," 8","  4.7"," 8","  6.6"," 8","  9.7","999.9","  11.8"," ","   0.1"," "," 0.02","F","  2.0","001000"
"28786099999","2022-12-11","54.3666666","71.75","125.0","POLTAVKA, RS","  11.4"," 8","   5.6"," 8","1036.8"," 8","020.2"," 8","  8.5"," 8","  6.6"," 8","  9.7","999.9","  14.5"," ","   6.6"," "," 0.09","F","  2.8","001000"
"28786099999","2022-12-12","54.3666666","71.75","125.0","POLTAVKA, RS","  16.9"," 8","  12.0"," 8","1029.0"," 8","012.7"," 8","  7.1"," 8","  9.0"," 8"," 13.6","999.9","  23.4","*","   6.8"," "," 0.08","F","  2.0","001000"
"28786099999","2022-12-13","54.3666666","71.75","125.0","POLTAVKA, RS","   4.8"," 8","   0.1"," 8","1035.3"," 8","018.4"," 8","  4.3"," 8","  4.6"," 8","  5.8","999.9","  21.9","*"," -14.3","*"," 0.06","F","  2.4","001000"
"28786099999","2022-12-14","54.3666666","71.75","125.0","POLTAVKA, RS"," -15.3"," 8"," -21.4"," 8","1050.3"," 8","032.5"," 8","  8.5"," 8","  3.6"," 8","  7.8","999.9"," -10.7"," "," -18.6"," "," 0.00","F","  2.8","000000"
"28786099999","2022-12-15","54.3666666","71.75","125.0","POLTAVKA, RS"," -11.1"," 8"," -17.1"," 8","1047.8"," 8","030.2"," 8","  8.5"," 8","  9.7"," 8"," 13.6","999.9","  -7.6"," "," -17.7"," "," 0.00","F","  2.8","000000"
"28786099999","2022-12-16","54.3666666","71.75","125.0","POLTAVKA, RS"," -15.9"," 7"," -22.0"," 7","1039.7"," 7","022.0"," 7","  8.9"," 7","  5.0"," 7"," 11.7","999.9"," -11.0"," "," -19.5","*"," 0.00","F","  2.4","000000"
"28786099999","2022-12-17","54.3666666","71.75","125.0","POLTAVKA, RS","  -7.8"," 8"," -13.4"," 8","1033.5"," 8","016.2"," 8","  8.5"," 8","  3.4"," 8","  5.8","999.9","   3.4"," "," -23.3"," "," 0.00","F","  2.4","000000"
"28786099999","2022-12-18","54.3666666","71.75","125.0","POLTAVKA, RS","   7.6"," 8","   4.5"," 8","1036.9"," 8","020.2"," 8","  7.1"," 8","  5.8"," 8"," 11.7","999.9","  16.7","*","  -2.6"," "," 0.00","F","  2.4","001000"
"28786099999","2022-12-19","54.3666666","71.75","125.0","POLTAVKA, RS","  28.4"," 8","  21.1"," 8","1019.7"," 8","003.9"," 8","  7.3"," 8"," 11.7"," 8"," 15.5","999.9","  32.0"," ","  11.7"," "," 0.03","F","  2.8","000000"
"28786099999","2022-12-20","54.3666666","71.75","125.0","POLTAVKA, RS","  22.8"," 8","  17.8"," 8","1014.1"," 8","998.2"," 8","  5.6"," 8","  8.3"," 8"," 11.7","999.9","  27.5","*","  14.7","*"," 0.04","F","  2.8","001000"
"28786099999","2022-12-21","54.3666666","71.75","125.0","POLTAVKA, RS","   3.2"," 8","  -0.6"," 8","1014.9"," 8","998.4"," 8","  8.1"," 8","  4.6"," 8","  7.8","999.9","  10.8","*","  -1.7","*"," 0.02","F","  2.8","001000"
"28786099999","2022-12-22","54.3666666","71.75","125.0","POLTAVKA, RS","  -7.6"," 8"," -12.7"," 8","1031.5"," 8","014.3"," 8","  8.5"," 8","  5.6"," 8","  7.8","999.9","  -0.2","*"," -14.4","*"," 0.00","F","  2.8","000000"
"28786099999","2022-12-23","54.3666666","71.75","125.0","POLTAVKA, RS","   9.6"," 8","   5.7"," 8","1028.2"," 8","011.7"," 8","  5.1"," 8","  9.7"," 8"," 11.7","999.9","  22.1","*"," -15.3"," "," 0.16","F","  2.8","001000"
"28786099999","2022-12-24","54.3666666","71.75","125.0","POLTAVKA, RS","  24.0"," 8","  21.1"," 8","1028.0"," 8","011.4"," 8","  8.5"," 8","  6.8"," 8","  9.7","999.9","  25.9"," ","  17.2"," "," 0.01","F","  4.3","000000"
"28786099999","2022-12-25","54.3666666","71.75","125.0","POLTAVKA, RS","  15.4"," 8","   7.3"," 8","1029.4"," 8","013.0"," 8","  8.5"," 8","  6.6"," 8","  7.8","999.9","  19.6","*","  11.7","*"," 0.00","F","  4.3","000000"
"28786099999","2022-12-26","54.3666666","71.75","125.0","POLTAVKA, RS","  14.7"," 8","   1.8"," 8","1032.1"," 8","015.6"," 8","  8.5"," 8","  6.1"," 8","  7.8","999.9","  24.3"," ","   4.8","*"," 0.00","F","  4.3","000000"
"28786099999","2022-12-27","54.3666666","71.75","125.0","POLTAVKA, RS","  10.7"," 8","   4.9"," 8","1027.0"," 8","010.5"," 8","  8.5"," 8","  3.9"," 8","  5.8","999.9","  17.1"," ","   2.5"," "," 0.00","F","  4.3","000000"
"28786099999","2022-12-28","54.3666666","71.75","125.0","POLTAVKA, RS","  10.5"," 8","   7.0"," 8","1027.6"," 8","011.1"," 8","  5.6"," 8","  4.9"," 8","  7.8","999.9","  17.8"," ","   0.5","*"," 0.00","F","  4.3","101000"
"28786099999","2022-12-29","54.3666666","71.75","125.0","POLTAVKA, RS","  -1.9"," 8","  -5.9"," 8","1034.7"," 8","017.6"," 8","  4.5"," 8","  0.2"," 8","  1.9","999.9","   1.6"," ","  -4.7","*"," 0.02","F","  4.3","101000"
"28786099999","2022-12-30","54.3666666","71.75","125.0","POLTAVKA, RS","  -1.1"," 8","  -5.0"," 8","1034.1"," 8","017.1"," 8","  5.1"," 8","  1.7"," 8","  1.9","999.9","   3.0"," ","  -5.1","*"," 0.02","F","  4.3","001000"
"28786099999","2022-12-31","54.3666666","71.75","125.0","POLTAVKA, RS","  -0.7"," 8","  -4.7"," 8","1028.4"," 8","011.5"," 8","  2.5"," 8","  6.6"," 8","  7.8","999.9","   1.6"," ","  -6.2"," "," 0.16","F","  5.1","001000"
