"STATION","DATE","LATITUDE","LONGITUDE","ELEVATION","NAME","TEMP","TEMP_ATTRIBUTES","DEWP","DEWP_ATTRIBUTES","SLP","SLP_ATTRIBUTES","STP","STP_ATTRIBUTES","VISIB","VISIB_ATTRIBUTES","WDSP","WDSP_ATTRIBUTES","MXSPD","GUST","MAX","MAX_ATTRIBUTES","MIN","MIN_ATTRIBUTES","PRCP","PRCP_ATTRIBUTES","SNDP","FRSHTT"
"48665099999","2022-01-01","2.263361","102.251553","10.66","MALACCA, MY","  76.1","24","  73.9","24","1012.1"," 8","011.0"," 8","  6.4","24","  2.3","24","  8.0"," 22.0","  80.6","*","  73.0"," "," 2.16","G","999.9","010000"
"48665099999","2022-01-02","2.263361","102.251553","10.66","MALACCA, MY","  75.0","24","  73.6","24","1011.9"," 8","010.8"," 8","  5.1","24","  1.2","24","  4.1","999.9","  76.8"," ","  72.9"," "," 1.12","G","999.9","010000"
"48665099999","2022-01-03","2.263361","102.251553","10.66","MALACCA, MY","  78.2","24","  74.3","24","1011.0"," 8","010.0"," 8","  6.4","24","  1.6","24","  5.1","999.9","  83.3"," ","  73.6"," "," 0.87","G","999.9","010000"
"48665099999","2022-01-04","2.263361","102.251553","10.66","MALACCA, MY","  80.5","24","  74.4","24","1011.5"," 8","010.4"," 8","  7.0","24","  3.0","24","  8.0"," 21.0","  89.2"," ","  74.8"," "," 0.02","G","999.9","010010"
"48665099999","2022-01-05","2.263361","102.251553","10.66","MALACCA, MY","  79.8","24","  74.6","24","1011.4"," 8","010.3"," 8","  6.6","24","  1.7","24","  7.0"," 18.1","  89.1"," ","  75.2"," "," 0.12","G","999.9","010010"
"48665099999","2022-01-06","2.263361","102.251553","10.66","MALACCA, MY","  82.4","24","  73.7","24","1012.0"," 8","010.9"," 8","  6.9","24","  3.2","24","  8.0"," 22.0","  90.7"," ","  74.8"," "," 0.21","G","999.9","000000"
"48665099999","2022-01-07","2.263361","102.251553","10.66","MALACCA, MY","  82.8","24","  74.7","24","1011.9"," 8","010.8"," 8","  7.0","24","  3.9","24","  8.0"," 22.9","  91.4","*","  75.2"," "," 0.00","G","999.9","000000"
"48665099999","2022-01-08","2.263361","102.251553","10.66","MALACCA, MY","  81.8","24","  75.0","24","1011.8"," 8","010.7"," 8","  7.2","24","  4.7","24","  9.9"," 27.0","  89.8"," ","  76.1"," "," 0.00","G","999.9","000000"
"48665099999","2022-01-09","2.263361","102.251553","10.66","MALACCA, MY","  81.7","24","  73.8","24","1010.4"," 8","009.3"," 8","  6.8","24","  4.8","24","  8.9"," 19.0","  89.6","*","  75.2","*"," 0.00","G","999.9","010000"
"48665099999","2022-01-10","2.263361","102.251553","10.66","MALACCA, MY","  81.7","24","  72.0","24","1012.2"," 8","011.1"," 8","  7.1","24","  4.2","24"," 11.1"," 24.1","  90.1"," ","  74.7"," "," 0.01","G","999.9","000000"
"48665099999","2022-01-11","2.263361","102.251553","10.66","MALACCA, MY","  80.4","24","  72.1","24","1012.3"," 8","011.2"," 8","  7.1","24","  3.8","24","  8.0"," 18.1","  88.7"," ","  74.8"," "," 0.00","G","999.9","000000"
"48665099999","2022-01-12","2.263361","102.251553","10.66","MALACCA, MY","  80.7","24","  70.1","24","1012.6"," 8","011.5"," 8","  7.2","24","  6.4","24"," 12.0"," 28.9","  89.8"," ","  73.4","*"," 0.00","G","999.9","000000"
"48665099999","2022-01-13","2.263361","102.251553","10.66","MALACCA, MY","  80.7","24","  68.4","24","1012.5"," 8","011.4"," 8","  7.2","24","  5.5","24","  9.9"," 25.1","  89.6"," ","  73.0"," "," 0.00","G","999.9","000000"
"48665099999","2022-01-14","2.263361","102.251553","10.66","MALACCA, MY","  80.3","24","  67.9","24","1012.5"," 8","011.4"," 8","  7.2","24","  5.4","24","  9.9"," 24.1","  89.1"," ","  73.2"," "," 0.00","G","999.9","000000"
"48665099999","2022-01-15","2.263361","102.251553","10.66","MALACCA, MY","  81.2","24","  70.4","24","1012.2"," 8","011.1"," 8","  7.1","24","  5.4","24","  9.9"," 26.0","  90.1"," ","  73.6"," "," 0.00","G","999.9","000000"
"48665099999","2022-01-16","2.263361","102.251553","10.66","MALACCA, MY","  81.8","24","  72.6","24","1011.7"," 8","010.6"," 8","  7.1","24","  6.2","24","  9.9"," 27.0","  90.5"," ","  74.7"," "," 0.00","G","999.9","000000"
"48665099999","2022-01-17","2.263361","102.251553","10.66","MALACCA, MY","  82.1","24","  72.1","24","1011.2"," 8","010.1"," 8","  7.1","24","  5.3","24","  9.9"," 22.9","  91.0"," ","  75.2","*"," 0.00","G","999.9","000000"
"48665099999","2022-01-18","2.263361","102.251553","10.66","MALACCA, MY","  81.3","24","  70.6","24","1011.2"," 8","010.1"," 8","  7.2","24","  5.4","24"," 11.1"," 25.1","  90.1"," ","  74.8"," "," 0.00","G","999.9","000000"
"48665099999","2022-01-19","2.263361","102.251553","10.66","MALACCA, MY","  80.2","24","  71.7","24","1010.8"," 8","009.7"," 8","  6.9","24","  5.5","24"," 13.0"," 29.9","  89.8"," ","  74.8"," "," 0.00","G","999.9","010010"
"48665099999","2022-01-20","2.263361","102.251553","10.66","MALACCA, MY","  81.5","24","  72.3","24","1010.5"," 8","009.4"," 8","  7.0","24","  5.9","24"," 11.1"," 22.9","  90.1"," ","  73.6"," "," 0.58","G","999.9","000000"
"48665099999","2022-01-21","2.263361","102.251553","10.66","MALACCA, MY","  82.6","24","  72.3","24","1010.6"," 8","009.5"," 8","  7.1","24","  6.1","24"," 12.0"," 24.1","  90.9"," ","  74.8"," "," 0.00","G","999.9","000000"
"48665099999","2022-01-22","2.263361","102.251553","10.66","MALACCA, MY","  81.3","24","  73.3","24","1009.9"," 8","008.8"," 8","  7.1","24","  3.9","24"," 11.1"," 21.0","  88.7"," ","  75.2","*"," 0.00","G","999.9","000000"
"48665099999","2022-01-23","2.263361","102.251553","10.66","MALACCA, MY","  82.9","24","  73.2","24","1010.0"," 8","008.9"," 8","  7.2","24","  3.4","24","  8.0","999.9","  91.4","*","  75.4"," "," 0.00","G","999.9","000000"
"48665099999","2022-01-24","2.263361","102.251553","10.66","MALACCA, MY","  81.8","24","  73.9","24","1009.6"," 8","008.5"," 8","  7.0","24","  3.8","24","  7.0"," 19.0","  91.4","*","  76.3"," "," 0.00","G","999.9","000000"
"48665099999","2022-01-25","2.263361","102.251553","10.66","MALACCA, MY","  82.1","24","  73.3","24","1010.1"," 8","009.0"," 8","  7.0","24","  4.5","24","  9.9"," 22.9","  91.2"," ","  75.2","*"," 0.00","G","999.9","000010"
"48665099999","2022-01-26","2.263361","102.251553","10.66","MALACCA, MY","  81.8","24","  72.5","24","1010.4"," 8","009.3"," 8","  7.1","24","  4.3","24","  9.9"," 24.1","  91.6"," ","  74.8","*"," 0.00","G","999.9","000000"
"48665099999","2022-01-27","2.263361","102.251553","10.66","MALACCA, MY","  81.1","24","  71.9","24","1010.5"," 8","009.4"," 8","  7.0","24","  5.4","24"," 12.0"," 27.0","  90.7"," ","  74.1"," "," 0.00","G","999.9","000000"
"48665099999","2022-01-28","2.263361","102.251553","10.66","MALACCA, MY","  82.3","24","  72.7","24","1010.9"," 8","009.8"," 8","  7.1","24","  4.5","24"," 12.0"," 24.1","  91.6"," ","  74.5"," "," 0.00","G","999.9","000000"
"48665099999","2022-01-29","2.263361","102.251553","10.66","MALACCA, MY","  82.2","24","  72.7","24","1010.3"," 8","009.2"," 8","  7.1","24","  4.5","24","  8.0"," 18.1","  92.3"," ","  74.7"," "," 0.00","G","999.9","000000"
"48665099999","2022-01-30","2.263361","102.251553","10.66","MALACCA, MY","  81.0","24","  74.5","24","1010.3"," 8","009.2"," 8","  6.9","24","  3.4","24","  8.9"," 17.1","  90.3"," ","  75.2","*"," 0.00","G","999.9","010010"
"48665099999","2022-01-31","2.263361","102.251553","10.66","MALACCA, MY","  82.9","24","  74.4","24","1009.9"," 8","008.8"," 8","  6.7","24","  4.6","24","  8.9"," 25.1","  91.4","*","  75.7"," "," 0.43","G","999.9","000000"
"48665099999","2022-02-01","2.263361","102.251553","10.66","MALACCA, MY","  82.9","24","  72.7","24","1009.8"," 8","008.7"," 8","  7.1","24","  5.9","24"," 12.0"," 24.1","  91.9"," ","  75.2","*"," 0.00","G","999.9","000000"
"48665099999","2022-02-02","2.263361","102.251553","10.66","MALACCA, MY","  82.8","24","  73.7","24","1010.9"," 8","009.8"," 8","  7.2","24","  4.6","24","  9.9"," 28.0","  90.9"," ","  75.6"," "," 0.00","G","999.9","000000"
"48665099999","2022-02-03","2.263361","102.251553","10.66","MALACCA, MY","  79.9","24","  74.3","24","1010.0"," 8","008.9"," 8","  6.8","24","  5.1","24"," 11.1"," 24.1","  92.1"," ","  76.5","*"," 0.00","G","999.9","010010"
"48665099999","2022-02-04","2.263361","102.251553","10.66","MALACCA, MY","  82.6","24","  73.2","24","1009.4"," 8","008.3"," 8","  7.1","24","  7.0","24"," 13.0"," 29.9","  91.8"," ","  75.2","*"," 0.09","G","999.9","000000"
"48665099999","2022-02-05","2.263361","102.251553","10.66","MALACCA, MY","  80.2","24","  74.0","24","1010.5"," 8","009.4"," 8","  6.8","24","  6.3","24"," 13.0"," 25.1","  86.0","*","  75.2"," "," 0.00","G","999.9","010000"
"48665099999","2022-02-06","2.263361","102.251553","10.66","MALACCA, MY","  79.4","24","  74.4","24","1010.9"," 7","009.8"," 7","  6.5","24","  2.7","24","  7.0"," 22.0","  88.0"," ","  75.2","*"," 0.15","G","999.9","010010"
"48665099999","2022-02-07","2.263361","102.251553","10.66","MALACCA, MY","  78.1","24","  73.7","24","1010.7"," 8","009.6"," 8","  6.4","24","  2.6","24","  7.0","999.9","  89.6","*","  74.5"," "," 0.20","G","999.9","010010"
"48665099999","2022-02-08","2.263361","102.251553","10.66","MALACCA, MY","  79.3","24","  73.7","24","1010.8"," 8","009.7"," 8","  6.8","24","  4.0","24","  8.9"," 22.9","  85.6"," ","  74.3"," "," 0.40","G","999.9","010000"
"48665099999","2022-02-09","2.263361","102.251553","10.66","MALACCA, MY","  80.1","24","  74.9","24","1010.5"," 8","009.4"," 8","  6.2","24","  4.1","24","  8.0"," 25.1","  86.9"," ","  74.7"," "," 0.00","G","999.9","010000"
"48665099999","2022-02-10","2.263361","102.251553","10.66","MALACCA, MY","  76.2","24","  74.3","24","1010.9"," 8","009.8"," 8","  4.6","24","  2.5","24","  5.1","999.9","  78.8","*","  73.4","*"," 0.13","G","999.9","010000"
"48665099999","2022-02-11","2.263361","102.251553","10.66","MALACCA, MY","  79.2","24","  72.3","24","1009.5"," 8","008.4"," 8","  6.9","24","  5.2","24"," 11.1"," 26.0","  87.4"," ","  73.4","*"," 0.17","G","999.9","000000"
"48665099999","2022-02-12","2.263361","102.251553","10.66","MALACCA, MY","  81.2","24","  73.6","24","1007.9"," 8","006.8"," 8","  7.0","24","  4.1","24","  8.0"," 17.1","  90.5"," ","  73.8"," "," 0.00","G","999.9","010010"
"48665099999","2022-02-13","2.263361","102.251553","10.66","MALACCA, MY","  82.0","24","  74.1","24","1007.1"," 8","006.0"," 8","  7.2","24","  4.5","24","  6.0"," 15.0","  90.3"," ","  74.7"," "," 0.01","G","999.9","000000"
"48665099999","2022-02-14","2.263361","102.251553","10.66","MALACCA, MY","  80.5","24","  75.4","24","1008.0"," 8","006.9"," 8","  6.9","24","  4.3","24","  8.0"," 15.9","  89.6","*","  75.2","*"," 0.00","G","999.9","010010"
"48665099999","2022-02-15","2.263361","102.251553","10.66","MALACCA, MY","  81.1","24","  74.4","24","1008.1"," 8","007.0"," 8","  7.0","24","  5.4","24","  8.9"," 20.0","  89.8"," ","  73.6"," "," 1.09","G","999.9","010000"
"48665099999","2022-02-16","2.263361","102.251553","10.66","MALACCA, MY","  80.0","24","  74.2","24","1007.8"," 8","006.8"," 8","  6.9","24","  4.2","24"," 11.1"," 31.1","  88.0"," ","  74.8"," "," 0.00","G","999.9","010000"
"48665099999","2022-02-17","2.263361","102.251553","10.66","MALACCA, MY","  82.2","24","  71.7","24","1007.7"," 8","006.6"," 8","  7.1","24","  4.5","24","  7.0"," 15.9","  93.4"," ","  74.7"," "," 0.01","G","999.9","000000"
"48665099999","2022-02-18","2.263361","102.251553","10.66","MALACCA, MY","  82.7","24","  75.3","24","1009.5"," 8","008.4"," 8","  7.1","24","  4.9","24"," 13.0"," 21.0","  89.8"," ","  75.2"," "," 0.00","G","999.9","000010"
"48665099999","2022-02-19","2.263361","102.251553","10.66","MALACCA, MY","  82.7","24","  73.3","24","1010.2"," 8","009.1"," 8","  6.8","24","  3.5","24","  6.0","999.9","  92.5"," ","  76.6"," "," 0.00","G","999.9","000010"
"48665099999","2022-02-20","2.263361","102.251553","10.66","MALACCA, MY","  80.2","24","  74.5","24","1010.4"," 8","009.3"," 8","  6.6","24","  4.5","24","  8.0"," 19.0","  91.9"," ","  75.2","*"," 0.00","G","999.9","010010"
"48665099999","2022-02-21","2.263361","102.251553","10.66","MALACCA, MY","  80.5","24","  74.6","24","1010.5"," 8","009.4"," 8","  6.6","24","  5.3","24","  8.0"," 22.0","  91.9"," ","  71.6","*"," 0.14","G","999.9","010010"
"48665099999","2022-02-22","2.263361","102.251553","10.66","MALACCA, MY","  81.5","24","  74.5","24","1011.3"," 8","010.2"," 8","  6.3","24","  5.1","24"," 11.1"," 28.0","  93.2","*","  70.5"," "," 1.82","G","999.9","010010"
"48665099999","2022-02-23","2.263361","102.251553","10.66","MALACCA, MY","  81.5","24","  73.6","24","1012.1"," 8","011.0"," 8","  7.1","24","  5.3","24"," 11.1"," 27.0","  90.1"," ","  75.2","*"," 0.33","G","999.9","010010"
"48665099999","2022-02-24","2.263361","102.251553","10.66","MALACCA, MY","  78.0","24","  73.5","24","1012.6"," 8","011.5"," 8","  6.9","24","  3.3","24","  6.0","999.9","  82.6"," ","  73.4","*"," 0.03","G","999.9","010000"
"48665099999","2022-02-25","2.263361","102.251553","10.66","MALACCA, MY","  81.0","24","  74.0","24","1010.7"," 8","009.6"," 8","  6.8","24","  3.1","24","  8.9"," 22.9","  88.3"," ","  73.8"," "," 0.02","G","999.9","000000"
"48665099999","2022-02-26","2.263361","102.251553","10.66","MALACCA, MY","  81.2","24","  74.8","24","1010.9"," 8","009.8"," 8","  7.1","24","  2.8","24","  7.0"," 15.9","  87.1"," ","  75.0"," "," 0.01","G","999.9","010010"
"48665099999","2022-02-27","2.263361","102.251553","10.66","MALACCA, MY","  80.4","24","  74.5","24","1011.2"," 8","010.1"," 8","  6.4","24","  5.8","24","  9.9"," 18.1","  91.4"," ","  75.2","*"," 0.01","G","999.9","010010"
"48665099999","2022-02-28","2.263361","102.251553","10.66","MALACCA, MY","  81.3","24","  74.8","24","1010.6"," 8","009.5"," 8","  6.7","24","  7.1","24"," 14.0"," 27.0","  89.6"," ","  75.2"," "," 1.39","G","999.9","010000"
"48665099999","2022-03-01","2.263361","102.251553","10.66","MALACCA, MY","  78.9","24","  74.1","24","1011.6"," 8","010.5"," 8","  6.6","24","  3.8","24","  8.9"," 22.0","  89.8"," ","  73.4","*"," 0.27","G","999.9","010010"
"48665099999","2022-03-02","2.263361","102.251553","10.66","MALACCA, MY","  80.1","24","  75.3","24","1010.8"," 8","009.7"," 8","  6.6","24","  4.6","24"," 11.1"," 25.1","  89.8"," ","  72.3"," "," 2.92","G","999.9","010010"
"48665099999","2022-03-03","2.263361","102.251553","10.66","MALACCA, MY","  82.3","24","  74.4","24","1010.7"," 8","009.6"," 8","  7.0","24","  3.6","24","  8.9"," 24.1","  90.7"," ","  74.3"," "," 1.09","G","999.9","010000"
"48665099999","2022-03-04","2.263361","102.251553","10.66","MALACCA, MY","  79.9","24","  75.0","24","1010.1"," 8","009.0"," 8","  6.3","24","  3.3","24","  8.9"," 19.0","  87.8","*","  75.2","*"," 0.02","G","999.9","010010"
"48665099999","2022-03-05","2.263361","102.251553","10.66","MALACCA, MY","  79.7","24","  74.3","24","1010.1"," 8","009.0"," 8","  7.2","24","  3.2","24","  8.0"," 21.0","  88.2"," ","  74.8","*"," 1.52","G","999.9","010000"
"48665099999","2022-03-06","2.263361","102.251553","10.66","MALACCA, MY","  81.1","24","  75.3","24","1009.9"," 8","008.8"," 8","  7.1","24","  3.0","24","  6.0","999.9","  88.0"," ","  74.3"," "," 0.05","G","999.9","010010"
"48665099999","2022-03-07","2.263361","102.251553","10.66","MALACCA, MY","  79.1","24","  75.3","24","1010.0"," 8","008.9"," 8","  6.5","24","  3.4","24","  9.9"," 27.0","  91.4","*","  75.2","*"," 0.06","G","999.9","010010"
"48665099999","2022-03-08","2.263361","102.251553","10.66","MALACCA, MY","  80.6","24","  75.3","24","1009.2"," 8","008.1"," 8","  7.1","24","  4.7","24","  8.0"," 22.0","  87.8","*","  74.7"," "," 1.39","G","999.9","000010"
"48665099999","2022-03-09","2.263361","102.251553","10.66","MALACCA, MY","  82.4","24","  76.1","24","1008.9"," 8","007.8"," 8","  7.0","24","  5.8","24","  8.9"," 20.0","  91.6"," ","  75.6"," "," 0.00","G","999.9","010000"
"48665099999","2022-03-10","2.263361","102.251553","10.66","MALACCA, MY","  81.6","24","  74.8","24","1008.7"," 8","007.6"," 8","  6.9","24","  4.7","24","  8.9"," 17.1","  90.0"," ","  75.2","*"," 0.54","G","999.9","010000"
"48665099999","2022-03-11","2.263361","102.251553","10.66","MALACCA, MY","  83.7","24","  75.0","24","1007.9"," 8","006.8"," 8","  7.1","24","  4.5","24","  9.9"," 21.0","  92.1"," ","  75.7"," "," 0.04","G","999.9","000000"
"48665099999","2022-03-12","2.263361","102.251553","10.66","MALACCA, MY","  82.2","24","  75.4","24","1007.4"," 8","006.3"," 8","  7.2","24","  3.3","24","  7.0"," 19.0","  89.6","*","  75.2","*"," 0.00","G","999.9","000000"
"48665099999","2022-03-13","2.263361","102.251553","10.66","MALACCA, MY","  84.1","24","  75.9","24","1007.4"," 8","006.3"," 8","  7.2","24","  4.2","24","  8.0"," 19.0","  91.4","*","  75.6"," "," 0.00","G","999.9","000000"
"48665099999","2022-03-14","2.263361","102.251553","10.66","MALACCA, MY","  82.9","24","  77.0","24","1008.0"," 8","006.9"," 8","  6.7","24","  3.3","24","  7.0"," 14.0","  89.8"," ","  76.3"," "," 0.00","G","999.9","010000"
"48665099999","2022-03-15","2.263361","102.251553","10.66","MALACCA, MY","  81.0","24","  75.7","24","1008.0"," 8","006.9"," 8","  6.6","24","  2.9","24","  6.0"," 19.0","  89.4"," ","  77.0","*"," 0.43","G","999.9","010000"
"48665099999","2022-03-16","2.263361","102.251553","10.66","MALACCA, MY","  82.6","24","  75.8","24","1007.5"," 8","006.4"," 8","  6.7","24","  2.7","24","  7.0"," 15.9","  89.6","*","  76.3"," "," 0.12","G","999.9","010000"
"48665099999","2022-03-17","2.263361","102.251553","10.66","MALACCA, MY","  81.2","24","  75.6","24","1008.4"," 8","007.3"," 8","  6.5","24","  4.2","24","  9.9"," 28.9","  89.6","*","  75.2","*"," 0.00","G","999.9","010010"
"48665099999","2022-03-18","2.263361","102.251553","10.66","MALACCA, MY","  82.4","24","  75.3","24","1007.9"," 8","006.8"," 8","  7.1","24","  3.0","24","  8.0"," 22.0","  89.6","*","  74.7"," "," 0.31","G","999.9","010000"
"48665099999","2022-03-19","2.263361","102.251553","10.66","MALACCA, MY","  85.5","24","  76.0","24","1007.2"," 8","006.1"," 8","  7.3","24","  2.7","24","  5.1"," 19.0","  93.2","*","  75.9"," "," 0.00","G","999.9","000000"
"48665099999","2022-03-20","2.263361","102.251553","10.66","MALACCA, MY","  81.9","24","  76.7","24","1008.7"," 8","007.6"," 8","  6.8","24","  3.0","24","  6.0","999.9","  89.6","*","  73.4","*","99.99"," ","999.9","010010"
"48665099999","2022-03-21","2.263361","102.251553","10.66","MALACCA, MY","  82.6","24","  75.2","24","1009.7"," 8","008.6"," 8","  7.1","24","  2.3","24","  6.0"," 19.0","  89.6","*","  72.7"," "," 0.24","G","999.9","000000"
"48665099999","2022-03-22","2.263361","102.251553","10.66","MALACCA, MY","  82.8","24","  76.3","24","1010.1"," 8","009.0"," 8","  6.7","24","  3.4","24","  5.1","999.9","  89.6","*","  74.3"," "," 0.00","G","999.9","000000"
"48665099999","2022-03-23","2.263361","102.251553","10.66","MALACCA, MY","  82.0","24","  75.5","24","1009.6"," 8","008.5"," 8","  6.0","24","  4.0","24","  7.0"," 19.0","  91.4","*","  73.4","*","99.99"," ","999.9","010010"
"48665099999","2022-03-24","2.263361","102.251553","10.66","MALACCA, MY","  83.2","24","  75.5","24","1009.3"," 8","008.2"," 8","  6.8","24","  3.6","24","  7.0"," 17.1","  92.7"," ","  73.2"," "," 0.20","G","999.9","000000"
"48665099999","2022-03-25","2.263361","102.251553","10.66","MALACCA, MY","  84.4","24","  75.9","24","1010.5"," 8","009.4"," 8","  7.0","24","  3.9","24","  8.0"," 19.0","  92.7"," ","  75.4"," "," 0.00","G","999.9","000000"
"48665099999","2022-03-26","2.263361","102.251553","10.66","MALACCA, MY","  81.7","24","  76.7","24","1011.4"," 8","010.3"," 8","  6.1","24","  2.9","24","  6.0","999.9","  89.6","*","  75.2","*"," 0.04","B","999.9","010010"
"48665099999","2022-03-27","2.263361","102.251553","10.66","MALACCA, MY","  83.7","24","  75.1","24","1011.0"," 8","009.9"," 8","  6.4","24","  4.0","24","  8.0"," 25.1","  91.4","*","  75.2"," "," 0.00","I","999.9","000010"
"48665099999","2022-03-28","2.263361","102.251553","10.66","MALACCA, MY","  83.8","24","  76.4","24","1010.0"," 8","008.9"," 8","  6.5","24","  3.7","24","  8.9"," 24.1","  93.2","*","  75.6"," "," 0.04","A","999.9","010010"
"48665099999","2022-03-29","2.263361","102.251553","10.66","MALACCA, MY","  82.0","24","  74.6","24","1009.8"," 8","008.7"," 8","  6.8","24","  3.4","24","  7.0"," 21.0","  91.4","*","  76.3","*"," 0.00","A","999.9","000010"
"48665099999","2022-03-30","2.263361","102.251553","10.66","MALACCA, MY","  84.2","24","  75.3","24","1009.3"," 8","008.2"," 8","  7.0","24","  4.5","24","  8.9"," 28.9","  93.2","*","  76.3"," "," 0.00","I","999.9","000010"
"48665099999","2022-03-31","2.263361","102.251553","10.66","MALACCA, MY","  83.2","24","  74.0","24","1010.3"," 8","009.2"," 8","  7.1","24","  3.4","24","  8.0"," 26.0","  91.4","*","  75.2","*"," 0.00","A","999.9","000000"
"48665099999","2022-04-01","2.263361","102.251553","10.66","MALACCA, MY","  83.6","24","  74.9","24","1010.1"," 8","009.0"," 8","  7.0","24","  3.6","24","  8.0"," 21.0","  93.2","*","  75.2"," "," 0.00","A","999.9","000010"
"48665099999","2022-04-02","2.263361","102.251553","10.66","MALACCA, MY","  82.4","24","  74.0","24","1010.4"," 8","009.3"," 8","  6.9","24","  2.8","24","  7.0"," 24.1","  91.4","*","  75.2","*"," 0.00","I","999.9","000010"
"48665099999","2022-04-03","2.263361","102.251553","10.66","MALACCA, MY","  81.8","24","  73.8","24","1010.7"," 8","009.6"," 8","  7.0","24","  3.7","24","  8.0"," 25.1","  90.0","*","  74.7"," "," 0.00","I","999.9","000010"
"48665099999","2022-04-04","2.263361","102.251553","10.66","MALACCA, MY","  82.8","24","  73.7","24","1011.2"," 8","010.1"," 8","  7.0","24","  3.2","24","  8.0"," 24.1","  91.4","*","  75.2"," "," 0.00","G","999.9","000000"
"48665099999","2022-04-05","2.263361","102.251553","10.66","MALACCA, MY","  80.3","24","  75.6","24","1012.0"," 8","010.9"," 8","  6.6","24","  2.6","24","  8.9"," 26.0","  89.6","*","  75.4"," "," 0.00","G","999.9","010010"
"48665099999","2022-04-06","2.263361","102.251553","10.66","MALACCA, MY","  82.1","24","  74.6","24","1011.3"," 8","010.3"," 8","  6.8","24","  3.6","24","  7.0"," 22.9","  89.6","*","  76.3"," "," 1.06","G","999.9","010000"
"48665099999","2022-04-07","2.263361","102.251553","10.66","MALACCA, MY","  80.3","24","  74.4","24","1011.5"," 8","010.4"," 8","  7.0","24","  3.3","24","  8.0"," 27.0","  87.8","*","  75.2","*"," 0.06","G","999.9","010000"
"48665099999","2022-04-08","2.263361","102.251553","10.66","MALACCA, MY","  80.4","24","  74.3","24","1010.6"," 8","009.5"," 8","  6.1","24","  3.0","24","  6.0"," 24.1","  89.6","*","  74.7"," "," 0.00","G","999.9","010010"
"48665099999","2022-04-09","2.263361","102.251553","10.66","MALACCA, MY","  79.5","24","  74.1","24","1010.4"," 8","009.3"," 8","  6.5","24","  3.1","24","  7.0"," 18.1","  87.8","*","  73.4","*"," 0.51","G","999.9","010010"
"48665099999","2022-04-10","2.263361","102.251553","10.66","MALACCA, MY","  81.9","24","  75.8","24","1009.7"," 8","008.6"," 8","  6.9","24","  2.6","24","  8.0"," 18.1","  89.6","*","  73.8"," "," 0.03","G","999.9","010010"
"48665099999","2022-04-11","2.263361","102.251553","10.66","MALACCA, MY","  81.5","24","  75.8","24","1010.0"," 8","008.9"," 8","  6.6","24","  1.5","24","  6.0"," 18.1","  89.6","*","  76.5"," "," 0.09","G","999.9","010010"
"48665099999","2022-04-12","2.263361","102.251553","10.66","MALACCA, MY","  83.5","22","  76.1","22","1008.6"," 7","007.5"," 7","  6.8","22","  2.0","22","  6.0"," 17.1","  89.6","*","  75.9"," "," 0.17","G","999.9","000010"
"48665099999","2022-04-13","2.263361","102.251553","10.66","MALACCA, MY","  84.2","24","  75.9","24","1008.5"," 8","007.4"," 8","  6.8","24","  2.6","24","  8.0"," 24.1","  91.4","*","  77.0","*"," 0.00","G","999.9","000010"
"48665099999","2022-04-14","2.263361","102.251553","10.66","MALACCA, MY","  83.9","24","  76.7","24","1008.5"," 8","007.3"," 8","  7.0","24","  2.5","24","  8.0"," 22.9","  91.4","*","  76.8"," "," 0.00","G","999.9","000000"
"48665099999","2022-04-15","2.263361","102.251553","10.66","MALACCA, MY","  80.5","24","  75.8","24","1009.2"," 8","008.1"," 8","  6.5","24","  1.8","24","  8.0"," 22.0","  87.8","*","  77.0","*"," 0.00","G","999.9","010010"
"48665099999","2022-04-16","2.263361","102.251553","10.66","MALACCA, MY","  83.4","24","  76.4","24","1008.1"," 8","007.0"," 8","  7.0","24","  2.6","24","  7.0"," 20.0","  90.0"," ","  76.8"," "," 0.01","G","999.9","000000"
"48665099999","2022-04-17","2.263361","102.251553","10.66","MALACCA, MY","  82.8","24","  76.2","24","1008.3"," 8","007.2"," 8","  7.1","24","  3.1","24","  7.0"," 22.0","  91.4"," ","  77.0"," "," 0.00","G","999.9","000000"
"48665099999","2022-04-18","2.263361","102.251553","10.66","MALACCA, MY","  80.9","24","  77.0","24","1009.7"," 8","008.6"," 8","  5.5","24","  1.9","24","  6.0"," 17.1","  89.6"," ","  77.0","*"," 0.00","G","999.9","010010"
"48665099999","2022-04-19","2.263361","102.251553","10.66","MALACCA, MY","  81.4","24","  76.8","24","1010.1"," 8","009.0"," 8","  5.1","24","  2.0","24","  5.1"," 18.1","  90.3"," ","  76.3"," "," 0.83","G","999.9","010010"
"48665099999","2022-04-20","2.263361","102.251553","10.66","MALACCA, MY","  81.2","24","  76.4","24","1009.7"," 8","008.6"," 8","  6.0","24","  2.2","24","  7.0"," 18.1","  90.3"," ","  75.2","*"," 0.92","G","999.9","010010"
"48665099999","2022-04-21","2.263361","102.251553","10.66","MALACCA, MY","  79.1","24","  76.2","24","1009.6"," 8","008.5"," 8","  6.0","24","  2.4","24","  5.1","999.9","  84.4"," ","  74.8"," "," 2.13","G","999.9","010010"
"48665099999","2022-04-22","2.263361","102.251553","10.66","MALACCA, MY","  83.1","24","  77.6","24","1009.0"," 8","007.9"," 8","  6.0","24","  3.3","24","  8.9"," 29.9","  92.5"," ","  75.2"," "," 0.06","G","999.9","010010"
"48665099999","2022-04-23","2.263361","102.251553","10.66","MALACCA, MY","  80.5","24","  76.6","24","1008.9"," 8","007.8"," 8","  6.4","24","  2.0","24","  6.0"," 21.0","  90.7"," ","  75.2","*"," 0.79","G","999.9","010010"
"48665099999","2022-04-24","2.263361","102.251553","10.66","MALACCA, MY","  81.3","24","  76.3","24","1008.0"," 8","007.0"," 8","  6.6","24","  3.1","24","  6.0","999.9","  90.1"," ","  75.2","*"," 0.20","G","999.9","010010"
"48665099999","2022-04-25","2.263361","102.251553","10.66","MALACCA, MY","  81.0","24","  76.5","24","1008.3"," 8","007.2"," 8","  6.5","24","  3.2","24","  8.0"," 24.1","  90.1"," ","  75.2","*"," 0.01","G","999.9","010010"
"48665099999","2022-04-26","2.263361","102.251553","10.66","MALACCA, MY","  82.2","24","  77.3","24","1008.4"," 8","007.3"," 8","  6.3","24","  1.9","24","  5.1","999.9","  90.1"," ","  74.8"," "," 0.05","G","999.9","010010"
"48665099999","2022-04-27","2.263361","102.251553","10.66","MALACCA, MY","  81.8","24","  76.9","24","1007.8"," 8","006.7"," 8","  6.1","24","  2.7","24","  6.0","999.9","  91.9"," ","  75.2","*"," 0.51","G","999.9","010010"
"48665099999","2022-04-28","2.263361","102.251553","10.66","MALACCA, MY","  83.3","24","  77.6","24","1008.2"," 8","007.1"," 8","  6.3","24","  2.5","24","  5.1"," 15.9","  91.0"," ","  75.6"," "," 0.82","G","999.9","010010"
"48665099999","2022-04-29","2.263361","102.251553","10.66","MALACCA, MY","  83.5","24","  77.4","24","1008.2"," 8","007.1"," 8","  6.9","24","  3.4","24","  7.0"," 26.0","  90.9"," ","  77.2"," "," 0.43","G","999.9","000000"
"48665099999","2022-04-30","2.263361","102.251553","10.66","MALACCA, MY","  80.5","24","  75.8","24","1008.0"," 8","006.9"," 8","  6.7","24","  1.7","24","  5.1","999.9","  89.6","*","  76.6","*"," 0.00","G","999.9","010010"
"48665099999","2022-05-01","2.263361","102.251553","10.66","MALACCA, MY","  80.5","24","  77.7","24","1007.9"," 8","006.8"," 8","  5.9","24","  1.3","24","  5.1","999.9","  86.4"," ","  76.5"," "," 0.07","G","999.9","010010"
"48665099999","2022-05-02","2.263361","102.251553","10.66","MALACCA, MY","  82.3","24","  76.8","24","1008.2"," 8","007.2"," 8","  5.1","24","  3.3","24","  7.0"," 21.0","  89.6"," ","  75.2","*"," 0.06","G","999.9","010010"
"48665099999","2022-05-03","2.263361","102.251553","10.66","MALACCA, MY","  82.9","24","  75.8","24","1008.9"," 8","007.8"," 8","  6.9","24","  2.3","24","  6.0"," 19.0","  89.6"," ","  75.6"," "," 1.57","G","999.9","010000"
"48665099999","2022-05-04","2.263361","102.251553","10.66","MALACCA, MY","  82.8","24","  76.2","24","1009.1"," 8","008.0"," 8","  7.2","24","  2.5","24","  6.0"," 21.0","  88.9"," ","  75.2","*"," 0.03","G","999.9","010010"
"48665099999","2022-05-05","2.263361","102.251553","10.66","MALACCA, MY","  82.8","24","  76.6","24","1007.5"," 8","006.4"," 8","  6.9","24","  2.3","24","  5.1","999.9","  89.1"," ","  75.4"," "," 0.23","G","999.9","010010"
"48665099999","2022-05-06","2.263361","102.251553","10.66","MALACCA, MY","  81.0","24","  77.1","24","1007.2"," 8","006.1"," 8","  5.6","24","  3.3","24","  9.9"," 26.0","  88.2"," ","  74.7","*"," 0.72","G","999.9","010010"
"48665099999","2022-05-07","2.263361","102.251553","10.66","MALACCA, MY","  81.8","24","  77.3","24","1007.5"," 8","006.4"," 8","  6.6","24","  3.6","24","  7.0"," 20.0","  87.8","*","  74.5"," "," 1.53","G","999.9","010010"
"48665099999","2022-05-08","2.263361","102.251553","10.66","MALACCA, MY","  83.0","24","  77.8","24","1007.3"," 8","006.2"," 8","  7.0","24","  4.5","24","  8.0"," 22.9","  88.2"," ","  75.6"," "," 0.13","G","999.9","010000"
"48665099999","2022-05-09","2.263361","102.251553","10.66","MALACCA, MY","  82.6","24","  77.1","24","1007.9"," 8","006.8"," 8","  6.4","24","  3.9","24","  7.0"," 17.1","  91.4","*","  76.8","*"," 0.02","G","999.9","010010"
"48665099999","2022-05-10","2.263361","102.251553","10.66","MALACCA, MY","  84.8","24","  77.1","24","1008.3"," 8","007.2"," 8","  7.1","24","  3.9","24","  8.0"," 22.0","  92.7"," ","  76.5"," "," 0.66","G","999.9","000010"
"48665099999","2022-05-11","2.263361","102.251553","10.66","MALACCA, MY","  83.2","24","  77.0","24","1009.1"," 8","008.0"," 8","  6.9","24","  2.2","24","  5.1","999.9","  90.9"," ","  77.4"," "," 0.00","G","999.9","000000"
"48665099999","2022-05-12","2.263361","102.251553","10.66","MALACCA, MY","  83.3","24","  77.0","24","1009.2"," 8","008.1"," 8","  6.8","24","  4.1","24","  8.9"," 22.0","  90.0"," ","  77.0","*"," 0.00","G","999.9","000010"
"48665099999","2022-05-13","2.263361","102.251553","10.66","MALACCA, MY","  82.8","24","  76.7","24","1009.2"," 8","008.1"," 8","  5.6","24","  2.3","24","  7.0"," 19.0","  92.1"," ","  76.8"," "," 0.00","G","999.9","000010"
"48665099999","2022-05-14","2.263361","102.251553","10.66","MALACCA, MY","  84.2","23","  77.7","23","1009.9"," 8","008.8"," 8","  6.9","23","  2.4","23","  5.1","999.9","  91.4"," ","  76.8"," "," 0.00","G","999.9","000000"
"48665099999","2022-05-15","2.263361","102.251553","10.66","MALACCA, MY","  83.4","24","  77.7","24","1010.5"," 8","009.4"," 8","  6.2","24","  2.7","24","  6.0"," 15.9","  91.6"," ","  77.0","*"," 0.00","G","999.9","010010"
"48665099999","2022-05-16","2.263361","102.251553","10.66","MALACCA, MY","  77.6","24","  75.3","24","1011.4"," 8","010.3"," 8","  5.8","24","  2.7","24"," 12.0"," 32.1","  83.5"," ","  75.2","*"," 0.37","G","999.9","010010"
"48665099999","2022-05-17","2.263361","102.251553","10.66","MALACCA, MY","  83.1","24","  75.9","24","1010.3"," 8","009.2"," 8","  7.2","24","  2.3","24","  7.0"," 22.9","  90.0"," ","  74.8"," "," 0.95","G","999.9","000000"
"48665099999","2022-05-18","2.263361","102.251553","10.66","MALACCA, MY","  83.8","24","  76.2","24","1010.8"," 8","009.7"," 8","  7.0","24","  2.2","24","  6.0"," 17.1","  91.8"," ","  76.5"," "," 0.00","G","999.9","000000"
"48665099999","2022-05-19","2.263361","102.251553","10.66","MALACCA, MY","  81.5","24","  75.2","24","1011.4"," 8","010.3"," 8","  6.4","24","  2.4","24","  8.9"," 22.9","  89.6"," ","  77.0","*"," 0.35","G","999.9","010010"
"48665099999","2022-05-20","2.263361","102.251553","10.66","MALACCA, MY","  82.0","24","  76.6","24","1010.1"," 8","009.0"," 8","  6.3","24","  2.1","24","  6.0"," 17.1","  89.8"," ","  75.2","*"," 0.12","G","999.9","000010"
"48665099999","2022-05-21","2.263361","102.251553","10.66","MALACCA, MY","  82.7","24","  77.3","24","1008.6"," 8","007.5"," 8","  6.1","24","  2.3","24","  7.0"," 22.0","  90.1"," ","  75.2","*"," 0.00","G","999.9","000010"
"48665099999","2022-05-22","2.263361","102.251553","10.66","MALACCA, MY","  83.5","24","  77.5","24","1007.4"," 8","006.3"," 8","  6.7","24","  2.5","24","  8.0"," 22.9","  90.0"," ","  75.7"," "," 0.00","G","999.9","000010"
"48665099999","2022-05-23","2.263361","102.251553","10.66","MALACCA, MY","  84.0","23","  76.6","23","1008.1"," 7","007.0"," 7","  6.6","23","  2.9","23","  7.0","999.9","  91.4","*","  77.0","*"," 0.00","G","999.9","000010"
"48665099999","2022-05-24","2.263361","102.251553","10.66","MALACCA, MY","  84.1","24","  75.9","24","1010.0"," 8","008.9"," 8","  6.7","24","  3.2","24","  7.0"," 19.0","  91.8"," ","  76.8"," "," 0.00","G","999.9","010000"
"48665099999","2022-05-25","2.263361","102.251553","10.66","MALACCA, MY","  77.6","24","  72.6","24","1011.7"," 8","010.6"," 8","  6.9","24","  3.0","24","  9.9"," 26.0","  86.5"," ","  72.5","*"," 0.07","G","999.9","010000"
"48665099999","2022-05-26","2.263361","102.251553","10.66","MALACCA, MY","  82.1","23","  75.8","23","1009.6"," 7","008.5"," 7","  7.0","23","  1.8","23","  6.0"," 18.1","  89.6"," ","  73.4","*"," 0.00","G","999.9","000000"
"48665099999","2022-05-27","2.263361","102.251553","10.66","MALACCA, MY","  84.8","24","  76.7","24","1008.8"," 8","007.8"," 8","  7.1","24","  2.7","24","  8.0"," 24.1","  91.4"," ","  73.9"," "," 0.00","G","999.9","000000"
"48665099999","2022-05-28","2.263361","102.251553","10.66","MALACCA, MY","  83.7","24","  75.7","24","1009.2"," 8","008.1"," 8","  6.8","24","  2.1","24","  6.0"," 20.0","  91.0"," ","  77.0","*"," 0.00","G","999.9","000000"
"48665099999","2022-05-29","2.263361","102.251553","10.66","MALACCA, MY","  84.3","24","  75.5","24","1008.5"," 8","007.5"," 8","  7.1","24","  2.1","24","  6.0"," 22.9","  91.8"," ","  75.2","*"," 0.02","G","999.9","000000"
"48665099999","2022-05-30","2.263361","102.251553","10.66","MALACCA, MY","  84.8","24","  75.9","24","1008.1"," 8","006.9"," 8","  7.2","24","  2.3","24","  8.0"," 27.0","  94.3"," ","  75.6"," "," 0.00","G","999.9","000000"
"48665099999","2022-05-31","2.263361","102.251553","10.66","MALACCA, MY","  86.1","24","  76.3","24","1007.8"," 8","006.7"," 8","  7.1","24","  2.6","24","  8.0"," 22.9","  93.2","*","  77.5"," "," 0.00","G","999.9","000010"
"48665099999","2022-06-01","2.263361","102.251553","10.66","MALACCA, MY","  83.0","24","  77.6","24","1008.4"," 8","007.3"," 8","  6.0","24","  1.2","24","  6.0"," 17.1","  91.8"," ","  77.0","*"," 0.00","G","999.9","010010"
"48665099999","2022-06-02","2.263361","102.251553","10.66","MALACCA, MY","  82.4","24","  76.0","24","1009.7"," 8","008.6"," 8","  6.4","24","  3.1","24","  8.0"," 22.0","  89.6"," ","  75.2","*"," 0.61","G","999.9","010010"
"48665099999","2022-06-03","2.263361","102.251553","10.66","MALACCA, MY","  83.3","24","  75.3","24","1010.0"," 8","008.9"," 8","  7.0","24","  2.4","24","  6.0"," 20.0","  90.1"," ","  74.5"," "," 0.82","G","999.9","010010"
"48665099999","2022-06-04","2.263361","102.251553","10.66","MALACCA, MY","  81.7","24","  75.9","24","1010.0"," 8","009.0"," 8","  7.1","24","  1.7","24","  6.0"," 14.0","  88.7"," ","  75.9"," "," 0.11","G","999.9","010000"
"48665099999","2022-06-05","2.263361","102.251553","10.66","MALACCA, MY","  81.2","23","  76.0","23","1009.5"," 7","008.4"," 7","  6.5","23","  1.8","23","  6.0"," 19.0","  88.5"," ","  75.2","*"," 0.00","G","999.9","000000"
"48665099999","2022-06-06","2.263361","102.251553","10.66","MALACCA, MY","  83.0","24","  76.6","24","1008.9"," 8","007.8"," 8","  6.7","24","  2.5","24","  6.0","999.9","  88.9"," ","  75.4"," "," 0.07","G","999.9","000000"
"48665099999","2022-06-07","2.263361","102.251553","10.66","MALACCA, MY","  81.4","24","  75.8","24","1009.4"," 8","008.3"," 8","  5.8","24","  1.6","24","  7.0"," 19.0","  87.8","*","  76.6"," "," 0.00","G","999.9","010010"
"48665099999","2022-06-08","2.263361","102.251553","10.66","MALACCA, MY","  81.2","24","  75.6","24","1009.7"," 8","008.6"," 8","  5.7","24","  2.5","24","  8.0"," 21.0","  87.8","*","  76.8"," "," 0.05","G","999.9","010010"
"48665099999","2022-06-09","2.263361","102.251553","10.66","MALACCA, MY","  81.1","24","  76.0","24","1009.7"," 8","008.5"," 8","  5.3","24","  1.7","24","  5.1"," 19.0","  89.6","*","  75.2","*"," 0.43","G","999.9","010010"
"48665099999","2022-06-10","2.263361","102.251553","10.66","MALACCA, MY","  82.5","24","  76.0","24","1009.3"," 8","008.2"," 8","  6.7","24","  3.7","24","  8.0"," 25.1","  89.6","*","  75.0"," "," 0.10","G","999.9","000010"
"48665099999","2022-06-11","2.263361","102.251553","10.66","MALACCA, MY","  79.5","24","  74.7","24","1010.7"," 8","009.6"," 8","  6.2","24","  2.8","24","  7.0"," 22.0","  85.8"," ","  75.2","*"," 0.00","G","999.9","010000"
"48665099999","2022-06-12","2.263361","102.251553","10.66","MALACCA, MY","  81.5","24","  74.6","24","1010.4"," 8","009.3"," 8","  7.1","24","  1.9","24","  6.0"," 15.0","  89.6"," ","  74.3"," "," 0.10","G","999.9","010010"
"48665099999","2022-06-13","2.263361","102.251553","10.66","MALACCA, MY","  80.5","24","  75.3","24","1009.9"," 8","008.8"," 8","  5.6","24","  2.3","24","  5.1"," 17.1","  89.8"," ","  75.2","*"," 0.00","G","999.9","010010"
"48665099999","2022-06-14","2.263361","102.251553","10.66","MALACCA, MY","  81.1","24","  75.4","24","1009.9"," 8","008.8"," 8","  6.4","24","  2.3","24","  5.1"," 15.9","  87.8","*","  74.5"," "," 0.00","G","999.9","010000"
"48665099999","2022-06-15","2.263361","102.251553","10.66","MALACCA, MY","  77.3","24","  74.5","24","1010.9"," 8","009.8"," 8","  5.4","24","  2.2","24","  8.0"," 25.1","  86.5"," ","  73.4","*"," 0.19","G","999.9","010010"
"48665099999","2022-06-16","2.263361","102.251553","10.66","MALACCA, MY","  81.9","24","  75.2","24","1010.6"," 8","009.5"," 8","  6.5","24","  2.9","24","  6.0"," 18.1","  87.1"," ","  73.4"," "," 1.49","G","999.9","000000"
"48665099999","2022-06-17","2.263361","102.251553","10.66","MALACCA, MY","  80.2","24","  75.2","24","1010.8"," 8","009.7"," 8","  5.7","24","  2.2","24","  8.0"," 19.0","  86.9"," ","  75.4"," "," 0.00","G","999.9","010010"
"48665099999","2022-06-18","2.263361","102.251553","10.66","MALACCA, MY","  81.2","24","  74.6","24","1011.0"," 8","009.9"," 8","  6.9","24","  3.1","24","  6.0"," 21.0","  88.5"," ","  73.4","*"," 0.00","G","999.9","000000"
"48665099999","2022-06-19","2.263361","102.251553","10.66","MALACCA, MY","  82.9","24","  75.1","24","1009.5"," 8","008.4"," 8","  6.8","24","  3.3","24","  7.0"," 24.1","  89.6","*","  73.8"," "," 0.00","G","999.9","010010"
"48665099999","2022-06-20","2.263361","102.251553","10.66","MALACCA, MY","  80.0","24","  74.5","24","1008.9"," 8","007.8"," 8","  6.6","24","  2.4","24","  5.1"," 19.0","  85.8"," ","  75.0"," "," 0.44","G","999.9","010010"
"48665099999","2022-06-21","2.263361","102.251553","10.66","MALACCA, MY","  80.0","24","  75.3","24","1008.9"," 8","007.8"," 8","  6.1","24","  2.8","24"," 12.0"," 32.1","  87.8"," ","  73.4","*"," 0.46","G","999.9","010010"
"48665099999","2022-06-22","2.263361","102.251553","10.66","MALACCA, MY","  81.3","24","  74.8","24","1010.2"," 8","009.1"," 8","  6.6","24","  2.2","24","  6.0"," 22.0","  87.8","*","  73.0"," "," 2.19","G","999.9","010010"
"48665099999","2022-06-23","2.263361","102.251553","10.66","MALACCA, MY","  81.4","24","  75.6","24","1010.8"," 8","009.7"," 8","  6.6","24","  2.4","24","  5.1"," 20.0","  86.0"," ","  74.3"," "," 3.39","G","999.9","010010"
"48665099999","2022-06-24","2.263361","102.251553","10.66","MALACCA, MY","  80.8","24","  74.9","24","1010.0"," 8","008.9"," 8","  6.2","24","  2.4","24","  5.1"," 22.0","  86.4"," ","  73.4","*"," 0.11","G","999.9","010010"
"48665099999","2022-06-25","2.263361","102.251553","10.66","MALACCA, MY","  81.0","24","  75.2","24","1008.9"," 8","007.8"," 8","  6.3","24","  2.1","24","  8.0"," 21.0","  86.5"," ","  73.8"," "," 1.43","G","999.9","010000"
"48665099999","2022-06-26","2.263361","102.251553","10.66","MALACCA, MY","  83.1","24","  76.4","24","1009.6"," 8","008.5"," 8","  7.1","24","  3.7","24","  7.0"," 22.0","  88.7"," ","  75.9"," "," 0.00","G","999.9","000000"
"48665099999","2022-06-27","2.263361","102.251553","10.66","MALACCA, MY","  83.3","24","  76.9","24","1009.3"," 8","008.2"," 8","  6.9","24","  2.2","24","  6.0"," 22.0","  89.8"," ","  77.0","*"," 0.00","G","999.9","000000"
"48665099999","2022-06-28","2.263361","102.251553","10.66","MALACCA, MY","  82.1","24","  75.1","24","1008.7"," 8","007.6"," 8","  6.5","24","  2.2","24","  8.0"," 22.0","  88.7"," ","  77.0","*"," 0.00","G","999.9","000010"
"48665099999","2022-06-29","2.263361","102.251553","10.66","MALACCA, MY","  83.3","24","  74.6","24","1008.0"," 8","006.9"," 8","  6.8","24","  3.7","24"," 12.0"," 32.1","  90.1"," ","  75.2","*"," 0.00","G","999.9","010000"
"48665099999","2022-06-30","2.263361","102.251553","10.66","MALACCA, MY","  81.9","24","  72.8","24","1007.9"," 8","006.8"," 8","  7.1","24","  2.5","24","  8.9"," 22.9","  88.7"," ","  75.2","*"," 0.28","G","999.9","000000"
"48665099999","2022-07-01","2.263361","102.251553","10.66","MALACCA, MY","  82.9","24","  74.9","24","1008.0"," 8","006.9"," 8","  6.9","24","  2.8","24","  7.0"," 19.0","  88.9"," ","  75.2"," "," 0.00","G","999.9","000000"
"48665099999","2022-07-02","2.263361","102.251553","10.66","MALACCA, MY","  83.3","24","  75.7","24","1007.8"," 8","006.7"," 8","  6.9","24","  2.8","24","  8.0"," 21.0","  89.8"," ","  77.0"," "," 0.00","G","999.9","000000"
"48665099999","2022-07-03","2.263361","102.251553","10.66","MALACCA, MY","  81.7","24","  75.0","24","1007.6"," 8","006.5"," 8","  5.3","24","  2.0","24","  7.0"," 15.9","  88.5"," ","  75.0","*"," 0.00","G","999.9","000000"
"48665099999","2022-07-04","2.263361","102.251553","10.66","MALACCA, MY","  83.9","24","  75.5","24","1008.0"," 8","006.9"," 8","  6.3","24","  1.7","24","  6.0"," 20.0","  91.8"," ","  74.8"," "," 0.00","G","999.9","000000"
"48665099999","2022-07-05","2.263361","102.251553","10.66","MALACCA, MY","  81.0","24","  75.9","24","1009.0"," 8","007.9"," 8","  6.1","24","  2.5","24","  7.0"," 22.9","  86.4"," ","  75.7"," "," 0.00","G","999.9","010000"
"48665099999","2022-07-06","2.263361","102.251553","10.66","MALACCA, MY","  76.6","24","  74.7","24","1010.6"," 8","009.5"," 8","  5.4","24","  1.4","24","  5.1","999.9","  86.0","*","  74.7","*"," 0.04","G","999.9","010010"
"48665099999","2022-07-07","2.263361","102.251553","10.66","MALACCA, MY","  82.2","24","  75.6","24","1009.7"," 8","008.6"," 8","  6.8","24","  2.2","24","  7.0","999.9","  88.5"," ","  74.3"," "," 1.49","G","999.9","010000"
"48665099999","2022-07-08","2.263361","102.251553","10.66","MALACCA, MY","  82.7","24","  75.8","24","1009.0"," 8","007.9"," 8","  6.9","24","  1.9","24","  7.0"," 21.0","  89.6","*","  75.2","*"," 0.10","G","999.9","010000"
"48665099999","2022-07-09","2.263361","102.251553","10.66","MALACCA, MY","  84.3","24","  73.4","24","1008.2"," 8","007.1"," 8","  7.1","24","  2.4","24","  7.0"," 22.0","  91.8"," ","  75.6"," "," 0.00","G","999.9","000000"
"48665099999","2022-07-10","2.263361","102.251553","10.66","MALACCA, MY","  81.9","24","  75.0","24","1008.9"," 8","007.9"," 8","  7.1","24","  2.4","24","  7.0"," 26.0","  87.8"," ","  76.6"," "," 0.00","G","999.9","000000"
"48665099999","2022-07-11","2.263361","102.251553","10.66","MALACCA, MY","  81.6","24","  76.2","24","1009.8"," 8","008.7"," 8","  6.5","24","  2.2","24","  7.0"," 14.0","  87.8","*","  75.2","*"," 0.00","G","999.9","010010"
"48665099999","2022-07-12","2.263361","102.251553","10.66","MALACCA, MY","  80.9","24","  75.0","24","1009.4"," 8","008.3"," 8","  6.6","24","  1.9","24","  7.0"," 22.9","  86.5"," ","  75.0"," "," 0.54","G","999.9","010000"
"48665099999","2022-07-13","2.263361","102.251553","10.66","MALACCA, MY","  83.0","24","  76.1","24","1007.9"," 8","006.9"," 8","  6.8","24","  1.8","24","  6.0"," 24.1","  89.6","*","  76.6"," "," 0.00","G","999.9","010000"
"48665099999","2022-07-14","2.263361","102.251553","10.66","MALACCA, MY","  82.1","23","  77.1","23","1008.1"," 8","007.0"," 8","  6.0","23","  1.2","23","  5.1","999.9","  88.5"," ","  77.0"," "," 0.00","G","999.9","000000"
"48665099999","2022-07-15","2.263361","102.251553","10.66","MALACCA, MY","  83.5","23","  76.8","23","1008.8"," 8","007.7"," 8","  6.7","23","  3.0","23","  8.9"," 21.0","  89.6","*","  77.7"," "," 0.00","G","999.9","000000"
"48665099999","2022-07-16","2.263361","102.251553","10.66","MALACCA, MY","  83.9","24","  75.1","24","1009.7"," 8","008.6"," 8","  7.0","24","  3.4","24","  7.0"," 20.0","  89.6","*","  78.4"," "," 0.00","G","999.9","000000"
"48665099999","2022-07-17","2.263361","102.251553","10.66","MALACCA, MY","  84.5","24","  77.2","24","1009.3"," 8","008.2"," 8","  7.1","24","  2.6","24","  8.0","999.9","  91.4","*","  78.4"," "," 0.00","A","999.9","000010"
"48665099999","2022-07-18","2.263361","102.251553","10.66","MALACCA, MY","  83.9","24","  77.7","24","1008.3"," 8","007.2"," 8","  7.1","24","  2.7","24","  7.0"," 18.1","  90.5"," ","  78.1"," "," 0.00","G","999.9","000010"
"48665099999","2022-07-19","2.263361","102.251553","10.66","MALACCA, MY","  82.0","24","  77.1","24","1008.0"," 8","006.9"," 8","  6.2","24","  1.4","24","  6.0"," 17.1","  89.6","*","  75.2","*"," 0.00","H","999.9","010010"
"48665099999","2022-07-20","2.263361","102.251553","10.66","MALACCA, MY","  79.3","24","  75.5","24","1009.3"," 8","008.2"," 8","  5.6","24","  1.6","24","  8.9"," 27.0","  84.9"," ","  75.0"," "," 1.06","G","999.9","010010"
"48665099999","2022-07-21","2.263361","102.251553","10.66","MALACCA, MY","  82.2","24","  76.1","24","1009.8"," 8","008.7"," 8","  5.5","24","  3.0","24","  6.0"," 18.1","  89.6","*","  74.5"," "," 0.02","G","999.9","000000"
"48665099999","2022-07-22","2.263361","102.251553","10.66","MALACCA, MY","  81.6","24","  75.3","24","1010.3"," 8","009.2"," 8","  6.7","24","  2.7","24"," 12.0"," 28.9","  91.4","*","  74.8","*"," 0.00","G","999.9","010000"
"48665099999","2022-07-23","2.263361","102.251553","10.66","MALACCA, MY","  83.0","24","  75.9","24","1009.3"," 8","008.2"," 8","  6.4","24","  2.1","24","  7.0"," 17.1","  90.3"," ","  74.3"," "," 0.00","G","999.9","000010"
"48665099999","2022-07-24","2.263361","102.251553","10.66","MALACCA, MY","  80.9","24","  76.6","24","1008.6"," 8","007.5"," 8","  6.2","24","  1.6","24","  6.0"," 21.0","  88.5"," ","  75.6"," "," 0.00","G","999.9","010010"
"48665099999","2022-07-25","2.263361","102.251553","10.66","MALACCA, MY","  81.6","24","  76.5","24","1009.0"," 8","007.9"," 8","  5.7","24","  2.0","24","  6.0","999.9","  87.8","*","  75.2","*"," 0.24","G","999.9","010010"
"48665099999","2022-07-26","2.263361","102.251553","10.66","MALACCA, MY","  82.5","24","  75.9","24","1008.6"," 8","007.5"," 8","  6.8","24","  3.5","24","  6.0","999.9","  87.8"," ","  75.9"," "," 0.33","G","999.9","010010"
"48665099999","2022-07-27","2.263361","102.251553","10.66","MALACCA, MY","  82.2","24","  76.7","24","1008.4"," 8","007.3"," 8","  7.0","24","  3.9","24","  9.9","999.9","  88.2"," ","  76.5"," "," 0.14","G","999.9","000010"
"48665099999","2022-07-28","2.263361","102.251553","10.66","MALACCA, MY","  82.1","24","  77.4","24","1008.6"," 8","007.5"," 8","  6.0","24","  3.8","24","  6.0","999.9","  88.7"," ","  76.8"," "," 0.00","G","999.9","000010"
"48665099999","2022-07-29","2.263361","102.251553","10.66","MALACCA, MY","  78.5","24","  74.3","24","1009.2"," 8","008.1"," 8","  6.3","24","  2.2","24","  8.9","999.9","  86.5"," ","  73.4","*"," 0.04","G","999.9","010010"
"48665099999","2022-07-30","2.263361","102.251553","10.66","MALACCA, MY","  83.7","24","  76.8","24","1008.7"," 8","007.7"," 8","  7.3","24","  3.2","24","  7.0","999.9","  89.6","*","  73.4"," "," 0.34","G","999.9","000000"
"48665099999","2022-07-31","2.263361","102.251553","10.66","MALACCA, MY","  80.3","24","  77.1","24","1007.8"," 8","006.7"," 8","  6.1","24","  2.4","24","  8.0","999.9","  84.2","*","  75.2","*"," 0.00","G","999.9","010010"
"48665099999","2022-08-01","2.263361","102.251553","10.66","MALACCA, MY","  83.8","22","  76.7","22","1007.9"," 7","006.8"," 7","  6.0","22","  4.0","22","  7.0","999.9","  91.4","*","  75.2","*"," 0.50","G","999.9","110000"
"48665099999","2022-08-02","2.263361","102.251553","10.66","MALACCA, MY","  79.5","23","  75.1","23","1009.7"," 8","008.5"," 8","  6.2","23","  3.2","23","  6.0","999.9","  86.0","*","  74.7"," "," 0.91","G","999.9","010000"
"48665099999","2022-08-03","2.263361","102.251553","10.66","MALACCA, MY","  78.8","24","  76.4","24","1010.6"," 8","009.5"," 8","  5.2","24","  1.0","24","  2.9","999.9","  82.6"," ","  74.7"," "," 0.01","G","999.9","010010"
"48665099999","2022-08-04","2.263361","102.251553","10.66","MALACCA, MY","  79.3","24","  74.7","24","1011.0"," 8","009.9"," 8","  6.0","24","  1.9","24","  4.1","999.9","  84.4"," ","  75.2","*"," 0.62","G","999.9","010000"
"48665099999","2022-08-05","2.263361","102.251553","10.66","MALACCA, MY","  81.8","24","  74.4","24","1010.5"," 8","009.4"," 8","  6.2","24","  2.7","24","  6.0","999.9","  87.8","*","  75.2"," "," 0.01","G","999.9","000000"
"48665099999","2022-08-06","2.263361","102.251553","10.66","MALACCA, MY","  83.4","24","  74.8","24","1009.4"," 8","008.3"," 8","  6.8","24","  3.4","24","  7.0","999.9","  89.8"," ","  75.2","*"," 0.00","G","999.9","000010"
"48665099999","2022-08-07","2.263361","102.251553","10.66","MALACCA, MY","  83.1","24","  75.3","24","1009.0"," 8","007.9"," 8","  6.8","24","  3.9","24","  8.0","999.9","  90.1"," ","  75.6"," "," 0.00","G","999.9","010010"
"48665099999","2022-08-08","2.263361","102.251553","10.66","MALACCA, MY","  78.8","24","  75.7","24","1009.3"," 8","008.2"," 8","  5.4","24","  1.4","24","  4.1","999.9","  84.4"," ","  75.2","*"," 0.04","G","999.9","010010"
"48665099999","2022-08-09","2.263361","102.251553","10.66","MALACCA, MY","  82.9","24","  76.2","24","1008.8"," 8","007.7"," 8","  6.2","24","  2.4","24","  6.0","999.9","  89.6"," ","  75.6"," "," 0.06","G","999.9","000010"
"48665099999","2022-08-10","2.263361","102.251553","10.66","MALACCA, MY","  83.9","19","  77.4","19","1008.8"," 6","007.7"," 6","  6.5","19","  3.4","19","  7.0","999.9","  89.6","*","  76.3"," "," 0.00","G","999.9","010010"
"48665099999","2022-08-11","2.263361","102.251553","10.66","MALACCA, MY","  84.5","24","  77.1","24","1008.8"," 8","007.7"," 8","  6.9","24","  3.8","24","  8.9","999.9","  90.3"," ","  77.5"," "," 0.29","G","999.9","000010"
"48665099999","2022-08-12","2.263361","102.251553","10.66","MALACCA, MY","  83.9","24","  76.1","24","1009.5"," 8","008.4"," 8","  6.6","24","  5.2","24"," 15.0"," 27.0","  92.1"," ","  71.6","*"," 0.00","G","999.9","010010"
"48665099999","2022-08-13","2.263361","102.251553","10.66","MALACCA, MY","  82.2","24","  75.6","24","1009.6"," 8","008.5"," 8","  7.2","24","  2.8","24","  7.0","999.9","  89.6","*","  70.3"," "," 1.28","G","999.9","010000"
"48665099999","2022-08-14","2.263361","102.251553","10.66","MALACCA, MY","  83.4","24","  75.2","24","1010.1"," 8","009.0"," 8","  6.9","24","  3.6","24","  8.0","999.9","  91.0"," ","  72.7"," "," 0.00","G","999.9","000010"
"48665099999","2022-08-15","2.263361","102.251553","10.66","MALACCA, MY","  82.0","24","  75.9","24","1010.5"," 8","009.4"," 8","  6.0","24","  3.0","24","  7.0","999.9","  89.6","*","  73.4","*"," 0.00","G","999.9","010010"
"48665099999","2022-08-16","2.263361","102.251553","10.66","MALACCA, MY","  82.4","23","  75.2","23","1010.2"," 8","009.1"," 8","  6.9","23","  2.4","23","  6.0","999.9","  90.5"," ","  73.4"," "," 0.32","G","999.9","000000"
"48665099999","2022-08-17","2.263361","102.251553","10.66","MALACCA, MY","  82.5","24","  76.7","24","1009.7"," 8","008.6"," 8","  6.1","24","  3.3","24","  7.0","999.9","  89.6"," ","  75.2"," "," 0.00","G","999.9","000010"
"48665099999","2022-08-18","2.263361","102.251553","10.66","MALACCA, MY","  80.2","24","  75.1","24","1009.9"," 8","008.8"," 8","  5.9","24","  2.6","24","  8.0"," 17.1","  90.7"," ","  75.2","*"," 0.02","G","999.9","010010"
"48665099999","2022-08-19","2.263361","102.251553","10.66","MALACCA, MY","  83.2","24","  75.7","24","1009.1"," 8","008.1"," 8","  6.8","24","  2.5","24","  6.0","999.9","  89.6"," ","  74.7"," "," 0.04","G","999.9","010010"
"48665099999","2022-08-20","2.263361","102.251553","10.66","MALACCA, MY","  80.4","24","  75.6","24","1009.8"," 8","008.7"," 8","  6.1","24","  2.6","24","  8.0","999.9","  89.2"," ","  76.5","*"," 0.02","G","999.9","010010"
"48665099999","2022-08-21","2.263361","102.251553","10.66","MALACCA, MY","  82.1","24","  74.7","24","1009.9"," 8","008.8"," 8","  6.8","24","  3.0","24","  6.0","999.9","  89.6"," ","  75.9"," "," 0.09","G","999.9","000010"
"48665099999","2022-08-22","2.263361","102.251553","10.66","MALACCA, MY","  82.1","24","  75.6","24","1009.6"," 8","008.5"," 8","  6.9","24","  3.0","24","  7.0","999.9","  90.1"," ","  75.2","*"," 0.00","G","999.9","000010"
"48665099999","2022-08-23","2.263361","102.251553","10.66","MALACCA, MY","  81.0","24","  73.9","24","1010.4"," 8","009.3"," 8","  7.0","24","  2.3","24","  6.0","999.9","  86.0"," ","  75.2"," "," 0.00","G","999.9","000000"
"48665099999","2022-08-24","2.263361","102.251553","10.66","MALACCA, MY","  83.9","24","  75.6","24","1009.3"," 8","008.2"," 8","  6.8","24","  2.5","24","  6.0","999.9","  90.0"," ","  74.8"," "," 0.00","G","999.9","010010"
"48665099999","2022-08-25","2.263361","102.251553","10.66","MALACCA, MY","  80.5","24","  75.2","24","1009.1"," 8","008.0"," 8","  6.1","24","  4.1","24","  8.9","999.9","  88.5"," ","  75.0","*"," 0.02","G","999.9","010010"
"48665099999","2022-08-26","2.263361","102.251553","10.66","MALACCA, MY","  78.0","23","  74.5","23","1010.3"," 8","009.2"," 8","  5.9","23","  2.4","23","  5.1","999.9","  81.3"," ","  74.3","*"," 0.35","G","999.9","010010"
"48665099999","2022-08-27","2.263361","102.251553","10.66","MALACCA, MY","  81.1","24","  75.0","24","1009.3"," 8","008.2"," 8","  6.8","24","  3.6","24","  7.0","999.9","  89.6"," ","  74.1"," "," 0.21","G","999.9","010000"
"48665099999","2022-08-28","2.263361","102.251553","10.66","MALACCA, MY","  80.8","24","  75.0","24","1008.9"," 8","007.8"," 8","  6.6","24","  2.9","24","  7.0","999.9","  88.3"," ","  74.8"," "," 0.06","G","999.9","010010"
"48665099999","2022-08-29","2.263361","102.251553","10.66","MALACCA, MY","  80.5","23","  74.8","23","1009.7"," 7","008.6"," 7","  6.1","23","  2.7","23","  6.0","999.9","  87.6"," ","  75.2"," "," 0.04","G","999.9","010010"
"48665099999","2022-08-30","2.263361","102.251553","10.66","MALACCA, MY","  81.8","23","  75.1","23","1009.5"," 8","008.4"," 8","  7.0","23","  2.6","23","  4.1","999.9","  89.2"," ","  75.4"," "," 1.67","G","999.9","010000"
"48665099999","2022-08-31","2.263361","102.251553","10.66","MALACCA, MY","  82.3","24","  76.3","24","1008.4"," 8","007.3"," 8","  6.9","24","  2.8","24","  7.0","999.9","  89.6","*","  76.3"," "," 0.00","G","999.9","010000"
"48665099999","2022-09-01","2.263361","102.251553","10.66","MALACCA, MY","  81.8","23","  75.1","23","1009.5"," 7","008.4"," 7","  6.1","23","  2.9","23","  8.0","999.9","  89.1"," ","  75.2","*"," 0.06","G","999.9","010010"
"48665099999","2022-09-02","2.263361","102.251553","10.66","MALACCA, MY","  82.0","24","  76.5","24","1010.6"," 8","009.5"," 8","  6.8","24","  2.8","24","  7.0","999.9","  88.0"," ","  74.8"," "," 1.12","G","999.9","010010"
"48665099999","2022-09-03","2.263361","102.251553","10.66","MALACCA, MY","  82.1","24","  75.5","24","1010.4"," 8","009.3"," 8","  6.5","24","  2.7","24","  6.0","999.9","  89.1"," ","  73.4","*"," 0.20","G","999.9","010010"
"48665099999","2022-09-04","2.263361","102.251553","10.66","MALACCA, MY","  84.0","24","  74.6","24","1010.2"," 8","009.1"," 8","  7.1","24","  2.7","24","  7.0","999.9","  90.5"," ","  73.8"," "," 0.24","G","999.9","010010"
"48665099999","2022-09-05","2.263361","102.251553","10.66","MALACCA, MY","  80.9","24","  75.3","24","1010.6"," 8","009.5"," 8","  6.6","24","  2.0","24","  5.1","999.9","  88.5"," ","  75.2"," "," 0.04","G","999.9","010010"
"48665099999","2022-09-06","2.263361","102.251553","10.66","MALACCA, MY","  83.0","24","  75.8","24","1010.2"," 8","009.1"," 8","  6.6","24","  2.7","24","  7.0","999.9","  90.5"," ","  75.2","*"," 0.05","G","999.9","010010"
"48665099999","2022-09-07","2.263361","102.251553","10.66","MALACCA, MY","  80.0","24","  74.6","24","1011.7"," 8","010.6"," 8","  6.1","24","  1.8","24","  4.1","999.9","  86.0","*","  75.2","*"," 0.23","G","999.9","010010"
"48665099999","2022-09-08","2.263361","102.251553","10.66","MALACCA, MY","  81.1","24","  75.9","24","1011.8"," 8","010.7"," 8","  5.8","24","  2.6","24","  6.0","999.9","  89.2"," ","  75.0"," "," 0.06","G","999.9","010000"
"48665099999","2022-09-09","2.263361","102.251553","10.66","MALACCA, MY","  80.8","24","  75.8","24","1012.3"," 8","011.2"," 8","  6.7","24","  3.3","24","  6.0","999.9","  87.8","*","  76.6"," "," 0.70","G","999.9","010000"
"48665099999","2022-09-10","2.263361","102.251553","10.66","MALACCA, MY","  82.8","24","  74.9","24","1011.1"," 8","010.0"," 8","  6.4","24","  3.6","24","  7.0","999.9","  88.5"," ","  76.6"," "," 0.00","G","999.9","000000"
"48665099999","2022-09-11","2.263361","102.251553","10.66","MALACCA, MY","  79.2","24","  74.2","24","1010.9"," 8","009.8"," 8","  6.0","24","  2.4","24","  5.1","999.9","  85.1"," ","  75.2","*"," 0.00","G","999.9","010000"
"48665099999","2022-09-12","2.263361","102.251553","10.66","MALACCA, MY","  83.0","24","  75.4","24","1010.3"," 8","009.2"," 8","  6.4","24","  2.5","24","  8.0","999.9","  89.6"," ","  75.2","*"," 0.17","G","999.9","000000"
"48665099999","2022-09-13","2.263361","102.251553","10.66","MALACCA, MY","  82.6","24","  74.9","24","1012.6"," 8","011.5"," 8","  6.1","24","  3.9","24","  7.0","999.9","  90.0"," ","  75.2","*"," 0.00","G","999.9","010010"
"48665099999","2022-09-14","2.263361","102.251553","10.66","MALACCA, MY","  81.5","23","  73.9","23","1013.5"," 7","012.4"," 7","  7.0","23","  3.0","23","  7.0","999.9","  88.0"," ","  74.7"," "," 0.28","G","999.9","000000"
"48665099999","2022-09-15","2.263361","102.251553","10.66","MALACCA, MY","  81.3","24","  74.7","24","1011.8"," 8","010.7"," 8","  6.3","24","  1.9","24","  6.0","999.9","  88.3"," ","  75.2","*"," 0.00","G","999.9","010010"
"48665099999","2022-09-16","2.263361","102.251553","10.66","MALACCA, MY","  80.7","24","  74.8","24","1010.4"," 8","009.3"," 8","  6.1","24","  1.8","24","  8.0","999.9","  88.3"," ","  73.4","*"," 0.31","G","999.9","010010"
"48665099999","2022-09-17","2.263361","102.251553","10.66","MALACCA, MY","  81.2","24","  75.4","24","1010.5"," 8","009.4"," 8","  5.3","24","  2.8","24","  9.9"," 22.0","  87.8","*","  73.4"," "," 0.67","G","999.9","010010"
"48665099999","2022-09-18","2.263361","102.251553","10.66","MALACCA, MY","  79.9","24","  74.5","24","1011.8"," 8","010.7"," 8","  6.6","24","  2.5","24","  6.0","999.9","  84.4","*","  72.9"," "," 2.71","G","999.9","010010"
"48665099999","2022-09-19","2.263361","102.251553","10.66","MALACCA, MY","  82.1","24","  75.0","24","1011.4"," 8","010.3"," 8","  6.9","24","  2.8","24","  9.9","999.9","  89.1"," ","  73.4","*"," 0.02","G","999.9","010010"
"48665099999","2022-09-20","2.263361","102.251553","10.66","MALACCA, MY","  80.7","24","  74.5","24","1011.0"," 8","009.9"," 8","  6.5","24","  1.4","24","  2.9","999.9","  86.9"," ","  72.9"," "," 0.51","G","999.9","010000"
"48665099999","2022-09-21","2.263361","102.251553","10.66","MALACCA, MY","  82.5","23","  75.2","23","1010.5"," 8","009.4"," 8","  6.3","23","  3.7","23","  8.0","999.9","  89.6","*","  74.7"," "," 0.00","G","999.9","010010"
"48665099999","2022-09-22","2.263361","102.251553","10.66","MALACCA, MY","  80.4","24","  73.8","24","1010.7"," 8","009.6"," 8","  7.0","24","  2.6","24","  8.0","999.9","  86.0","*","  74.3"," "," 0.75","G","999.9","010000"
"48665099999","2022-09-23","2.263361","102.251553","10.66","MALACCA, MY","  82.3","24","  74.6","24","1010.4"," 8","009.3"," 8","  6.7","24","  3.2","24","  7.0","999.9","  89.6","*","  73.4","*"," 0.00","G","999.9","010000"
"48665099999","2022-09-24","2.263361","102.251553","10.66","MALACCA, MY","  81.1","24","  74.5","24","1009.9"," 8","008.8"," 8","  6.7","24","  3.1","24","  8.0","999.9","  87.8","*","  73.0"," "," 0.71","G","999.9","010010"
"48665099999","2022-09-25","2.263361","102.251553","10.66","MALACCA, MY","  78.8","24","  73.9","24","1010.3"," 8","009.2"," 8","  6.8","24","  1.8","24","  5.1","999.9","  83.3","*","  73.8"," "," 0.48","G","999.9","010000"
"48665099999","2022-09-26","2.263361","102.251553","10.66","MALACCA, MY","  82.2","24","  74.9","24","1009.5"," 8","008.4"," 8","  7.0","24","  3.4","24","  8.0"," 18.1","  89.6","*","  74.8","*"," 0.02","G","999.9","000000"
"48665099999","2022-09-27","2.263361","102.251553","10.66","MALACCA, MY","  83.5","24","  74.6","24","1008.7"," 8","007.6"," 8","  7.3","24","  2.4","24","  6.0","999.9","  89.6","*","  74.7"," "," 0.00","G","999.9","000000"
"48665099999","2022-09-28","2.263361","102.251553","10.66","MALACCA, MY","  83.4","23","  75.2","23","1007.8"," 8","006.7"," 8","  7.1","23","  2.6","23","  7.0","999.9","  89.6","*","  77.7"," "," 0.00","A","999.9","000000"
"48665099999","2022-09-29","2.263361","102.251553","10.66","MALACCA, MY","  83.6","24","  74.8","24","1008.4"," 8","007.3"," 8","  7.0","24","  3.9","24","  8.0","999.9","  89.6","*","  77.0","*"," 0.00","I","999.9","000000"
"48665099999","2022-09-30","2.263361","102.251553","10.66","MALACCA, MY","  82.7","24","  76.1","24","1009.5"," 8","008.4"," 8","  6.4","24","  2.5","24","  5.1","999.9","  89.6","*","  76.3"," ","99.99"," ","999.9","010010"
"48665099999","2022-10-01","2.263361","102.251553","10.66","MALACCA, MY","  79.9","24","  74.7","24","1010.1"," 8","009.0"," 8","  6.2","24","  3.6","24","  6.0","999.9","  87.8","*","  73.4","*"," 0.04","G","999.9","010010"
"48665099999","2022-10-02","2.263361","102.251553","10.66","MALACCA, MY","  80.7","24","  75.6","24","1009.5"," 8","008.4"," 8","  6.4","24","  1.8","24","  5.1","999.9","  87.8","*","  73.8"," "," 0.11","G","999.9","010000"
"48665099999","2022-10-03","2.263361","102.251553","10.66","MALACCA, MY","  79.8","24","  75.5","24","1009.2"," 8","008.1"," 8","  6.1","24","  3.1","24","  8.0","999.9","  88.0","*","  74.3"," "," 0.02","G","999.9","010010"
"48665099999","2022-10-04","2.263361","102.251553","10.66","MALACCA, MY","  79.5","24","  75.4","24","1009.6"," 8","008.5"," 8","  5.9","24","  3.1","24","  7.0","999.9","  86.0","*","  73.4","*"," 0.05","G","999.9","010010"
"48665099999","2022-10-05","2.263361","102.251553","10.66","MALACCA, MY","  80.3","24","  75.2","24","1010.4"," 8","009.3"," 8","  6.8","24","  2.7","24","  7.0","999.9","  86.0","*","  74.1"," "," 0.51","G","999.9","010000"
"48665099999","2022-10-06","2.263361","102.251553","10.66","MALACCA, MY","  80.5","24","  74.9","24","1010.5"," 8","009.4"," 8","  6.8","24","  2.1","24","  6.0","999.9","  87.8","*","  74.8"," "," 0.16","G","999.9","010000"
"48665099999","2022-10-07","2.263361","102.251553","10.66","MALACCA, MY","  78.2","24","  74.7","24","1011.0"," 8","009.9"," 8","  5.7","24","  3.1","24","  7.0","999.9","  86.0","*","  74.3","*"," 0.24","G","999.9","010010"
"48665099999","2022-10-08","2.263361","102.251553","10.66","MALACCA, MY","  79.5","24","  75.7","24","1011.4"," 8","010.3"," 8","  6.6","24","  2.3","24","  9.9","999.9","  86.0","*","  71.6","*"," 0.58","G","999.9","010000"
"48665099999","2022-10-09","2.263361","102.251553","10.66","MALACCA, MY","  79.9","24","  72.6","24","1011.7"," 8","010.6"," 8","  7.1","24","  2.2","24","  7.0","999.9","  87.8","*","  72.1"," "," 0.70","G","999.9","010000"
"48665099999","2022-10-10","2.263361","102.251553","10.66","MALACCA, MY","  77.8","24","  75.0","24","1012.5"," 8","011.4"," 8","  5.6","24","  0.8","24","  2.9","999.9","  84.2","*","  73.0"," "," 0.81","G","999.9","010010"
"48665099999","2022-10-11","2.263361","102.251553","10.66","MALACCA, MY","  80.3","24","  75.3","24","1011.5"," 8","010.4"," 8","  5.8","24","  2.6","24","  8.0","999.9","  87.8","*","  74.1"," "," 1.21","G","999.9","010010"
"48665099999","2022-10-12","2.263361","102.251553","10.66","MALACCA, MY","  79.4","24","  73.8","24","1011.7"," 8","010.6"," 8","  6.8","24","  2.3","24","  6.0","999.9","  86.0","*","  73.4","*"," 0.83","G","999.9","010000"
"48665099999","2022-10-13","2.263361","102.251553","10.66","MALACCA, MY","  82.4","22","  75.6","22","1010.1"," 8","009.0"," 8","  7.1","22","  3.0","22","  8.0","999.9","  89.6","*","  73.4"," "," 0.00","G","999.9","000000"
"48665099999","2022-10-14","2.263361","102.251553","10.66","MALACCA, MY","  82.4","22","  75.4","22","1008.9"," 7","007.8"," 7","  6.6","22","  3.5","22","  7.0","999.9","  89.6","*","  77.0","*"," 0.00","H","999.9","010000"
"48665099999","2022-10-15","2.263361","102.251553","10.66","MALACCA, MY","  81.7","24","  75.3","24","1009.2"," 8","008.1"," 8","  6.8","24","  3.7","24","  8.9","999.9","  89.6","*","  75.2","*"," 0.03","A","999.9","010010"
"48665099999","2022-10-16","2.263361","102.251553","10.66","MALACCA, MY","  82.0","22","  73.7","22","1011.1"," 8","010.0"," 8","  7.1","22","  2.5","22","  8.0","999.9","  89.1"," ","  74.8"," "," 0.09","G","999.9","000000"
"48665099999","2022-10-17","2.263361","102.251553","10.66","MALACCA, MY","  82.5","18","  76.5","18","1010.2"," 6","009.1"," 6","  6.8","18","  2.8","18","  6.0","999.9","  87.8","*","  77.0","*"," 0.00","G","999.9","010000"
"48665099999","2022-10-18","2.263361","102.251553","10.66","MALACCA, MY","  82.8","23","  76.0","23","1009.6"," 7","008.5"," 7","  6.8","23","  2.2","23","  6.0","999.9","  89.8"," ","  77.0","*"," 0.00","H","999.9","010010"
"48665099999","2022-10-19","2.263361","102.251553","10.66","MALACCA, MY","  82.3","24","  74.5","24","1009.7"," 8","008.6"," 8","  6.4","24","  2.7","24","  6.0","999.9","  89.6","*","  76.8"," "," 0.07","G","999.9","000000"
"48665099999","2022-10-20","2.263361","102.251553","10.66","MALACCA, MY","  84.1","22","  75.4","22","1010.6"," 8","009.5"," 8","  6.9","22","  2.6","22","  5.1","999.9","  89.6","*","  76.1"," "," 0.00","G","999.9","000000"
"48665099999","2022-10-21","2.263361","102.251553","10.66","MALACCA, MY","  82.2","22","  74.6","22","1011.5"," 7","010.4"," 7","  6.7","22","  3.3","22","  7.0","999.9","  89.6","*","  73.4","*","99.99"," ","999.9","010010"
"48665099999","2022-10-22","2.263361","102.251553","10.66","MALACCA, MY","  78.9","24","  74.9","24","1011.9"," 8","010.8"," 8","  6.4","24","  4.0","24","  7.0","999.9","  89.6","*","  73.4","*"," 0.35","G","999.9","010010"
"48665099999","2022-10-23","2.263361","102.251553","10.66","MALACCA, MY","  80.7","24","  75.8","24","1011.7"," 8","010.6"," 8","  7.0","24","  2.4","24","  4.1","999.9","  86.9","*","  73.4"," "," 2.42","G","999.9","000010"
"48665099999","2022-10-24","2.263361","102.251553","10.66","MALACCA, MY","  78.8","24","  75.1","24","1011.4"," 8","010.3"," 8","  6.0","24","  2.3","24","  7.0","999.9","  89.6","*","  73.4","*"," 0.00","G","999.9","010010"
"48665099999","2022-10-25","2.263361","102.251553","10.66","MALACCA, MY","  80.5","24","  75.9","24","1011.0"," 8","009.9"," 8","  6.6","24","  3.6","24","  9.9","999.9","  88.7"," ","  73.9"," "," 0.69","G","999.9","010010"
"48665099999","2022-10-26","2.263361","102.251553","10.66","MALACCA, MY","  79.0","24","  74.6","24","1011.0"," 8","009.9"," 8","  6.5","24","  3.1","24","  7.0","999.9","  86.0","*","  73.4","*"," 0.03","G","999.9","010010"
"48665099999","2022-10-27","2.263361","102.251553","10.66","MALACCA, MY","  81.5","24","  75.1","24","1009.3"," 8","008.2"," 8","  6.9","24","  3.1","24","  8.0","999.9","  87.8","*","  73.8"," "," 1.15","G","999.9","010010"
"48665099999","2022-10-28","2.263361","102.251553","10.66","MALACCA, MY","  80.5","23","  75.3","23","1008.4"," 8","007.3"," 8","  6.9","23","  3.3","23","  8.0","999.9","  89.6","*","  74.3"," "," 0.05","G","999.9","010000"
"48665099999","2022-10-29","2.263361","102.251553","10.66","MALACCA, MY","  80.4","24","  75.5","24","1008.4"," 8","007.3"," 8","  6.5","24","  3.2","24","  7.0","999.9","  88.3"," ","  75.2"," "," 0.01","G","999.9","010010"
"48665099999","2022-10-30","2.263361","102.251553","10.66","MALACCA, MY","  81.3","24","  75.6","24","1009.1"," 8","008.0"," 8","  6.7","24","  3.7","24"," 12.0"," 22.9","  91.4","*","  75.2","*"," 0.08","G","999.9","010010"
"48665099999","2022-10-31","2.263361","102.251553","10.66","MALACCA, MY","  81.8","24","  75.3","24","1009.6"," 8","008.5"," 8","  7.2","24","  2.4","24","  5.1","999.9","  87.8","*","  74.8"," "," 2.19","G","999.9","000000"
"48665099999","2022-11-01","2.263361","102.251553","10.66","MALACCA, MY","  82.2","24","  75.8","24","1009.9"," 8","008.8"," 8","  7.0","24","  3.3","24","  6.0","999.9","  89.6","*","  75.9"," "," 0.00","G","999.9","010010"
"48665099999","2022-11-02","2.263361","102.251553","10.66","MALACCA, MY","  80.6","24","  75.8","24","1009.9"," 8","008.9"," 8","  6.0","24","  2.5","24","  7.0","999.9","  87.8","*","  76.1","*"," 0.10","G","999.9","010010"
"48665099999","2022-11-03","2.263361","102.251553","10.66","MALACCA, MY","  80.6","24","  75.5","24","1010.5"," 8","009.4"," 8","  5.6","24","  2.2","24","  8.0","999.9","  86.2","*","  74.7","*"," 0.00","G","999.9","010010"
"48665099999","2022-11-04","2.263361","102.251553","10.66","MALACCA, MY","  80.8","24","  75.6","24","1011.8"," 8","010.7"," 8","  6.6","24","  2.2","24","  6.0","999.9","  87.8","*","  74.5"," "," 0.14","G","999.9","010010"
"48665099999","2022-11-05","2.263361","102.251553","10.66","MALACCA, MY","  80.5","23","  75.6","23","1012.4"," 8","011.4"," 8","  7.0","23","  1.5","23","  4.1","999.9","  84.6","*","  75.2"," "," 0.55","G","999.9","000000"
"48665099999","2022-11-06","2.263361","102.251553","10.66","MALACCA, MY","  78.0","24","  75.6","24","1012.4"," 8","011.3"," 8","  5.3","24","  2.7","24","  6.0","999.9","  84.2","*","  75.2","*"," 0.00","G","999.9","010010"
"48665099999","2022-11-07","2.263361","102.251553","10.66","MALACCA, MY","  81.5","24","  75.0","24","1011.5"," 8","010.4"," 8","  6.8","24","  3.2","24","  6.0","999.9","  87.8","*","  75.0"," "," 0.97","G","999.9","010000"
"48665099999","2022-11-08","2.263361","102.251553","10.66","MALACCA, MY","  78.6","24","  74.2","24","1011.4"," 8","010.3"," 8","  5.5","24","  2.8","24","  7.0","999.9","  90.0"," ","  74.7","*"," 0.03","G","999.9","010010"
"48665099999","2022-11-09","2.263361","102.251553","10.66","MALACCA, MY","  81.7","24","  75.2","24","1010.6"," 8","009.5"," 8","  6.9","24","  2.3","24","  7.0","999.9","  89.6","*","  74.3"," "," 1.87","G","999.9","000010"
"48665099999","2022-11-10","2.263361","102.251553","10.66","MALACCA, MY","  79.0","24","  75.5","24","1010.3"," 8","009.2"," 8","  6.1","24","  1.6","24","  4.1","999.9","  84.2","*","  74.8","*"," 0.00","G","999.9","010000"
"48665099999","2022-11-11","2.263361","102.251553","10.66","MALACCA, MY","  79.3","24","  75.4","24","1009.7"," 8","008.6"," 8","  6.0","24","  2.7","24","  7.0","999.9","  87.8","*","  74.3"," "," 0.05","G","999.9","010010"
"48665099999","2022-11-12","2.263361","102.251553","10.66","MALACCA, MY","  78.4","24","  75.7","24","1009.3"," 8","008.2"," 8","  5.8","24","  2.2","24","  6.0","999.9","  86.0","*","  75.2","*"," 0.47","G","999.9","010010"
"48665099999","2022-11-13","2.263361","102.251553","10.66","MALACCA, MY","  78.8","24","  74.9","24","1009.3"," 8","008.2"," 8","  5.2","24","  2.8","24","  7.0","999.9","  87.8","*","  71.6","*"," 1.57","G","999.9","010010"
"48665099999","2022-11-14","2.263361","102.251553","10.66","MALACCA, MY","  78.7","24","  74.9","24","1009.7"," 8","008.6"," 8","  6.0","24","  1.5","24","  8.9","999.9","  86.0","*","  72.1"," "," 3.39","G","999.9","010010"
"48665099999","2022-11-15","2.263361","102.251553","10.66","MALACCA, MY","  82.4","24","  75.7","24","1009.5","17","008.4","17","  8.2","24","  2.4","24","  5.1","999.9","  89.6","*","  72.5"," "," 0.71","G","999.9","000000"
"48665099999","2022-11-16","2.263361","102.251553","10.66","MALACCA, MY","  80.8","24","  74.9","24","1008.9","19","007.8","19","  6.8","24","  3.5","24","  7.0","999.9","  90.5","*","  73.4","*"," 0.00","G","999.9","010010"
"48665099999","2022-11-17","2.263361","102.251553","10.66","MALACCA, MY","  79.7","24","  74.7","24","1009.3","23","008.2","23","  7.9","24","  2.0","24","  4.1","999.9","  87.8","*","  74.1"," "," 0.94","G","999.9","010010"
"48665099999","2022-11-18","2.263361","102.251553","10.66","MALACCA, MY","  80.1","24","  75.8","24","1009.1","17","008.0","17","  6.4","24","  2.3","24","  6.0","999.9","  89.6","*","  73.4","*"," 0.07","G","999.9","010010"
"48665099999","2022-11-19","2.263361","102.251553","10.66","MALACCA, MY","  77.7","24","  74.5","24","1009.0","18","007.9","18","  6.9","24","  2.2","24","  6.0","999.9","  82.4","*","  72.9"," "," 1.61","G","999.9","010010"
"48665099999","2022-11-20","2.263361","102.251553","10.66","MALACCA, MY","  80.8","24","  75.8","24","1008.0","22","006.9","22","  7.5","24","  3.8","24","  8.0","999.9","  87.8","*","  74.1"," "," 0.31","G","999.9","010010"
"48665099999","2022-11-21","2.263361","102.251553","10.66","MALACCA, MY","  81.9","24","  75.7","24","1008.2","22","007.1","22","  8.4","24","  3.6","24","  8.0","999.9","  87.8","*","  74.7"," "," 1.09","G","999.9","010010"
"48665099999","2022-11-22","2.263361","102.251553","10.66","MALACCA, MY","  82.8","24","  75.0","24","1009.2","17","008.1","17","  7.8","24","  4.1","24","  9.9","999.9","  89.6","*","  74.7","*"," 0.03","G","999.9","010000"
"48665099999","2022-11-23","2.263361","102.251553","10.66","MALACCA, MY","  80.8","24","  75.6","24","1009.6","15","008.5","15","  7.6","24","  2.2","24","  6.0","999.9","  86.9"," ","  74.5"," "," 0.09","G","999.9","010000"
"48665099999","2022-11-24","2.263361","102.251553","10.66","MALACCA, MY","  82.1","24","  74.2","24","1010.5","21","009.4","21","  7.9","24","  3.2","24","  7.0","999.9","  91.4","*","  74.7","*"," 0.00","G","999.9","010000"
"48665099999","2022-11-25","2.263361","102.251553","10.66","MALACCA, MY","  81.6","24","  75.6","24","1010.9","19","009.8","19","  8.2","24","  2.0","24","  5.1","999.9","  88.5"," ","  74.8"," "," 0.19","G","999.9","000000"
"48665099999","2022-11-26","2.263361","102.251553","10.66","MALACCA, MY","  83.4","24","  73.3","24","1010.3","17","009.2","17","  8.6","24","  3.6","24","  7.0","999.9","  91.4","*","  75.7"," "," 0.00","G","999.9","000000"
"48665099999","2022-11-27","2.263361","102.251553","10.66","MALACCA, MY","  78.8","24","  75.0","24","1009.4","17","008.3","17","  6.8","24","  3.4","24","  6.0","999.9","  86.0","*","  75.2","*"," 0.00","G","999.9","010010"
"48665099999","2022-11-28","2.263361","102.251553","10.66","MALACCA, MY","  80.0","24","  75.2","24","1009.8","14","008.7","14","  7.1","24","  3.4","24","  8.9","999.9","  89.6","*","  74.8"," "," 0.45","G","999.9","010010"
"48665099999","2022-11-29","2.263361","102.251553","10.66","MALACCA, MY","  78.1","24","  74.9","24","1010.0","18","008.9","18","  6.5","24","  2.1","24","  8.9","999.9","  88.2","*","  73.4","*"," 0.00","G","999.9","010010"
"48665099999","2022-11-30","2.263361","102.251553","10.66","MALACCA, MY","  78.7","23","  75.3","23","1009.7","19","008.6","19","  6.0","23","  2.7","23","  7.0","999.9","  88.2"," ","  73.8"," "," 2.65","G","999.9","010010"
"48665099999","2022-12-01","2.263361","102.251553","10.66","MALACCA, MY","  79.0","23","  75.2","23","1008.7","20","007.6","20","  6.7","23","  2.7","23","  7.0","999.9","  87.8","*","  74.3"," "," 1.31","G","999.9","010010"
"48665099999","2022-12-02","2.263361","102.251553","10.66","MALACCA, MY","  79.2","23","  74.5","23","1008.3","16","007.2","16","  7.3","23","  3.0","23","  7.0","999.9","  86.9"," ","  74.3","*"," 0.13","G","999.9","010010"
"48665099999","2022-12-03","2.263361","102.251553","10.66","MALACCA, MY","  81.5","23","  75.2","23","1007.6","19","006.5","19","  8.7","23","  3.4","23","  7.0"," 17.1","  88.0","*","  74.3"," "," 0.00","G","999.9","010010"
"48665099999","2022-12-04","2.263361","102.251553","10.66","MALACCA, MY","  81.4","24","  75.3","24","1008.7","22","007.6","22","  8.4","24","  2.1","24","  6.0","999.9","  87.8","*","  75.7"," "," 0.05","G","999.9","010010"
"48665099999","2022-12-05","2.263361","102.251553","10.66","MALACCA, MY","  79.1","23","  76.0","23","1009.2","19","008.1","19","  6.9","23","  1.8","23","  8.9","999.9","  86.2","*","  75.2","*"," 0.00","G","999.9","010010"
"48665099999","2022-12-06","2.263361","102.251553","10.66","MALACCA, MY","  80.2","23","  75.0","23","1008.9","14","007.8","14","  7.5","23","  3.9","23","  6.0","999.9","  89.4"," ","  75.2","*"," 0.54","G","999.9","010000"
"48665099999","2022-12-07","2.263361","102.251553","10.66","MALACCA, MY","  80.9","23","  75.1","23","1008.8","17","007.7","17","  8.0","23","  3.3","23","  6.0","999.9","  88.0","*","  74.3","*"," 0.02","G","999.9","010010"
"48665099999","2022-12-08","2.263361","102.251553","10.66","MALACCA, MY","  77.1","23","  74.0","23","1009.0","16","007.9","16","  6.6","23","  2.1","23","  7.0"," 19.0","  86.2","*","  73.4","*"," 0.01","G","999.9","010010"
"48665099999","2022-12-09","2.263361","102.251553","10.66","MALACCA, MY","  77.8","23","  74.3","23","1008.7","18","007.5","18","  6.6","23","  2.4","23","  6.0","999.9","  87.3"," ","  73.4","*"," 1.56","G","999.9","010000"
"48665099999","2022-12-10","2.263361","102.251553","10.66","MALACCA, MY","  77.6","23","  74.6","23","1008.8","15","007.7","15","  6.0","23","  3.3","23","  7.0","999.9","  84.2","*","  73.9"," "," 0.12","G","999.9","010010"
"48665099999","2022-12-11","2.263361","102.251553","10.66","MALACCA, MY","  78.7","24","  75.1","24","1009.7","21","008.6","21","  8.0","24","  2.4","24","  6.0","999.9","  86.0"," ","  74.8"," "," 1.01","G","999.9","010000"
"48665099999","2022-12-12","2.263361","102.251553","10.66","MALACCA, MY","  79.3","23","  75.6","23","1009.3","20","008.2","20","  7.7","23","  3.3","23","  7.0","999.9","  86.0","*","  75.0"," "," 0.15","G","999.9","010010"
"48665099999","2022-12-13","2.263361","102.251553","10.66","MALACCA, MY","  78.7","22","  74.7","22","1009.8","20","008.7","20","  8.8","22","  6.4","22","  8.9","999.9","  84.2","*","  75.2"," "," 0.51","G","999.9","010000"
"48665099999","2022-12-14","2.263361","102.251553","10.66","MALACCA, MY","  78.4","22","  74.1","22","1010.0","16","008.9","16","  7.4","22","  6.7","22"," 11.1","999.9","  82.4","*","  76.1"," "," 0.00","G","999.9","010000"
"48665099999","2022-12-15","2.263361","102.251553","10.66","MALACCA, MY","  77.9","22","  74.2","22","1008.6","18","007.5","18","  8.7","22","  5.8","22"," 11.1","999.9","  81.0","*","  75.2","*"," 0.01","G","999.9","000000"
"48665099999","2022-12-16","2.263361","102.251553","10.66","MALACCA, MY","  80.9","21","  74.2","21","1007.5","18","006.4","18","  8.9","21","  6.3","21","  9.9","999.9","  87.8","*","  75.2","*"," 0.00","G","999.9","000000"
"48665099999","2022-12-17","2.263361","102.251553","10.66","MALACCA, MY","  81.1","24","  73.8","24","1007.8","17","006.7","17","  8.4","24","  6.4","24"," 11.1","999.9","  87.8","*","  75.2","*"," 0.00","G","999.9","000000"
"48665099999","2022-12-18","2.263361","102.251553","10.66","MALACCA, MY","  78.9","24","  74.3","24","1007.7","18","006.6","18","  7.4","24","  4.8","24","  8.9","999.9","  86.0","*","  75.2","*"," 0.02","B","999.9","010010"
"48665099999","2022-12-19","2.263361","102.251553","10.66","MALACCA, MY","  77.5","24","  73.4","24","1007.4","13","006.3","13","  8.0","24","  7.1","24"," 11.1","999.9","  82.4","*","  73.4","*"," 1.67","G","999.9","000000"
"48665099999","2022-12-20","2.263361","102.251553","10.66","MALACCA, MY","  80.4","24","  73.8","24","1008.0","22","006.9","22","  8.8","24","  4.6","24","  8.0","999.9","  87.6"," ","  73.2"," "," 0.00","G","999.9","000000"
"48665099999","2022-12-21","2.263361","102.251553","10.66","MALACCA, MY","  79.8","24","  74.5","24","1008.5","22","007.4","22","  8.4","24","  3.8","24","  7.0","999.9","  88.3"," ","  74.7"," "," 0.00","G","999.9","000010"
"48665099999","2022-12-22","2.263361","102.251553","10.66","MALACCA, MY","  78.1","24","  74.1","24","1009.5","19","008.4","19","  7.0","24","  3.1","24","  7.0","999.9","  86.0","*","  74.7","*"," 0.00","G","999.9","010010"
"48665099999","2022-12-23","2.263361","102.251553","10.66","MALACCA, MY","  79.7","24","  74.1","24","1010.0","16","008.9","16","  7.9","24","  4.7","24","  8.0","999.9","  86.9"," ","  74.8"," "," 0.03","G","999.9","010000"
"48665099999","2022-12-24","2.263361","102.251553","10.66","MALACCA, MY","  80.3","24","  70.9","24","1010.7","18","009.6","18","  8.1","24","  8.5","24"," 13.0","999.9","  86.7"," ","  75.0"," "," 0.00","G","999.9","010000"
"48665099999","2022-12-25","2.263361","102.251553","10.66","MALACCA, MY","  80.1","24","  70.7","24","1012.3","13","011.2","13","  7.7","24","  7.7","24"," 11.1","999.9","  86.4","*","  74.7"," "," 0.05","G","999.9","000000"
"48665099999","2022-12-26","2.263361","102.251553","10.66","MALACCA, MY","  79.2","24","  71.3","24","1013.1","19","012.0","19","  8.5","24","  8.1","24"," 13.0","999.9","  86.0","*","  74.7","*"," 0.00","G","999.9","000000"
"48665099999","2022-12-27","2.263361","102.251553","10.66","MALACCA, MY","  80.2","24","  72.2","24","1013.3","16","012.3","16","  8.0","24","  7.1","24"," 12.0","999.9","  87.8","*","  73.9"," "," 0.00","G","999.9","000000"
"48665099999","2022-12-28","2.263361","102.251553","10.66","MALACCA, MY","  77.6","24","  73.1","24","1013.7","18","012.6","18","  6.4","24","  3.7","24","  6.0","999.9","  81.0"," ","  75.0"," "," 0.04","C","999.9","010000"
"48665099999","2022-12-29","2.263361","102.251553","10.66","MALACCA, MY","  78.8","24","  73.5","24","1014.2","21","013.1","21","  8.2","24","  3.3","24","  7.0","999.9","  84.2","*","  74.7","*"," 0.00","H","999.9","010000"
"48665099999","2022-12-30","2.263361","102.251553","10.66","MALACCA, MY","  81.1","24","  73.3","24","1013.9","17","012.8","17","  7.5","24","  3.4","24","  7.0","999.9","  89.6","*","  74.3"," ","99.99"," ","999.9","010010"
"48665099999","2022-12-31","2.263361","102.251553","10.66","MALACCA, MY","  79.0","24","  73.7","24","1013.1","19","012.0","19","  6.6","24","  4.1","24","  9.9","999.9","  87.8","*","  74.3"," "," 0.11","G","999.9","010010"
