"STATION","DATE","LATITUDE","LONGITUDE","ELEVATION","NAME","TEMP","TEMP_ATTRIBUTES","DEWP","DEWP_ATTRIBUTES","SLP","SLP_ATTRIBUTES","STP","STP_ATTRIBUTES","VISIB","VISIB_ATTRIBUTES","WDSP","WDSP_ATTRIBUTES","MXSPD","GUST","MAX","MAX_ATTRIBUTES","MIN","MIN_ATTRIBUTES","PRCP","PRCP_ATTRIBUTES","SNDP","FRSHTT"
"48935099999","2022-01-01","19.4666666","103.1333333","1050.0","PLAINE DES JARRES XIENGKHOUANG, LA","  60.5"," 4","  56.3"," 4","9999.9"," 0","898.6"," 4","  5.7"," 4","  3.4"," 4","  3.9","999.9","  68.4"," ","  53.6"," "," 0.00","I","999.9","000000"
"48935099999","2022-01-02","19.4666666","103.1333333","1050.0","PLAINE DES JARRES XIENGKHOUANG, LA","  65.8"," 4","  52.9"," 4","9999.9"," 0","896.6"," 4","  9.8"," 4","  2.4"," 4","  3.9","999.9","  70.0"," ","  61.5","*"," 0.00","I","999.9","000000"
"48935099999","2022-01-03","19.4666666","103.1333333","1050.0","PLAINE DES JARRES XIENGKHOUANG, LA","  62.5"," 5","  48.7"," 5","9999.9"," 0","894.8"," 5","  6.6"," 5","  1.6"," 5","  1.9","999.9","  74.5"," ","  44.6"," "," 0.00","I","999.9","100000"
"48935099999","2022-01-04","19.4666666","103.1333333","1050.0","PLAINE DES JARRES XIENGKHOUANG, LA","  61.6"," 5","  50.4"," 5","9999.9"," 0","894.4"," 5","  5.8"," 5","  1.9"," 5","  1.9","999.9","  74.1"," ","  45.7"," "," 0.00","I","999.9","000000"
"48935099999","2022-01-05","19.4666666","103.1333333","1050.0","PLAINE DES JARRES XIENGKHOUANG, LA","  63.5"," 5","  50.0"," 5","9999.9"," 0","893.8"," 5","  7.8"," 5","  2.4"," 4","  3.9","999.9","  77.0"," ","  43.7"," "," 0.00","I","999.9","100000"
"48935099999","2022-01-06","19.4666666","103.1333333","1050.0","PLAINE DES JARRES XIENGKHOUANG, LA","  64.5"," 5","  47.9"," 5","9999.9"," 0","894.5"," 5","  7.8"," 5","  1.6"," 5","  1.9","999.9","  78.4"," ","  44.2"," "," 0.00","I","999.9","100000"
"48935099999","2022-01-07","19.4666666","103.1333333","1050.0","PLAINE DES JARRES XIENGKHOUANG, LA","  65.4"," 6","  53.3"," 6","9999.9"," 0","896.0"," 5","  5.0"," 6","  1.9"," 4","  1.9","999.9","  75.9"," ","  47.8"," "," 0.00","I","999.9","100000"
"48935099999","2022-01-08","19.4666666","103.1333333","1050.0","PLAINE DES JARRES XIENGKHOUANG, LA","  65.6"," 5","  53.4"," 5","9999.9"," 0","894.7"," 5","  7.9"," 5","  1.6"," 5","  1.9","999.9","  77.5"," ","  48.4"," "," 0.00","I","999.9","100000"
"48935099999","2022-01-09","19.4666666","103.1333333","1050.0","PLAINE DES JARRES XIENGKHOUANG, LA","  65.6"," 5","  52.5"," 5","9999.9"," 0","893.2"," 5","  6.1"," 5","  1.6"," 5","  1.9","999.9","  79.5"," ","  49.3"," "," 0.00","I","999.9","100000"
"48935099999","2022-01-11","19.4666666","103.1333333","1050.0","PLAINE DES JARRES XIENGKHOUANG, LA","  67.7"," 5","  52.2"," 5","9999.9"," 0","893.4"," 5","  6.1"," 5","  2.4"," 4","  3.9","999.9","  80.2"," ","  49.6"," "," 0.00","I","999.9","100000"
"48935099999","2022-01-12","19.4666666","103.1333333","1050.0","PLAINE DES JARRES XIENGKHOUANG, LA","  66.4"," 5","  54.0"," 5","9999.9"," 0","895.3"," 5","  5.6"," 5","  2.4"," 4","  3.9","999.9","  78.4"," ","  52.2"," "," 0.00","I","999.9","100000"
"48935099999","2022-01-13","19.4666666","103.1333333","1050.0","PLAINE DES JARRES XIENGKHOUANG, LA","  66.2"," 5","  58.4"," 5","9999.9"," 0","895.2"," 5","  6.5"," 5","  1.9"," 4","  1.9","999.9","  73.8"," ","  55.4"," "," 0.00","I","999.9","000000"
"48935099999","2022-01-14","19.4666666","103.1333333","1050.0","PLAINE DES JARRES XIENGKHOUANG, LA","  66.4"," 5","  56.3"," 5","9999.9"," 0","894.7"," 5","  6.8"," 5","  1.9"," 5","  1.9","999.9","  77.0"," ","  53.2"," "," 0.00","I","999.9","000000"
"48935099999","2022-01-15","19.4666666","103.1333333","1050.0","PLAINE DES JARRES XIENGKHOUANG, LA","  68.3"," 5","  54.3"," 5","9999.9"," 0","893.8"," 4","  7.2"," 5","  1.6"," 5","  1.9","999.9","  78.8"," ","  50.4"," "," 0.00","I","999.9","000000"
"48935099999","2022-01-16","19.4666666","103.1333333","1050.0","PLAINE DES JARRES XIENGKHOUANG, LA","  64.0"," 4","  56.1"," 4","9999.9"," 0","895.0"," 4","  6.2"," 4","999.9"," 0","999.9","999.9","  72.3"," ","  52.9"," "," 0.00","I","999.9","000000"
"48935099999","2022-01-17","19.4666666","103.1333333","1050.0","PLAINE DES JARRES XIENGKHOUANG, LA","  62.2"," 5","  57.1"," 5","9999.9"," 0","895.7"," 5","  6.1"," 5","  1.6"," 5","  1.9","999.9","  68.5"," ","  55.0"," "," 0.01","G","999.9","000000"
"48935099999","2022-01-18","19.4666666","103.1333333","1050.0","PLAINE DES JARRES XIENGKHOUANG, LA","  60.4"," 5","  54.6"," 5","9999.9"," 0","896.0"," 5","  7.2"," 5","  2.7"," 5","  3.9","999.9","  64.4"," ","  55.4"," "," 0.00","I","999.9","000000"
"48935099999","2022-01-19","19.4666666","103.1333333","1050.0","PLAINE DES JARRES XIENGKHOUANG, LA","  61.4"," 5","  54.8"," 5","9999.9"," 0","894.0"," 5","  7.0"," 5","  2.3"," 5","  3.9","999.9","  75.9"," ","  51.8"," "," 0.03","G","999.9","010000"
"48935099999","2022-01-20","19.4666666","103.1333333","1050.0","PLAINE DES JARRES XIENGKHOUANG, LA","  60.5"," 5","  56.3"," 5","9999.9"," 0","892.1"," 5","  4.8"," 5","  1.9"," 5","  1.9","999.9","  69.3"," ","  52.3"," "," 0.28","G","999.9","010000"
"48935099999","2022-01-21","19.4666666","103.1333333","1050.0","PLAINE DES JARRES XIENGKHOUANG, LA","  56.2"," 5","  55.9"," 5","9999.9"," 0","891.8"," 5","  3.2"," 5","  1.9"," 5","  1.9","999.9","  57.6"," ","  54.3"," "," 0.65","G","999.9","010000"
"48935099999","2022-01-22","19.4666666","103.1333333","1050.0","PLAINE DES JARRES XIENGKHOUANG, LA","  61.2"," 4","  57.4"," 4","9999.9"," 0","890.1"," 4","  4.7"," 4","999.9"," 0","999.9","999.9","  72.5"," ","  50.9"," "," 0.78","G","999.9","010010"
"48935099999","2022-01-23","19.4666666","103.1333333","1050.0","PLAINE DES JARRES XIENGKHOUANG, LA","  63.6"," 5","  48.3"," 5","9999.9"," 0","890.3"," 5","  5.4"," 5","  2.4"," 4","  3.9","999.9","  75.6"," ","  49.5"," "," 0.00","G","999.9","100000"
"48935099999","2022-01-24","19.4666666","103.1333333","1050.0","PLAINE DES JARRES XIENGKHOUANG, LA","  63.0"," 5","  45.8"," 5","9999.9"," 0","891.6"," 5","  6.0"," 5","  1.6"," 5","  1.9","999.9","  75.4"," ","  44.6"," "," 0.00","I","999.9","100000"
"48935099999","2022-01-25","19.4666666","103.1333333","1050.0","PLAINE DES JARRES XIENGKHOUANG, LA","  64.5"," 5","  47.6"," 5","9999.9"," 0","891.8"," 5","  6.7"," 5","  1.9"," 4","  1.9","999.9","  75.6"," ","  44.6"," "," 0.00","I","999.9","000000"
"48935099999","2022-01-26","19.4666666","103.1333333","1050.0","PLAINE DES JARRES XIENGKHOUANG, LA","  65.4"," 5","  50.3"," 5","9999.9"," 0","891.9"," 4","  6.4"," 5","  1.6"," 5","  1.9","999.9","  78.3"," ","  45.9"," "," 0.00","I","999.9","100000"
"48935099999","2022-01-27","19.4666666","103.1333333","1050.0","PLAINE DES JARRES XIENGKHOUANG, LA","  68.1"," 5","  50.6"," 5","9999.9"," 0","892.1"," 5","  6.0"," 5","  1.9"," 4","  1.9","999.9","  79.5"," ","  46.4"," "," 0.00","I","999.9","100000"
"48935099999","2022-01-28","19.4666666","103.1333333","1050.0","PLAINE DES JARRES XIENGKHOUANG, LA","  67.1"," 5","  52.7"," 5","9999.9"," 0","891.4"," 5","  5.3"," 5","999.9"," 0","999.9","999.9","  77.7"," ","  49.3"," "," 0.00","I","999.9","000000"
"48935099999","2022-01-29","19.4666666","103.1333333","1050.0","PLAINE DES JARRES XIENGKHOUANG, LA","  65.5"," 5","  49.3"," 5","9999.9"," 0","889.6"," 5","  5.8"," 5","  3.4"," 4","  3.9","999.9","  78.4"," ","  50.0"," "," 0.00","I","999.9","000000"
"48935099999","2022-01-30","19.4666666","103.1333333","1050.0","PLAINE DES JARRES XIENGKHOUANG, LA","  67.6"," 5","  50.3"," 5","9999.9"," 0","888.3"," 5","  8.1"," 5","  7.8"," 4"," 15.5","999.9","  77.4"," ","  48.9"," "," 0.00","I","999.9","000000"
"48935099999","2022-01-31","19.4666666","103.1333333","1050.0","PLAINE DES JARRES XIENGKHOUANG, LA","  69.7"," 5","  55.3"," 5","9999.9"," 0","889.8"," 4","  5.8"," 5","  4.7"," 5"," 11.7","999.9","  87.1"," ","  50.7"," "," 0.00","I","999.9","000000"
"48935099999","2022-02-01","19.4666666","103.1333333","1050.0","PLAINE DES JARRES XIENGKHOUANG, LA","  65.8"," 5","  55.9"," 5","9999.9"," 0","890.7"," 5","  6.0"," 5","  5.1"," 5","  9.7","999.9","  77.9"," ","  51.1"," "," 0.00","I","999.9","000000"
"48935099999","2022-02-02","19.4666666","103.1333333","1050.0","PLAINE DES JARRES XIENGKHOUANG, LA","  65.6"," 5","  56.4"," 5","9999.9"," 0","891.6"," 5","  6.3"," 5","  4.3"," 5"," 11.7","999.9","  77.0"," ","  53.6"," "," 0.00","I","999.9","000000"
"48935099999","2022-02-03","19.4666666","103.1333333","1050.0","PLAINE DES JARRES XIENGKHOUANG, LA","  66.1"," 5","  55.3"," 5","9999.9"," 0","891.5"," 5","  6.6"," 5","  3.4"," 4","  7.8","999.9","  79.2"," ","  52.5"," "," 0.00","I","999.9","100000"
"48935099999","2022-02-04","19.4666666","103.1333333","1050.0","PLAINE DES JARRES XIENGKHOUANG, LA","  59.7"," 5","  53.9"," 5","9999.9"," 0","893.7"," 5","  5.8"," 5","  5.4"," 5","  7.8","999.9","  68.0"," ","  52.9"," "," 0.00","I","999.9","000000"
"48935099999","2022-02-05","19.4666666","103.1333333","1050.0","PLAINE DES JARRES XIENGKHOUANG, LA","  52.4"," 5","  50.8"," 5","9999.9"," 0","894.9"," 5","  3.4"," 5","  2.3"," 5","  3.9","999.9","  54.0"," ","  51.4"," "," 0.66","G","999.9","010000"
"48935099999","2022-02-06","19.4666666","103.1333333","1050.0","PLAINE DES JARRES XIENGKHOUANG, LA","  59.3"," 5","  55.7"," 5","9999.9"," 0","894.2"," 5","  6.5"," 5","  1.9"," 5","  1.9","999.9","  68.0"," ","  49.3"," "," 0.01","G","999.9","010000"
"48935099999","2022-02-07","19.4666666","103.1333333","1050.0","PLAINE DES JARRES XIENGKHOUANG, LA","  68.7"," 5","  54.5"," 5","9999.9"," 0","892.6"," 4","  8.2"," 5","  3.4"," 4","  5.8","999.9","  81.5","*","  51.6"," "," 0.00","I","999.9","000000"
"48935099999","2022-02-08","19.4666666","103.1333333","1050.0","PLAINE DES JARRES XIENGKHOUANG, LA","  68.9"," 5","  46.8"," 5","9999.9"," 0","892.8"," 5","  8.0"," 5","  2.4"," 4","  3.9","999.9","  80.8"," ","  47.8"," "," 0.00","I","999.9","000000"
"48935099999","2022-02-09","19.4666666","103.1333333","1050.0","PLAINE DES JARRES XIENGKHOUANG, LA","  68.7"," 5","  51.5"," 5","9999.9"," 0","893.2"," 5","  5.5"," 5","  1.9"," 4","  1.9","999.9","  81.0"," ","  49.3"," "," 0.00","I","999.9","000000"
"48935099999","2022-02-10","19.4666666","103.1333333","1050.0","PLAINE DES JARRES XIENGKHOUANG, LA","  70.1"," 5","  52.6"," 5","9999.9"," 0","892.6"," 5","  5.9"," 5","  1.9"," 4","  1.9","999.9","  82.8"," ","  49.8"," "," 0.00","I","999.9","100000"
"48935099999","2022-02-11","19.4666666","103.1333333","1050.0","PLAINE DES JARRES XIENGKHOUANG, LA","  70.4"," 5","  55.3"," 5","9999.9"," 0","892.1"," 5","  5.6"," 5","  2.4"," 4","  3.9","999.9","  82.8"," ","  51.1"," "," 0.00","I","999.9","000000"
"48935099999","2022-02-12","19.4666666","103.1333333","1050.0","PLAINE DES JARRES XIENGKHOUANG, LA","  71.1"," 5","  60.6"," 5","9999.9"," 0","890.4"," 5","  6.2"," 5","  3.9"," 4","  7.8","999.9","  80.6"," ","  59.0"," "," 0.00","I","999.9","000000"
"48935099999","2022-02-13","19.4666666","103.1333333","1050.0","PLAINE DES JARRES XIENGKHOUANG, LA","  72.3"," 5","  60.4"," 5","9999.9"," 0","889.5"," 5","  5.7"," 5","  4.4"," 4","  7.8","999.9","  83.1"," ","  58.3"," "," 0.00","I","999.9","100000"
"48935099999","2022-02-14","19.4666666","103.1333333","1050.0","PLAINE DES JARRES XIENGKHOUANG, LA","  66.1"," 5","  57.6"," 5","9999.9"," 0","892.3"," 5","  7.1"," 5","  3.1"," 5","  3.9","999.9","  75.6"," ","  58.6"," "," 0.00","I","999.9","000000"
"48935099999","2022-02-15","19.4666666","103.1333333","1050.0","PLAINE DES JARRES XIENGKHOUANG, LA","  68.9"," 5","  56.1"," 5","9999.9"," 0","891.9"," 5","  6.1"," 5","  1.9"," 5","  1.9","999.9","  81.0"," ","  54.7"," "," 0.00","I","999.9","000000"
"48935099999","2022-02-16","19.4666666","103.1333333","1050.0","PLAINE DES JARRES XIENGKHOUANG, LA","  67.7"," 5","  63.0"," 5","9999.9"," 0","889.7"," 5","  6.6"," 5","  2.7"," 5","  3.9","999.9","  73.6"," ","  59.2"," "," 0.18","G","999.9","010000"
"48935099999","2022-02-17","19.4666666","103.1333333","1050.0","PLAINE DES JARRES XIENGKHOUANG, LA","  71.1"," 5","  61.1"," 5","9999.9"," 0","888.6"," 5","  6.5"," 5","  1.6"," 5","  1.9","999.9","  80.6"," ","  59.0"," "," 0.00","G","999.9","000000"
"48935099999","2022-02-18","19.4666666","103.1333333","1050.0","PLAINE DES JARRES XIENGKHOUANG, LA","  71.6"," 5","  64.1"," 5","9999.9"," 0","890.0"," 5","  6.2"," 5","  3.4"," 4","  5.8","999.9","  80.6"," ","  61.5"," "," 0.00","I","999.9","000000"
"48935099999","2022-02-19","19.4666666","103.1333333","1050.0","PLAINE DES JARRES XIENGKHOUANG, LA","  68.9"," 5","  63.9"," 5","9999.9"," 0","890.0"," 5","  4.3"," 5","  3.5"," 5","  7.8","999.9","  73.8"," ","  65.3"," "," 0.73","G","999.9","010000"
"48935099999","2022-02-20","19.4666666","103.1333333","1050.0","PLAINE DES JARRES XIENGKHOUANG, LA","  48.6"," 5","  47.8"," 5","9999.9"," 0","891.7"," 5","  1.4"," 5","  5.1"," 5","  7.8","999.9","  51.8"," ","  46.9","*"," 3.12","G","999.9","010000"
"48935099999","2022-02-21","19.4666666","103.1333333","1050.0","PLAINE DES JARRES XIENGKHOUANG, LA","  50.9"," 5","  46.9"," 5","9999.9"," 0","894.2"," 5","  7.2"," 5","  4.3"," 5","  7.8","999.9","  57.6"," ","  43.9"," "," 2.47","G","999.9","000000"
"48935099999","2022-02-22","19.4666666","103.1333333","1050.0","PLAINE DES JARRES XIENGKHOUANG, LA","  61.3"," 5","  51.4"," 5","9999.9"," 0","894.7"," 5","  8.0"," 5","  2.3"," 5","  3.9","999.9","  75.6"," ","  46.8"," "," 0.00","G","999.9","000000"
"48935099999","2022-02-23","19.4666666","103.1333333","1050.0","PLAINE DES JARRES XIENGKHOUANG, LA","  54.4"," 5","  48.1"," 5","9999.9"," 0","897.5"," 5","  6.8"," 5","  5.8"," 5","  7.8","999.9","  60.8"," ","  47.8"," "," 0.00","I","999.9","000000"
"48935099999","2022-02-24","19.4666666","103.1333333","1050.0","PLAINE DES JARRES XIENGKHOUANG, LA","  58.2"," 5","  49.7"," 5","9999.9"," 0","898.8"," 5","  6.1"," 5","  3.9"," 5","  3.9","999.9","  69.3"," ","  47.5"," "," 0.00","I","999.9","000000"
"48935099999","2022-02-26","19.4666666","103.1333333","1050.0","PLAINE DES JARRES XIENGKHOUANG, LA","  65.0"," 5","  48.9"," 5","9999.9"," 0","896.6"," 5","  6.3"," 5","  2.7"," 5","  5.8","999.9","  77.4"," ","  44.6"," "," 0.00","I","999.9","000000"
"48935099999","2022-02-27","19.4666666","103.1333333","1050.0","PLAINE DES JARRES XIENGKHOUANG, LA","  66.6"," 5","  53.1"," 5","9999.9"," 0","895.3"," 5","  5.1"," 5","  2.4"," 4","  3.9","999.9","  78.4"," ","  49.3"," "," 0.00","I","999.9","000000"
"48935099999","2022-02-28","19.4666666","103.1333333","1050.0","PLAINE DES JARRES XIENGKHOUANG, LA","  68.6"," 5","  55.6"," 5","9999.9"," 0","893.9"," 5","  5.1"," 5","  2.3"," 5","  3.9","999.9","  83.8"," ","  56.8"," "," 0.00","I","999.9","000000"
"48935099999","2022-03-01","19.4666666","103.1333333","1050.0","PLAINE DES JARRES XIENGKHOUANG, LA","  72.4"," 4","  54.2"," 4","9999.9"," 0","894.5"," 4","  5.7"," 4","  1.9"," 4","  1.9","999.9","  84.2","*","  53.6"," "," 0.00","I","999.9","000000"
"48935099999","2022-03-02","19.4666666","103.1333333","1050.0","PLAINE DES JARRES XIENGKHOUANG, LA","  69.9"," 5","  61.4"," 5","9999.9"," 0","913.2"," 5","  4.7"," 5","  2.4"," 4","  3.9","999.9","  80.6"," ","  58.3"," "," 0.00","I","999.9","000000"
"48935099999","2022-03-03","19.4666666","103.1333333","1050.0","PLAINE DES JARRES XIENGKHOUANG, LA","  71.3"," 5","  60.6"," 5","9999.9"," 0","894.4"," 5","  4.0"," 5","  1.9"," 5","  3.9","999.9","  83.8"," ","  57.6"," "," 0.00","I","999.9","100000"
"48935099999","2022-03-04","19.4666666","103.1333333","1050.0","PLAINE DES JARRES XIENGKHOUANG, LA","  75.0"," 5","  62.1"," 5","9999.9"," 0","893.2"," 5","  3.6"," 5","  1.5"," 4","  1.9","999.9","  86.0"," ","  59.0"," "," 0.00","I","999.9","100000"
"48935099999","2022-03-05","19.4666666","103.1333333","1050.0","PLAINE DES JARRES XIENGKHOUANG, LA","  75.1"," 5","  63.6"," 5","9999.9"," 0","892.2"," 4","  4.4"," 5","  1.9"," 4","  1.9","999.9","  86.0"," ","  59.0"," "," 0.00","I","999.9","100000"
"48935099999","2022-03-06","19.4666666","103.1333333","1050.0","PLAINE DES JARRES XIENGKHOUANG, LA","  78.9"," 5","  65.2"," 5","9999.9"," 0","892.3"," 5","  3.5"," 5","  3.1"," 5","  7.8","999.9","  87.8"," ","  63.7"," "," 0.00","I","999.9","000000"
"48935099999","2022-03-07","19.4666666","103.1333333","1050.0","PLAINE DES JARRES XIENGKHOUANG, LA","  69.2"," 5","  64.1"," 5","9999.9"," 0","894.2"," 5","  5.0"," 5","  2.9"," 4","  3.9","999.9","  77.7"," ","  64.4"," "," 0.16","E","999.9","010010"
"48935099999","2022-03-08","19.4666666","103.1333333","1050.0","PLAINE DES JARRES XIENGKHOUANG, LA","  71.5"," 5","  56.4"," 5","9999.9"," 0","893.8"," 5","  8.0"," 5","  1.9"," 5","  1.9","999.9","  79.5","*","  59.0"," "," 0.00","I","999.9","000000"
"48935099999","2022-03-09","19.4666666","103.1333333","1050.0","PLAINE DES JARRES XIENGKHOUANG, LA","  73.0"," 5","  61.8"," 5","9999.9"," 0","892.4"," 5","  7.3"," 5","  1.6"," 5","  1.9","999.9","  82.9"," ","  56.1"," "," 0.00","I","999.9","000000"
"48935099999","2022-03-10","19.4666666","103.1333333","1050.0","PLAINE DES JARRES XIENGKHOUANG, LA","  75.3"," 5","  63.9"," 5","9999.9"," 0","890.9"," 5","  6.2"," 5","  1.9"," 5","  3.9","999.9","  86.0"," ","  59.7"," "," 0.00","I","999.9","000000"
"48935099999","2022-03-11","19.4666666","103.1333333","1050.0","PLAINE DES JARRES XIENGKHOUANG, LA","  75.7"," 5","  65.0"," 5","9999.9"," 0","891.2"," 5","  5.2"," 5","  1.9"," 4","  1.9","999.9","  85.3"," ","  60.8"," "," 0.00","I","999.9","100000"
"48935099999","2022-03-12","19.4666666","103.1333333","1050.0","PLAINE DES JARRES XIENGKHOUANG, LA","  76.6"," 5","  65.5"," 5","9999.9"," 0","890.0"," 5","  5.0"," 5","  1.9"," 5","  1.9","999.9","  86.0"," ","  62.2"," "," 0.00","I","999.9","000000"
"48935099999","2022-03-13","19.4666666","103.1333333","1050.0","PLAINE DES JARRES XIENGKHOUANG, LA","  76.3"," 4","  67.5"," 4","9999.9"," 0","890.7"," 4","  3.9"," 4","999.9"," 0","999.9","999.9","  87.1"," ","  64.4"," "," 0.00","I","999.9","000010"
"48935099999","2022-03-14","19.4666666","103.1333333","1050.0","PLAINE DES JARRES XIENGKHOUANG, LA","  75.8"," 5","  67.5"," 5","9999.9"," 0","892.1"," 5","  3.5"," 5","  2.9"," 4","  3.9","999.9","  87.8"," ","  65.5"," "," 0.32","G","999.9","100010"
"48935099999","2022-03-15","19.4666666","103.1333333","1050.0","PLAINE DES JARRES XIENGKHOUANG, LA","  68.0"," 5","  66.3"," 5","9999.9"," 0","890.8"," 5","  3.0"," 5","  1.6"," 5","  1.9","999.9","  76.5"," ","  63.7"," "," 0.46","G","999.9","000010"
"48935099999","2022-03-16","19.4666666","103.1333333","1050.0","PLAINE DES JARRES XIENGKHOUANG, LA","  70.9"," 5","  66.3"," 5","9999.9"," 0","890.1"," 5","  5.6"," 5","  1.9"," 5","  1.9","999.9","  78.6"," ","  63.7"," "," 1.14","G","999.9","010010"
"48935099999","2022-03-17","19.4666666","103.1333333","1050.0","PLAINE DES JARRES XIENGKHOUANG, LA","  75.7"," 5","  66.4"," 5","9999.9"," 0","889.5"," 5","  4.8"," 5","  1.2"," 5","  1.9","999.9","  83.8"," ","  62.2"," "," 0.05","G","999.9","100010"
"48935099999","2022-03-18","19.4666666","103.1333333","1050.0","PLAINE DES JARRES XIENGKHOUANG, LA","  71.4"," 5","  60.2"," 5","9999.9"," 0","890.0"," 5","  8.7"," 5","  1.6"," 5","  1.9","999.9","  80.2"," ","  64.4"," "," 0.00","G","999.9","000000"
"48935099999","2022-03-19","19.4666666","103.1333333","1050.0","PLAINE DES JARRES XIENGKHOUANG, LA","  74.6"," 4","  61.5"," 4","9999.9"," 0","889.2"," 4","  7.8"," 4","  1.9"," 4","  3.9","999.9","  84.2","*","  58.8"," "," 0.00","I","999.9","000000"
"48935099999","2022-03-20","19.4666666","103.1333333","1050.0","PLAINE DES JARRES XIENGKHOUANG, LA","  75.7"," 5","  66.3"," 5","9999.9"," 0","889.4"," 5","  7.2"," 5","  3.1"," 5","  3.9","999.9","  83.1"," ","  61.9"," "," 0.00","I","999.9","000000"
"48935099999","2022-03-21","19.4666666","103.1333333","1050.0","PLAINE DES JARRES XIENGKHOUANG, LA","  74.7"," 5","  65.9"," 5","9999.9"," 0","891.3"," 5","  9.8"," 5","  3.1"," 5","  5.8","999.9","  81.0"," ","  67.5"," "," 0.00","I","999.9","000000"
"48935099999","2022-03-22","19.4666666","103.1333333","1050.0","PLAINE DES JARRES XIENGKHOUANG, LA","  75.0"," 5","  67.7"," 5","9999.9"," 0","892.5"," 5","  8.2"," 5","  1.6"," 5","  1.9","999.9","  80.6"," ","  64.4"," "," 0.02","G","999.9","010000"
"48935099999","2022-03-23","19.4666666","103.1333333","1050.0","PLAINE DES JARRES XIENGKHOUANG, LA","  72.2"," 5","  69.2"," 5","9999.9"," 0","892.0"," 4","  5.2"," 5","  1.6"," 5","  3.9","999.9","  80.6"," ","  64.0"," "," 0.20","G","999.9","000010"
"48935099999","2022-03-24","19.4666666","103.1333333","1050.0","PLAINE DES JARRES XIENGKHOUANG, LA","  69.4"," 5","  67.7"," 5","9999.9"," 0","890.0"," 5","  7.7"," 5","  1.9"," 5","  3.9","999.9","  76.6"," ","  65.5"," "," 0.02","G","999.9","010000"
"48935099999","2022-03-25","19.4666666","103.1333333","1050.0","PLAINE DES JARRES XIENGKHOUANG, LA","  75.3"," 5","  65.9"," 5","9999.9"," 0","891.0"," 5","  7.7"," 5","  1.9"," 5","  3.9","999.9","  83.8"," ","  61.2"," "," 0.22","G","999.9","000000"
"48935099999","2022-03-26","19.4666666","103.1333333","1050.0","PLAINE DES JARRES XIENGKHOUANG, LA","  75.6"," 4","  65.1"," 4","9999.9"," 0","893.1"," 4","  4.7"," 4","  1.5"," 4","  1.9","999.9","  87.1"," ","  61.9"," "," 0.00","G","999.9","000000"
"48935099999","2022-03-27","19.4666666","103.1333333","1050.0","PLAINE DES JARRES XIENGKHOUANG, LA","  72.1"," 5","  64.9"," 5","9999.9"," 0","892.4"," 5","  3.9"," 5","  2.7"," 5","  5.8","999.9","  86.9"," ","  62.2"," "," 0.02","E","999.9","100010"
"48935099999","2022-03-28","19.4666666","103.1333333","1050.0","PLAINE DES JARRES XIENGKHOUANG, LA","  71.1"," 5","  64.4"," 5","9999.9"," 0","892.4"," 5","  7.0"," 5","  1.9"," 5","  1.9","999.9","  77.0"," ","  62.6"," "," 0.16","G","999.9","000000"
"48935099999","2022-03-29","19.4666666","103.1333333","1050.0","PLAINE DES JARRES XIENGKHOUANG, LA","  70.0"," 5","  65.3"," 5","9999.9"," 0","893.1"," 5","  5.8"," 5","  1.2"," 5","  3.9","999.9","  79.2"," ","  61.9"," "," 0.04","G","999.9","010000"
"48935099999","2022-03-30","19.4666666","103.1333333","1050.0","PLAINE DES JARRES XIENGKHOUANG, LA","  73.3"," 5","  64.5"," 5","9999.9"," 0","892.6"," 4","  8.8"," 5","  1.6"," 5","  1.9","999.9","  81.1"," ","  61.9"," "," 0.00","I","999.9","000000"
"48935099999","2022-03-31","19.4666666","103.1333333","1050.0","PLAINE DES JARRES XIENGKHOUANG, LA","  75.9"," 5","  63.6"," 5","9999.9"," 0","893.7"," 4","  7.5"," 5","  3.5"," 5","  7.8","999.9","  84.2"," ","  65.8"," "," 0.00","I","999.9","000000"
"48935099999","2022-04-01","19.4666666","103.1333333","1050.0","PLAINE DES JARRES XIENGKHOUANG, LA","  70.4"," 5","  61.8"," 5","9999.9"," 0","895.5"," 5","  9.2"," 5","  4.7"," 5","  7.8","999.9","  77.0"," ","  61.5"," "," 0.00","I","999.9","000000"
"48935099999","2022-04-02","19.4666666","103.1333333","1050.0","PLAINE DES JARRES XIENGKHOUANG, LA","  57.9"," 5","  51.0"," 5","9999.9"," 0","898.9"," 4","  9.6"," 5","  8.2"," 5"," 11.7","999.9","  61.7"," ","  55.9"," "," 0.00","I","999.9","000000"
"48935099999","2022-04-03","19.4666666","103.1333333","1050.0","PLAINE DES JARRES XIENGKHOUANG, LA","  62.0"," 5","  47.8"," 5","9999.9"," 0","897.7"," 5","  8.1"," 5","  5.8"," 5","  7.8","999.9","  69.8"," ","  52.9"," "," 0.00","I","999.9","000000"
"48935099999","2022-04-04","19.4666666","103.1333333","1050.0","PLAINE DES JARRES XIENGKHOUANG, LA","  70.6"," 4","  53.3"," 4","9999.9"," 0","897.7"," 4","  7.3"," 4","  3.9"," 4","  5.8","999.9","  77.5"," ","  63.3","*"," 0.00","I","999.9","000000"
"48935099999","2022-04-05","19.4666666","103.1333333","1050.0","PLAINE DES JARRES XIENGKHOUANG, LA","  71.9"," 5","  57.3"," 5","9999.9"," 0","896.7"," 5","  5.7"," 5","  1.6"," 5","  1.9","999.9","  82.4"," ","  55.6"," "," 0.00","I","999.9","000000"
"48935099999","2022-04-06","19.4666666","103.1333333","1050.0","PLAINE DES JARRES XIENGKHOUANG, LA","  69.4"," 5","  59.1"," 5","9999.9"," 0","896.6"," 5","  6.0"," 5","  2.7"," 5","  3.9","999.9","  75.4"," ","  59.4"," "," 0.00","I","999.9","000000"
"48935099999","2022-04-07","19.4666666","103.1333333","1050.0","PLAINE DES JARRES XIENGKHOUANG, LA","  69.7"," 5","  57.5"," 5","9999.9"," 0","896.1"," 5","  2.9"," 5","  3.5"," 5","  3.9","999.9","  76.6"," ","  60.3"," "," 0.00","I","999.9","000000"
"48935099999","2022-04-08","19.4666666","103.1333333","1050.0","PLAINE DES JARRES XIENGKHOUANG, LA","  70.1"," 5","  50.2"," 5","9999.9"," 0","894.6"," 5","  4.8"," 5","  2.3"," 5","  3.9","999.9","  78.8"," ","  54.7"," "," 0.00","I","999.9","000000"
"48935099999","2022-04-09","19.4666666","103.1333333","1050.0","PLAINE DES JARRES XIENGKHOUANG, LA","  71.8"," 5","  57.1"," 5","9999.9"," 0","892.4"," 5","  4.2"," 5","  1.6"," 5","  1.9","999.9","  82.4"," ","  54.0"," "," 0.00","I","999.9","000000"
"48935099999","2022-04-11","19.4666666","103.1333333","1050.0","PLAINE DES JARRES XIENGKHOUANG, LA","  72.8"," 5","  63.4"," 5","9999.9"," 0","890.6"," 5","  2.5"," 5","  1.6"," 5","  3.9","999.9","  81.7"," ","  60.8"," "," 0.00","I","999.9","000000"
"48935099999","2022-04-12","19.4666666","103.1333333","1050.0","PLAINE DES JARRES XIENGKHOUANG, LA","  71.2"," 5","  63.6"," 5","9999.9"," 0","889.0"," 5","  4.7"," 5","  1.6"," 5","  1.9","999.9","  79.5"," ","  59.7"," "," 0.16","E","999.9","000000"
"48935099999","2022-04-13","19.4666666","103.1333333","1050.0","PLAINE DES JARRES XIENGKHOUANG, LA","  76.3"," 5","  58.2"," 5","9999.9"," 0","888.8"," 5","  4.1"," 5","  0.8"," 5","  1.9","999.9","  87.4"," ","  58.3"," "," 0.00","I","999.9","100000"
"48935099999","2022-04-14","19.4666666","103.1333333","1050.0","PLAINE DES JARRES XIENGKHOUANG, LA","  76.0"," 5","  65.5"," 5","9999.9"," 0","888.7"," 5","  4.7"," 5","  1.9"," 5","  3.9","999.9","  88.7"," ","  60.6"," "," 0.00","I","999.9","000000"
"48935099999","2022-04-15","19.4666666","103.1333333","1050.0","PLAINE DES JARRES XIENGKHOUANG, LA","  78.6"," 5","  67.4"," 5","9999.9"," 0","889.6"," 5","  4.1"," 5","  1.6"," 5","  1.9","999.9","  87.8"," ","  62.6"," "," 0.00","I","999.9","000000"
"48935099999","2022-04-16","19.4666666","103.1333333","1050.0","PLAINE DES JARRES XIENGKHOUANG, LA","  75.0"," 5","  68.5"," 5","9999.9"," 0","889.4"," 5","  3.5"," 5","  1.6"," 5","  1.9","999.9","  84.9"," ","  63.7"," "," 0.67","G","999.9","000010"
"48935099999","2022-04-17","19.4666666","103.1333333","1050.0","PLAINE DES JARRES XIENGKHOUANG, LA","  73.8"," 5","  67.2"," 5","9999.9"," 0","891.5"," 5","  6.5"," 5","  1.6"," 5","  1.9","999.9","  82.2"," ","  65.8"," "," 0.94","E","999.9","000010"
"48935099999","2022-04-18","19.4666666","103.1333333","1050.0","PLAINE DES JARRES XIENGKHOUANG, LA","  67.5"," 5","  64.5"," 5","9999.9"," 0","894.3"," 5","  7.7"," 5","  1.6"," 5","  1.9","999.9","  70.2"," ","  62.6"," "," 0.01","E","999.9","010000"
"48935099999","2022-04-19","19.4666666","103.1333333","1050.0","PLAINE DES JARRES XIENGKHOUANG, LA","  67.7"," 5","  60.6"," 5","9999.9"," 0","894.9"," 5","  9.2"," 5","  1.9"," 5","  3.9","999.9","  73.8"," ","  59.0"," "," 0.00","I","999.9","000000"
"48935099999","2022-04-20","19.4666666","103.1333333","1050.0","PLAINE DES JARRES XIENGKHOUANG, LA","  68.4"," 5","  63.3"," 5","9999.9"," 0","893.2"," 5","  6.2"," 5","  2.3"," 5","  3.9","999.9","  80.2"," ","  58.6"," "," 0.02","G","999.9","010010"
"48935099999","2022-04-21","19.4666666","103.1333333","1050.0","PLAINE DES JARRES XIENGKHOUANG, LA","  69.2"," 5","  65.6"," 5","9999.9"," 0","892.2"," 5","  5.5"," 5","  1.9"," 5","  1.9","999.9","  76.6"," ","  61.2"," "," 1.02","G","999.9","010000"
"48935099999","2022-04-22","19.4666666","103.1333333","1050.0","PLAINE DES JARRES XIENGKHOUANG, LA","  74.3"," 5","  64.4"," 5","9999.9"," 0","890.8"," 5","  7.1"," 5","  1.6"," 5","  1.9","999.9","  82.4"," ","  61.5"," "," 0.02","G","999.9","010000"
"48935099999","2022-04-23","19.4666666","103.1333333","1050.0","PLAINE DES JARRES XIENGKHOUANG, LA","  76.6"," 5","  64.7"," 5","9999.9"," 0","890.9"," 5","  6.8"," 5","  1.9"," 5","  3.9","999.9","  85.8"," ","  62.2"," "," 0.00","G","999.9","000000"
"48935099999","2022-04-24","19.4666666","103.1333333","1050.0","PLAINE DES JARRES XIENGKHOUANG, LA","  75.7"," 5","  64.9"," 5","9999.9"," 0","889.4"," 5","  7.0"," 5","  2.3"," 5","  5.8","999.9","  85.3"," ","  63.9"," "," 0.00","I","999.9","000000"
"48935099999","2022-04-25","19.4666666","103.1333333","1050.0","PLAINE DES JARRES XIENGKHOUANG, LA","  80.5"," 5","  65.9"," 5","9999.9"," 0","889.7"," 5","  6.1"," 5","  2.3"," 5","  3.9","999.9","  88.5"," ","  67.3"," "," 0.00","I","999.9","000010"
"48935099999","2022-04-26","19.4666666","103.1333333","1050.0","PLAINE DES JARRES XIENGKHOUANG, LA","  77.9"," 5","  66.2"," 5","9999.9"," 0","889.9"," 5","  5.3"," 5","  1.9"," 5","  3.9","999.9","  84.9"," ","  64.6"," "," 0.00","I","999.9","000000"
"48935099999","2022-04-27","19.4666666","103.1333333","1050.0","PLAINE DES JARRES XIENGKHOUANG, LA","  77.1"," 5","  67.2"," 5","9999.9"," 0","890.2"," 4","  4.8"," 5","  1.6"," 5","  1.9","999.9","  87.1","*","  61.9"," "," 0.00","I","999.9","000000"
"48935099999","2022-04-28","19.4666666","103.1333333","1050.0","PLAINE DES JARRES XIENGKHOUANG, LA","  77.0"," 4","  67.5"," 4","9999.9"," 0","891.4"," 4","  3.3"," 4","  1.0"," 4","  1.9","999.9","  88.5"," ","  60.8"," "," 0.00","I","999.9","000010"
"48935099999","2022-04-29","19.4666666","103.1333333","1050.0","PLAINE DES JARRES XIENGKHOUANG, LA","  77.0"," 5","  68.3"," 5","9999.9"," 0","891.4"," 5","  3.9"," 5","  1.9"," 5","  3.9","999.9","  86.0"," ","  66.4"," "," 0.00","I","999.9","000010"
"48935099999","2022-04-30","19.4666666","103.1333333","1050.0","PLAINE DES JARRES XIENGKHOUANG, LA","  78.1"," 5","  63.2"," 5","9999.9"," 0","890.9"," 5","  8.9"," 5","  1.6"," 5","  1.9","999.9","  87.4"," ","  66.2"," "," 0.00","I","999.9","000000"
"48935099999","2022-05-02","19.4666666","103.1333333","1050.0","PLAINE DES JARRES XIENGKHOUANG, LA","  66.2"," 5","  53.8"," 5","9999.9"," 0","893.4"," 5","  9.3"," 5","  4.3"," 5","  5.8","999.9","  72.3"," ","  59.9"," "," 0.23","G","999.9","000000"
"48935099999","2022-05-03","19.4666666","103.1333333","1050.0","PLAINE DES JARRES XIENGKHOUANG, LA","  70.8"," 4","  54.0"," 4","9999.9"," 0","894.2"," 4","  9.6"," 4","  2.9"," 4","  3.9","999.9","  77.4"," ","  57.2"," "," 0.00","G","999.9","000000"
"48935099999","2022-05-04","19.4666666","103.1333333","1050.0","PLAINE DES JARRES XIENGKHOUANG, LA","  73.7"," 5","  57.9"," 5","9999.9"," 0","892.8"," 5","  8.5"," 5","  2.3"," 5","  3.9","999.9","  80.6"," ","  61.9"," "," 0.00","I","999.9","000000"
"48935099999","2022-05-05","19.4666666","103.1333333","1050.0","PLAINE DES JARRES XIENGKHOUANG, LA","  73.7"," 5","  61.8"," 5","9999.9"," 0","890.2"," 4","  7.8"," 5","  1.9"," 5","  3.9","999.9","  84.6"," ","  57.9"," "," 0.02","E","999.9","010000"
"48935099999","2022-05-06","19.4666666","103.1333333","1050.0","PLAINE DES JARRES XIENGKHOUANG, LA","  70.8"," 5","  65.8"," 5","9999.9"," 0","890.8"," 4","  4.7"," 5","  1.9"," 5","  1.9","999.9","  81.3"," ","  64.0"," "," 0.67","E","999.9","010010"
"48935099999","2022-05-07","19.4666666","103.1333333","1050.0","PLAINE DES JARRES XIENGKHOUANG, LA","  72.1"," 5","  69.5"," 5","9999.9"," 0","891.3"," 5","  5.5"," 5","  1.2"," 5","  1.9","999.9","  78.8"," ","  65.1"," "," 0.04","E","999.9","010010"
"48935099999","2022-05-08","19.4666666","103.1333333","1050.0","PLAINE DES JARRES XIENGKHOUANG, LA","  73.5"," 5","  66.7"," 5","9999.9"," 0","890.4"," 5","  9.2"," 5","  1.9"," 5","  1.9","999.9","  80.8"," ","  68.0"," "," 0.46","G","999.9","010010"
"48935099999","2022-05-09","19.4666666","103.1333333","1050.0","PLAINE DES JARRES XIENGKHOUANG, LA","  73.1"," 5","  68.6"," 5","9999.9"," 0","890.3"," 5","  8.0"," 5","  1.9"," 5","  1.9","999.9","  79.2"," ","  66.2"," "," 0.31","E","999.9","010010"
"48935099999","2022-05-10","19.4666666","103.1333333","1050.0","PLAINE DES JARRES XIENGKHOUANG, LA","  75.6"," 5","  69.1"," 5","9999.9"," 0","890.5"," 5","  6.3"," 5","  1.6"," 5","  1.9","999.9","  82.8"," ","  65.5"," "," 0.08","E","999.9","000010"
"48935099999","2022-05-11","19.4666666","103.1333333","1050.0","PLAINE DES JARRES XIENGKHOUANG, LA","  75.1"," 5","  69.4"," 5","9999.9"," 0","889.4"," 4","  7.5"," 5","  2.3"," 5","  3.9","999.9","  82.9"," ","  67.6"," "," 0.63","E","999.9","000010"
"48935099999","2022-05-12","19.4666666","103.1333333","1050.0","PLAINE DES JARRES XIENGKHOUANG, LA","  75.4"," 4","  70.1"," 4","9999.9"," 0","888.5"," 4","  8.4"," 4","  1.9"," 4","  1.9","999.9","  78.1","*","  66.2"," "," 0.00","I","999.9","000000"
"48935099999","2022-05-13","19.4666666","103.1333333","1050.0","PLAINE DES JARRES XIENGKHOUANG, LA","  76.6"," 4","  72.7"," 4","9999.9"," 0","888.1"," 4","  5.6"," 4","  3.9"," 4","  7.8","999.9","  82.8"," ","  74.1","*"," 0.55","E","999.9","010010"
"48935099999","2022-05-14","19.4666666","103.1333333","1050.0","PLAINE DES JARRES XIENGKHOUANG, LA","  74.7"," 5","  70.6"," 5","9999.9"," 0","890.0"," 4","  8.1"," 5","  1.9"," 5","  3.9","999.9","  80.1"," ","  67.6"," "," 0.47","E","999.9","000010"
"48935099999","2022-05-15","19.4666666","103.1333333","1050.0","PLAINE DES JARRES XIENGKHOUANG, LA","  78.7"," 5","  70.3"," 5","9999.9"," 0","890.0"," 5","  6.7"," 5","  1.9"," 5","  3.9","999.9","  87.8"," ","  65.8"," "," 0.04","E","999.9","100010"
"48935099999","2022-05-16","19.4666666","103.1333333","1050.0","PLAINE DES JARRES XIENGKHOUANG, LA","  71.2"," 5","  68.7"," 5","9999.9"," 0","891.2"," 5","  7.3"," 5","  2.7"," 5","  5.8","999.9","  76.6"," ","  67.6","*"," 0.09","G","999.9","010000"
"48935099999","2022-05-17","19.4666666","103.1333333","1050.0","PLAINE DES JARRES XIENGKHOUANG, LA","  67.0"," 5","  62.9"," 5","9999.9"," 0","892.5"," 5","  8.9"," 5","  2.3"," 5","  3.9","999.9","  70.7"," ","  61.3"," "," 0.15","G","999.9","000000"
"48935099999","2022-05-18","19.4666666","103.1333333","1050.0","PLAINE DES JARRES XIENGKHOUANG, LA","  72.8"," 5","  66.2"," 5","9999.9"," 0","892.8"," 5","  8.5"," 5","  2.3"," 5","  3.9","999.9","  79.7"," ","  63.0"," "," 0.00","G","999.9","000000"
"48935099999","2022-05-19","19.4666666","103.1333333","1050.0","PLAINE DES JARRES XIENGKHOUANG, LA","  76.1"," 5","  68.8"," 5","9999.9"," 0","891.9"," 5","  8.2"," 5","  1.2"," 5","  1.9","999.9","  82.4","*","  65.5"," "," 0.00","E","999.9","000010"
"48935099999","2022-05-20","19.4666666","103.1333333","1050.0","PLAINE DES JARRES XIENGKHOUANG, LA","  74.6"," 5","  70.2"," 5","9999.9"," 0","889.9"," 5","  8.6"," 5","  1.9"," 5","  3.9","999.9","  79.7","*","  69.1"," "," 0.01","G","999.9","010000"
"48935099999","2022-05-21","19.4666666","103.1333333","1050.0","PLAINE DES JARRES XIENGKHOUANG, LA","  73.1"," 5","  69.7"," 5","9999.9"," 0","885.8"," 5","  7.7"," 5","  1.9"," 5","  3.9","999.9","  76.6"," ","  69.1"," "," 0.05","G","999.9","010000"
"48935099999","2022-05-22","19.4666666","103.1333333","1050.0","PLAINE DES JARRES XIENGKHOUANG, LA","  73.3"," 4","  69.7"," 4","9999.9"," 0","882.9"," 4","  8.4"," 4","  2.4"," 4","  3.9","999.9","  75.9","*","  69.8"," "," 0.36","G","999.9","010000"
"48935099999","2022-05-23","19.4666666","103.1333333","1050.0","PLAINE DES JARRES XIENGKHOUANG, LA","  73.9"," 5","  69.8"," 5","9999.9"," 0","885.1"," 5","  7.3"," 5","  1.9"," 5","  1.9","999.9","  78.8"," ","  68.0"," "," 0.24","G","999.9","010000"
"48935099999","2022-05-24","19.4666666","103.1333333","1050.0","PLAINE DES JARRES XIENGKHOUANG, LA","  75.2"," 4","  69.8"," 4","9999.9"," 0","890.0"," 4","  6.8"," 4","  1.5"," 4","  1.9","999.9","  83.8"," ","  68.0"," "," 0.30","G","999.9","000000"
"48935099999","2022-05-25","19.4666666","103.1333333","1050.0","PLAINE DES JARRES XIENGKHOUANG, LA","  76.6"," 5","  70.2"," 5","9999.9"," 0","890.1"," 5","  7.5"," 5","  1.6"," 5","  1.9","999.9","  82.0"," ","  68.0"," "," 0.00","G","999.9","000010"
"48935099999","2022-05-26","19.4666666","103.1333333","1050.0","PLAINE DES JARRES XIENGKHOUANG, LA","  76.8"," 4","  68.9"," 4","9999.9"," 0","887.3"," 4","  6.5"," 4","  1.9"," 4","  3.9","999.9","  82.4","*","  67.6"," "," 0.12","G","999.9","010010"
"48935099999","2022-05-27","19.4666666","103.1333333","1050.0","PLAINE DES JARRES XIENGKHOUANG, LA","  75.7"," 5","  71.6"," 5","9999.9"," 0","885.3"," 5","  6.8"," 5","  1.6"," 5","  1.9","999.9","  79.9"," ","  69.1"," "," 0.34","G","999.9","010000"
"48935099999","2022-05-28","19.4666666","103.1333333","1050.0","PLAINE DES JARRES XIENGKHOUANG, LA","  76.8"," 5","  71.5"," 5","9999.9"," 0","885.4"," 5","  5.6"," 5","  1.9"," 5","  1.9","999.9","  85.3"," ","  68.0"," "," 1.61","G","999.9","010010"
"48935099999","2022-05-29","19.4666666","103.1333333","1050.0","PLAINE DES JARRES XIENGKHOUANG, LA","  75.5"," 5","  69.4"," 5","9999.9"," 0","885.4"," 5","  8.9"," 5","  1.9"," 5","  3.9","999.9","  82.8"," ","  68.0"," "," 1.63","G","999.9","010000"
"48935099999","2022-05-30","19.4666666","103.1333333","1050.0","PLAINE DES JARRES XIENGKHOUANG, LA","  76.2"," 5","  70.5"," 5","9999.9"," 0","886.5"," 5","  8.5"," 5","  1.6"," 5","  1.9","999.9","  82.4"," ","  68.0"," "," 0.42","G","999.9","000010"
"48935099999","2022-05-31","19.4666666","103.1333333","1050.0","PLAINE DES JARRES XIENGKHOUANG, LA","  76.0"," 5","  69.5"," 5","9999.9"," 0","887.1"," 5","  7.5"," 5","  1.6"," 5","  1.9","999.9","  81.3"," ","  69.1"," "," 0.01","G","999.9","010010"
"48935099999","2022-06-01","19.4666666","103.1333333","1050.0","PLAINE DES JARRES XIENGKHOUANG, LA","  75.3"," 5","  69.2"," 5","9999.9"," 0","888.5"," 5","  7.6"," 5","  1.9"," 5","  3.9","999.9","  80.6"," ","  66.4"," "," 0.05","G","999.9","010010"
"48935099999","2022-06-02","19.4666666","103.1333333","1050.0","PLAINE DES JARRES XIENGKHOUANG, LA","  78.0"," 5","  68.3"," 5","9999.9"," 0","888.1"," 5","  8.7"," 5","  1.9"," 5","  3.9","999.9","  85.1"," ","  67.6"," "," 0.00","I","999.9","000000"
"48935099999","2022-06-03","19.4666666","103.1333333","1050.0","PLAINE DES JARRES XIENGKHOUANG, LA","  76.4"," 4","  69.5"," 4","9999.9"," 0","888.3"," 4","  8.1"," 4","  1.9"," 4","  1.9","999.9","  82.0"," ","  70.2"," "," 0.00","I","999.9","000000"
"48935099999","2022-06-04","19.4666666","103.1333333","1050.0","PLAINE DES JARRES XIENGKHOUANG, LA","  72.0"," 4","9999.9"," 0","9999.9"," 0","889.6"," 4","  8.9"," 4","  2.4"," 4","  3.9","999.9","  77.0","*","  69.3","*"," 0.00","I","999.9","000010"
"48935099999","2022-06-05","19.4666666","103.1333333","1050.0","PLAINE DES JARRES XIENGKHOUANG, LA","  76.1"," 5","  68.8"," 5","9999.9"," 0","888.4"," 5","  9.4"," 5","  1.6"," 5","  1.9","999.9","  83.5"," ","  66.6"," "," 1.24","G","999.9","000010"
"48935099999","2022-06-06","19.4666666","103.1333333","1050.0","PLAINE DES JARRES XIENGKHOUANG, LA","  77.0"," 5","  69.8"," 5","9999.9"," 0","886.6"," 5","  7.5"," 5","  1.2"," 5","  1.9","999.9","  83.8"," ","  67.3"," "," 0.03","G","999.9","100010"
"48935099999","2022-06-07","19.4666666","103.1333333","1050.0","PLAINE DES JARRES XIENGKHOUANG, LA","  74.5"," 5","  69.3"," 5","9999.9"," 0","886.8"," 5","  8.1"," 5","  1.9"," 5","  1.9","999.9","  78.4"," ","  69.3"," "," 0.00","G","999.9","010010"
"48935099999","2022-06-08","19.4666666","103.1333333","1050.0","PLAINE DES JARRES XIENGKHOUANG, LA","  74.4"," 5","  69.8"," 5","9999.9"," 0","887.4"," 5","  7.8"," 5","  1.6"," 5","  1.9","999.9","  80.6"," ","  69.8"," "," 0.51","G","999.9","000000"
"48935099999","2022-06-09","19.4666666","103.1333333","1050.0","PLAINE DES JARRES XIENGKHOUANG, LA","  76.9"," 5","  68.1"," 5","9999.9"," 0","887.8"," 5","  8.7"," 5","  2.3"," 5","  3.9","999.9","  82.0"," ","  68.0"," "," 0.04","G","999.9","000010"
"48935099999","2022-06-10","19.4666666","103.1333333","1050.0","PLAINE DES JARRES XIENGKHOUANG, LA","  78.6"," 5","  66.7"," 5","9999.9"," 0","887.3"," 5","  9.9"," 5","  2.7"," 5","  3.9","999.9","  86.0"," ","  68.7"," "," 0.00","G","999.9","000010"
"48935099999","2022-06-11","19.4666666","103.1333333","1050.0","PLAINE DES JARRES XIENGKHOUANG, LA","  77.1"," 5","  70.8"," 5","9999.9"," 0","888.5"," 5","  8.2"," 5","  1.9"," 5","  3.9","999.9","  82.4"," ","  69.8"," "," 0.17","G","999.9","010000"
"48935099999","2022-06-12","19.4666666","103.1333333","1050.0","PLAINE DES JARRES XIENGKHOUANG, LA","  77.7"," 5","  68.9"," 5","9999.9"," 0","889.2"," 5","  9.2"," 5","  1.9"," 5","  1.9","999.9","  82.8"," ","  71.2"," "," 0.01","G","999.9","000000"
"48935099999","2022-06-13","19.4666666","103.1333333","1050.0","PLAINE DES JARRES XIENGKHOUANG, LA","  78.7"," 5","  66.3"," 5","9999.9"," 0","888.7"," 5","  9.4"," 5","  1.9"," 5","  3.9","999.9","  85.6"," ","  68.0"," "," 0.00","G","999.9","000000"
"48935099999","2022-06-14","19.4666666","103.1333333","1050.0","PLAINE DES JARRES XIENGKHOUANG, LA","  76.6"," 5","  69.8"," 5","9999.9"," 0","889.1"," 5","  9.2"," 5","  1.9"," 5","  3.9","999.9","  84.6"," ","  70.3"," "," 0.08","E","999.9","000010"
"48935099999","2022-06-15","19.4666666","103.1333333","1050.0","PLAINE DES JARRES XIENGKHOUANG, LA","  77.8"," 4","  69.2"," 4","9999.9"," 0","889.8"," 4","  6.2"," 4","  2.4"," 4","  3.9","999.9","  81.3"," ","  73.8","*"," 0.00","I","999.9","000010"
"48935099999","2022-06-16","19.4666666","103.1333333","1050.0","PLAINE DES JARRES XIENGKHOUANG, LA","  77.0"," 5","  66.0"," 5","9999.9"," 0","890.5"," 5","  9.7"," 5","  3.1"," 5","  5.8","999.9","  83.3"," ","  67.6"," "," 0.00","I","999.9","000000"
"48935099999","2022-06-17","19.4666666","103.1333333","1050.0","PLAINE DES JARRES XIENGKHOUANG, LA","  79.1"," 5","  67.3"," 5","9999.9"," 0","889.8"," 5"," 10.2"," 5","  2.7"," 5","  3.9","999.9","  86.0"," ","  68.0"," "," 0.00","I","999.9","000000"
"48935099999","2022-06-18","19.4666666","103.1333333","1050.0","PLAINE DES JARRES XIENGKHOUANG, LA","  77.9"," 5","  67.7"," 5","9999.9"," 0","889.0"," 5","  8.2"," 5","  2.7"," 5","  3.9","999.9","  84.6"," ","  69.1"," "," 0.00","I","999.9","000010"
"48935099999","2022-06-19","19.4666666","103.1333333","1050.0","PLAINE DES JARRES XIENGKHOUANG, LA","  78.9"," 5","  68.0"," 5","9999.9"," 0","887.9"," 5"," 11.4"," 5","  2.7"," 5","  3.9","999.9","  85.6"," ","  69.4"," "," 0.00","I","999.9","000000"
"48935099999","2022-06-20","19.4666666","103.1333333","1050.0","PLAINE DES JARRES XIENGKHOUANG, LA","  79.1"," 5","  70.7"," 5","9999.9"," 0","886.0"," 5","  9.7"," 5","  2.7"," 5","  5.8","999.9","  86.7"," ","  70.2"," "," 0.00","I","999.9","000010"
"48935099999","2022-06-21","19.4666666","103.1333333","1050.0","PLAINE DES JARRES XIENGKHOUANG, LA","  79.5"," 4","  70.6"," 4","9999.9"," 0","886.0"," 4","  7.5"," 4","  5.3"," 4"," 15.5","999.9","  84.9","*","  70.5"," "," 0.04","A","999.9","010010"
"48935099999","2022-06-22","19.4666666","103.1333333","1050.0","PLAINE DES JARRES XIENGKHOUANG, LA","  78.5"," 5","  67.0"," 5","9999.9"," 0","889.3"," 5"," 10.6"," 5","  2.3"," 5","  3.9","999.9","  86.7"," ","  68.5"," "," 1.31","G","999.9","010000"
"48935099999","2022-06-23","19.4666666","103.1333333","1050.0","PLAINE DES JARRES XIENGKHOUANG, LA","  76.9"," 5","  69.3"," 5","9999.9"," 0","890.5"," 5","  8.9"," 5","  1.9"," 5","  3.9","999.9","  84.2"," ","  69.8"," "," 0.00","G","999.9","000010"
"48935099999","2022-06-24","19.4666666","103.1333333","1050.0","PLAINE DES JARRES XIENGKHOUANG, LA","  75.1"," 5","  69.2"," 5","9999.9"," 0","889.5"," 4","  7.7"," 5","  1.9"," 5","  3.9","999.9","  86.0"," ","  69.1"," "," 0.55","E","999.9","010010"
"48935099999","2022-06-25","19.4666666","103.1333333","1050.0","PLAINE DES JARRES XIENGKHOUANG, LA","  78.3"," 5","  66.2"," 5","9999.9"," 0","888.4"," 5"," 11.2"," 5","  2.3"," 5","  3.9","999.9","  86.7"," ","  67.5"," "," 0.00","I","999.9","000000"
"48935099999","2022-06-26","19.4666666","103.1333333","1050.0","PLAINE DES JARRES XIENGKHOUANG, LA","  77.1"," 5","  68.5"," 5","9999.9"," 0","890.2"," 5","  9.2"," 5","  1.6"," 5","  1.9","999.9","  84.9"," ","  66.2"," "," 0.00","I","999.9","000000"
"48935099999","2022-06-27","19.4666666","103.1333333","1050.0","PLAINE DES JARRES XIENGKHOUANG, LA","  77.0"," 4","  67.1"," 4","9999.9"," 0","890.5"," 4","  6.7"," 4","  1.9"," 4","  3.9","999.9","  85.6"," ","  68.0"," "," 0.00","I","999.9","000010"
"48935099999","2022-06-28","19.4666666","103.1333333","1050.0","PLAINE DES JARRES XIENGKHOUANG, LA","  78.7"," 5","  68.1"," 5","9999.9"," 0","888.1"," 5","  9.6"," 5","  2.7"," 5","  5.8","999.9","  86.4"," ","  66.9"," "," 0.00","I","999.9","000000"
"48935099999","2022-06-29","19.4666666","103.1333333","1050.0","PLAINE DES JARRES XIENGKHOUANG, LA","  76.3"," 5","  68.8"," 5","9999.9"," 0","885.6"," 5","  7.1"," 5","  1.2"," 5","  1.9","999.9","  81.5"," ","  68.0"," "," 0.00","I","999.9","000010"
"48935099999","2022-06-30","19.4666666","103.1333333","1050.0","PLAINE DES JARRES XIENGKHOUANG, LA","  74.3"," 5","  69.5"," 5","9999.9"," 0","884.8"," 4","  8.0"," 5","  0.8"," 5","  1.9","999.9","  82.0"," ","  69.1"," "," 1.08","G","999.9","010010"
"48935099999","2022-07-01","19.4666666","103.1333333","1050.0","PLAINE DES JARRES XIENGKHOUANG, LA","  75.5"," 5","  70.4"," 5","9999.9"," 0","884.3"," 5","  7.8"," 5","  1.9"," 5","  3.9","999.9","  82.4"," ","  69.1"," "," 0.39","E","999.9","010010"
"48935099999","2022-07-02","19.4666666","103.1333333","1050.0","PLAINE DES JARRES XIENGKHOUANG, LA","  76.0"," 5","  69.9"," 5","9999.9"," 0","883.0"," 5","  7.1"," 5","  1.6"," 5","  1.9","999.9","  84.9"," ","  69.1"," "," 0.24","E","999.9","010000"
"48935099999","2022-07-03","19.4666666","103.1333333","1050.0","PLAINE DES JARRES XIENGKHOUANG, LA","  76.2"," 5","  71.2"," 5","9999.9"," 0","884.3"," 5","  7.7"," 5","  1.6"," 5","  1.9","999.9","  84.2"," ","  69.1"," "," 0.05","G","999.9","000010"
"48935099999","2022-07-04","19.4666666","103.1333333","1050.0","PLAINE DES JARRES XIENGKHOUANG, LA","  78.3"," 5","  71.0"," 5","9999.9"," 0","885.7"," 5","  9.2"," 5","  1.9"," 5","  3.9","999.9","  83.7"," ","  71.4"," "," 0.00","I","999.9","000010"
"48935099999","2022-07-05","19.4666666","103.1333333","1050.0","PLAINE DES JARRES XIENGKHOUANG, LA","  76.7"," 5","  70.1"," 5","9999.9"," 0","886.5"," 5","  8.0"," 5","  1.9"," 5","  3.9","999.9","  82.8"," ","  71.6"," "," 0.28","E","999.9","010000"
"48935099999","2022-07-06","19.4666666","103.1333333","1050.0","PLAINE DES JARRES XIENGKHOUANG, LA","  73.3"," 5","  71.7"," 5","9999.9"," 0","888.2"," 5","  5.8"," 5","  1.9"," 5","  1.9","999.9","  81.1"," ","  70.9"," "," 0.16","G","999.9","010010"
"48935099999","2022-07-07","19.4666666","103.1333333","1050.0","PLAINE DES JARRES XIENGKHOUANG, LA","  71.3"," 5","  69.9"," 5","9999.9"," 0","887.2"," 5","  5.0"," 5","  2.3"," 5","  3.9","999.9","  74.1"," ","  68.7"," "," 0.54","G","999.9","010000"
"48935099999","2022-07-08","19.4666666","103.1333333","1050.0","PLAINE DES JARRES XIENGKHOUANG, LA","  75.1"," 4","  69.7"," 4","9999.9"," 0","887.4"," 4","  6.4"," 4","  1.9"," 4","  3.9","999.9","  82.8"," ","  67.3"," "," 1.71","G","999.9","000000"
"48935099999","2022-07-09","19.4666666","103.1333333","1050.0","PLAINE DES JARRES XIENGKHOUANG, LA","  74.9"," 4","  69.3"," 4","9999.9"," 0","886.2"," 4","  6.4"," 4","  1.5"," 4","  1.9","999.9","  81.0"," ","  68.5"," "," 0.28","G","999.9","010010"
"48935099999","2022-07-10","19.4666666","103.1333333","1050.0","PLAINE DES JARRES XIENGKHOUANG, LA","  75.5"," 5","  69.9"," 5","9999.9"," 0","887.3"," 5","  7.3"," 5","  1.6"," 5","  1.9","999.9","  81.5"," ","  67.8"," "," 0.28","E","999.9","010010"
"48935099999","2022-07-11","19.4666666","103.1333333","1050.0","PLAINE DES JARRES XIENGKHOUANG, LA","  75.4"," 5","  69.5"," 5","9999.9"," 0","887.6"," 5","  8.1"," 5","  2.7"," 5","  3.9","999.9","  79.5"," ","  69.4"," "," 0.00","I","999.9","000000"
"48935099999","2022-07-12","19.4666666","103.1333333","1050.0","PLAINE DES JARRES XIENGKHOUANG, LA","  75.9"," 5","  70.4"," 5","9999.9"," 0","886.9"," 5","  7.5"," 5","  3.5"," 5","  5.8","999.9","  82.4","*","  69.1"," "," 0.15","G","999.9","010010"
"48935099999","2022-07-13","19.4666666","103.1333333","1050.0","PLAINE DES JARRES XIENGKHOUANG, LA","  76.7"," 5","  69.3"," 5","9999.9"," 0","886.2"," 4","  9.7"," 5","  3.5"," 5","  7.8","999.9","  81.7"," ","  69.4"," "," 0.16","G","999.9","000000"
"48935099999","2022-07-14","19.4666666","103.1333333","1050.0","PLAINE DES JARRES XIENGKHOUANG, LA","  75.0"," 5","  68.5"," 5","9999.9"," 0","886.6"," 5","  8.9"," 5","  2.7"," 5","  3.9","999.9","  80.6"," ","  69.8"," "," 0.00","G","999.9","010010"
"48935099999","2022-07-15","19.4666666","103.1333333","1050.0","PLAINE DES JARRES XIENGKHOUANG, LA","  77.0"," 5","  70.9"," 5","9999.9"," 0","887.8"," 4"," 10.4"," 5","  1.9"," 5","  1.9","999.9","  84.7"," ","  68.0"," "," 0.13","G","999.9","010000"
"48935099999","2022-07-16","19.4666666","103.1333333","1050.0","PLAINE DES JARRES XIENGKHOUANG, LA","  79.3"," 5","  70.6"," 5","9999.9"," 0","888.7"," 5","  9.9"," 5","  1.6"," 5","  1.9","999.9","  86.2"," ","  67.8"," "," 0.00","I","999.9","000010"
"48935099999","2022-07-17","19.4666666","103.1333333","1050.0","PLAINE DES JARRES XIENGKHOUANG, LA","  79.0"," 5","  71.5"," 5","9999.9"," 0","889.2"," 5","  8.3"," 5","  3.1"," 5","  5.8","999.9","  86.0"," ","  69.8"," "," 0.02","E","999.9","000010"
"48935099999","2022-07-18","19.4666666","103.1333333","1050.0","PLAINE DES JARRES XIENGKHOUANG, LA","  78.9"," 5","  70.6"," 5","9999.9"," 0","887.5"," 5","  8.5"," 5","  1.6"," 5","  3.9","999.9","  87.1"," ","  69.1"," "," 0.00","I","999.9","000010"
"48935099999","2022-07-19","19.4666666","103.1333333","1050.0","PLAINE DES JARRES XIENGKHOUANG, LA","  77.2"," 5","  69.8"," 5","9999.9"," 0","886.7"," 5","  8.8"," 5","  1.6"," 5","  1.9","999.9","  84.7"," ","  68.0"," "," 1.35","G","999.9","000010"
"48935099999","2022-07-20","19.4666666","103.1333333","1050.0","PLAINE DES JARRES XIENGKHOUANG, LA","  78.3"," 5","  70.1"," 5","9999.9"," 0","888.3"," 5","  8.2"," 5","  1.9"," 5","  3.9","999.9","  87.8"," ","  68.4"," "," 0.03","G","999.9","000010"
"48935099999","2022-07-21","19.4666666","103.1333333","1050.0","PLAINE DES JARRES XIENGKHOUANG, LA","  74.8"," 5","  70.4"," 5","9999.9"," 0","889.8"," 5","  8.0"," 5","  1.6"," 5","  1.9","999.9","  80.2"," ","  69.1"," "," 0.13","G","999.9","000010"
"48935099999","2022-07-22","19.4666666","103.1333333","1050.0","PLAINE DES JARRES XIENGKHOUANG, LA","  75.7"," 5","  67.8"," 5","9999.9"," 0","890.9"," 5","  9.7"," 5","  1.6"," 5","  1.9","999.9","  81.7"," ","  68.5"," "," 0.16","G","999.9","000000"
"48935099999","2022-07-23","19.4666666","103.1333333","1050.0","PLAINE DES JARRES XIENGKHOUANG, LA","  76.0"," 5","  68.2"," 5","9999.9"," 0","891.5"," 5","  7.8"," 5","  1.9"," 5","  3.9","999.9","  81.7"," ","  69.1"," "," 0.06","G","999.9","010000"
"48935099999","2022-07-24","19.4666666","103.1333333","1050.0","PLAINE DES JARRES XIENGKHOUANG, LA","  76.7"," 5","  66.8"," 5","9999.9"," 0","890.5"," 5","  8.3"," 5","  1.2"," 5","  1.9","999.9","  85.6"," ","  66.2"," "," 0.00","G","999.9","000010"
"48935099999","2022-07-25","19.4666666","103.1333333","1050.0","PLAINE DES JARRES XIENGKHOUANG, LA","  78.8"," 5","  68.0"," 5","9999.9"," 0","891.2"," 5","  8.7"," 5","  1.6"," 5","  1.9","999.9","  86.5"," ","  66.6"," "," 0.01","E","999.9","100010"
"48935099999","2022-07-26","19.4666666","103.1333333","1050.0","PLAINE DES JARRES XIENGKHOUANG, LA","  76.6"," 4","  66.7"," 4","9999.9"," 0","891.5"," 4","  9.3"," 4","  1.0"," 4","  1.9","999.9","  90.0"," ","  67.3"," "," 0.06","G","999.9","000010"
"48935099999","2022-07-27","19.4666666","103.1333333","1050.0","PLAINE DES JARRES XIENGKHOUANG, LA","  76.8"," 5","  66.3"," 5","9999.9"," 0","890.0"," 5","  7.2"," 5","  1.6"," 5","  1.9","999.9","  88.5"," ","  65.5"," "," 0.20","G","999.9","100010"
"48935099999","2022-07-28","19.4666666","103.1333333","1050.0","PLAINE DES JARRES XIENGKHOUANG, LA","  78.8"," 5","  67.9"," 5","9999.9"," 0","890.0"," 5","  8.2"," 5","  1.6"," 5","  1.9","999.9","  86.9"," ","  65.3"," "," 0.00","I","999.9","100010"
"48935099999","2022-07-29","19.4666666","103.1333333","1050.0","PLAINE DES JARRES XIENGKHOUANG, LA","  77.6"," 5","  69.1"," 5","9999.9"," 0","889.2"," 5","  7.7"," 5","  1.6"," 5","  1.9","999.9","  88.5"," ","  68.4"," "," 0.00","I","999.9","000000"
"48935099999","2022-07-30","19.4666666","103.1333333","1050.0","PLAINE DES JARRES XIENGKHOUANG, LA","  75.3"," 4","  69.8"," 4","9999.9"," 0","891.2"," 4","  7.1"," 4","  1.5"," 4","  1.9","999.9","  87.1"," ","  70.2"," "," 0.29","G","999.9","000010"
"48935099999","2022-07-31","19.4666666","103.1333333","1050.0","PLAINE DES JARRES XIENGKHOUANG, LA","  74.4"," 5","  70.3"," 5","9999.9"," 0","886.7"," 5","  7.6"," 5","  1.9"," 5","  3.9","999.9","  82.8"," ","  67.8"," "," 0.41","G","999.9","010010"
"48935099999","2022-08-01","19.4666666","103.1333333","1050.0","PLAINE DES JARRES XIENGKHOUANG, LA","  77.0"," 5","  70.9"," 5","9999.9"," 0","887.2"," 5","  7.8"," 5","  1.9"," 5","  1.9","999.9","  82.4"," ","  69.4"," "," 0.46","G","999.9","000000"
"48935099999","2022-08-02","19.4666666","103.1333333","1050.0","PLAINE DES JARRES XIENGKHOUANG, LA","  78.4"," 5","  67.9"," 5","9999.9"," 0","889.0"," 5","  9.7"," 5","  1.6"," 5","  1.9","999.9","  84.9"," ","  69.1"," "," 0.36","G","999.9","000000"
"48935099999","2022-08-03","19.4666666","103.1333333","1050.0","PLAINE DES JARRES XIENGKHOUANG, LA","  77.3"," 5","  70.1"," 5","9999.9"," 0","890.0"," 5","  9.8"," 5","  2.3"," 5","  5.8","999.9","  86.4"," ","  69.4"," "," 0.18","G","999.9","000010"
"48935099999","2022-08-05","19.4666666","103.1333333","1050.0","PLAINE DES JARRES XIENGKHOUANG, LA","  74.4"," 5","  71.0"," 5","9999.9"," 0","886.8"," 4","  6.5"," 5","  0.8"," 5","  1.9","999.9","  81.3"," ","  68.0"," "," 0.36","G","999.9","010010"
"48935099999","2022-08-06","19.4666666","103.1333333","1050.0","PLAINE DES JARRES XIENGKHOUANG, LA","  72.6"," 5","  70.2"," 5","9999.9"," 0","886.4"," 5","  6.1"," 5","  1.6"," 5","  1.9","999.9","  77.0"," ","  70.0"," "," 0.24","E","999.9","010000"
"48935099999","2022-08-07","19.4666666","103.1333333","1050.0","PLAINE DES JARRES XIENGKHOUANG, LA","  73.3"," 5","  69.3"," 5","9999.9"," 0","887.2"," 5","  6.2"," 5","  1.6"," 5","  1.9","999.9","  79.2"," ","  69.4"," "," 0.31","E","999.9","010000"
"48935099999","2022-08-08","19.4666666","103.1333333","1050.0","PLAINE DES JARRES XIENGKHOUANG, LA","  77.0"," 5","  67.7"," 5","9999.9"," 0","888.1"," 5","  9.2"," 5","  2.3"," 5","  3.9","999.9","  84.9"," ","  68.0"," "," 0.00","I","999.9","000010"
"48935099999","2022-08-09","19.4666666","103.1333333","1050.0","PLAINE DES JARRES XIENGKHOUANG, LA","  73.9"," 5","  68.5"," 5","9999.9"," 0","886.9"," 5","  7.5"," 5","  2.3"," 5","  5.8","999.9","  83.7"," ","  68.7"," "," 0.02","E","999.9","000010"
"48935099999","2022-08-10","19.4666666","103.1333333","1050.0","PLAINE DES JARRES XIENGKHOUANG, LA","  74.9"," 5","  67.6"," 5","9999.9"," 0","885.7"," 5","  8.6"," 5","  1.6"," 5","  1.9","999.9","  81.9"," ","  65.8"," "," 0.05","G","999.9","000000"
"48935099999","2022-08-11","19.4666666","103.1333333","1050.0","PLAINE DES JARRES XIENGKHOUANG, LA","  71.4"," 4","  70.0"," 4","9999.9"," 0","884.5"," 4","  3.4"," 4","  0.5"," 4","  1.9","999.9","  73.0","*","  69.1"," "," 0.09","G","999.9","010000"
"48935099999","2022-08-12","19.4666666","103.1333333","1050.0","PLAINE DES JARRES XIENGKHOUANG, LA","  71.6"," 5","  70.0"," 5","9999.9"," 0","887.6"," 5","  4.7"," 5","  1.6"," 5","  3.9","999.9","  75.6"," ","  69.1"," "," 0.71","G","999.9","010000"
"48935099999","2022-08-13","19.4666666","103.1333333","1050.0","PLAINE DES JARRES XIENGKHOUANG, LA","  73.8"," 4","  68.0"," 4","9999.9"," 0","890.0"," 4","  7.6"," 4","  2.4"," 4","  3.9","999.9","  79.5"," ","  66.6"," "," 0.23","G","999.9","000000"
"48935099999","2022-08-14","19.4666666","103.1333333","1050.0","PLAINE DES JARRES XIENGKHOUANG, LA","  72.6"," 5","  69.0"," 5","9999.9"," 0","890.6"," 5","  7.5"," 5","  1.2"," 5","  1.9","999.9","  80.2"," ","  68.0"," "," 0.34","G","999.9","010010"
"48935099999","2022-08-15","19.4666666","103.1333333","1050.0","PLAINE DES JARRES XIENGKHOUANG, LA","  76.4"," 5","  69.3"," 5","9999.9"," 0","888.4"," 5","  8.0"," 5","  1.9"," 5","  3.9","999.9","  83.8","*","  66.4"," "," 1.00","G","999.9","010000"
"48935099999","2022-08-16","19.4666666","103.1333333","1050.0","PLAINE DES JARRES XIENGKHOUANG, LA","  74.0"," 4","  69.5"," 4","9999.9"," 0","888.2"," 4","  6.8"," 4","  1.9"," 4","  1.9","999.9","  84.6"," ","  69.1"," "," 0.05","G","999.9","010010"
"48935099999","2022-08-17","19.4666666","103.1333333","1050.0","PLAINE DES JARRES XIENGKHOUANG, LA","  76.9"," 5","  68.3"," 5","9999.9"," 0","888.5"," 5","  9.4"," 5","  1.2"," 5","  1.9","999.9","  83.1"," ","  69.1"," "," 0.04","G","999.9","000000"
"48935099999","2022-08-18","19.4666666","103.1333333","1050.0","PLAINE DES JARRES XIENGKHOUANG, LA","  75.2"," 5","  69.6"," 5","9999.9"," 0","888.3"," 5","  9.3"," 5","  1.6"," 5","  1.9","999.9","  80.6"," ","  68.0"," "," 0.00","G","999.9","000000"
"48935099999","2022-08-19","19.4666666","103.1333333","1050.0","PLAINE DES JARRES XIENGKHOUANG, LA","  75.8"," 4","  69.6"," 4","9999.9"," 0","888.4"," 4","  7.3"," 4","  1.5"," 4","  1.9","999.9","  83.8"," ","  68.7"," "," 0.00","I","999.9","000000"
"48935099999","2022-08-20","19.4666666","103.1333333","1050.0","PLAINE DES JARRES XIENGKHOUANG, LA","  72.4"," 5","  70.6"," 5","9999.9"," 0","886.2"," 5","  5.7"," 5","  1.2"," 5","  1.9","999.9","  77.5"," ","  70.5"," "," 0.35","G","999.9","010010"
"48935099999","2022-08-21","19.4666666","103.1333333","1050.0","PLAINE DES JARRES XIENGKHOUANG, LA","  73.9"," 5","  69.8"," 5","9999.9"," 0","884.9"," 5","  5.5"," 5","  1.9"," 5","  1.9","999.9","  79.3"," ","  69.6"," "," 0.59","G","999.9","010000"
"48935099999","2022-08-22","19.4666666","103.1333333","1050.0","PLAINE DES JARRES XIENGKHOUANG, LA","  76.5"," 5","  70.2"," 5","9999.9"," 0","888.4"," 5","  8.7"," 5","  2.7"," 5","  3.9","999.9","  82.4"," ","  69.6"," "," 0.23","G","999.9","010000"
"48935099999","2022-08-23","19.4666666","103.1333333","1050.0","PLAINE DES JARRES XIENGKHOUANG, LA","  78.5"," 5","  67.5"," 5","9999.9"," 0","889.3"," 5","  8.7"," 5","  1.9"," 5","  3.9","999.9","  86.4"," ","  67.3"," "," 0.01","G","999.9","000010"
"48935099999","2022-08-24","19.4666666","103.1333333","1050.0","PLAINE DES JARRES XIENGKHOUANG, LA","  78.4"," 5","  71.1"," 5","9999.9"," 0","888.0"," 5","  5.3"," 5","  1.6"," 5","  1.9","999.9","  85.5"," ","  70.9"," "," 0.00","G","999.9","010010"
"48935099999","2022-08-25","19.4666666","103.1333333","1050.0","PLAINE DES JARRES XIENGKHOUANG, LA","  76.1"," 5","  70.8"," 5","9999.9"," 0","885.4"," 5","  7.6"," 5","  1.6"," 5","  1.9","999.9","  79.5"," ","  68.7"," "," 0.18","G","999.9","000000"
"48935099999","2022-08-26","19.4666666","103.1333333","1050.0","PLAINE DES JARRES XIENGKHOUANG, LA","  73.4"," 5","  69.2"," 5","9999.9"," 0","885.9"," 5","  7.3"," 5","  1.9"," 5","  1.9","999.9","  77.5"," ","  70.3"," "," 0.01","G","999.9","010000"
"48935099999","2022-08-27","19.4666666","103.1333333","1050.0","PLAINE DES JARRES XIENGKHOUANG, LA","  76.6"," 5","  68.5"," 5","9999.9"," 0","890.0"," 5","  9.4"," 5","  2.3"," 5","  3.9","999.9","  81.7"," ","  68.0"," "," 0.65","G","999.9","000000"
"48935099999","2022-08-28","19.4666666","103.1333333","1050.0","PLAINE DES JARRES XIENGKHOUANG, LA","  75.8"," 5","  68.5"," 5","9999.9"," 0","890.7"," 5","  8.0"," 5","  1.9"," 5","  3.9","999.9","  85.3"," ","  64.8"," "," 0.00","G","999.9","100010"
"48935099999","2022-08-29","19.4666666","103.1333333","1050.0","PLAINE DES JARRES XIENGKHOUANG, LA","  77.1"," 5","  67.9"," 5","9999.9"," 0","892.3"," 5","  7.5"," 5","  1.2"," 5","  1.9","999.9","  85.1"," ","  65.5"," "," 0.08","G","999.9","100010"
"48935099999","2022-08-30","19.4666666","103.1333333","1050.0","PLAINE DES JARRES XIENGKHOUANG, LA","  76.6"," 5","  69.1"," 5","9999.9"," 0","891.9"," 5","  8.2"," 5","  1.9"," 5","  3.9","999.9","  86.5"," ","  67.3"," "," 0.04","E","999.9","100010"
"48935099999","2022-08-31","19.4666666","103.1333333","1050.0","PLAINE DES JARRES XIENGKHOUANG, LA","  75.1"," 5","  69.8"," 5","9999.9"," 0","890.0"," 5","  7.8"," 5","  1.6"," 5","  1.9","999.9","  83.8"," ","  69.4"," "," 0.01","E","999.9","000000"
"48935099999","2022-09-01","19.4666666","103.1333333","1050.0","PLAINE DES JARRES XIENGKHOUANG, LA","  77.8"," 5","  66.3"," 5","9999.9"," 0","891.0"," 5","  7.6"," 5","  1.2"," 5","  3.9","999.9","  84.9"," ","  68.0"," "," 0.00","I","999.9","000010"
"48935099999","2022-09-02","19.4666666","103.1333333","1050.0","PLAINE DES JARRES XIENGKHOUANG, LA","  76.7"," 5","  68.7"," 5","9999.9"," 0","890.7"," 5","  8.5"," 5","  1.6"," 5","  1.9","999.9","  84.2"," ","  68.2"," "," 0.00","I","999.9","000010"
"48935099999","2022-09-03","19.4666666","103.1333333","1050.0","PLAINE DES JARRES XIENGKHOUANG, LA","  78.6"," 5","  69.5"," 5","9999.9"," 0","889.2"," 5","  8.2"," 5","  1.6"," 5","  1.9","999.9","  86.4"," ","  69.1"," "," 0.28","E","999.9","000000"
"48935099999","2022-09-04","19.4666666","103.1333333","1050.0","PLAINE DES JARRES XIENGKHOUANG, LA","  79.2"," 4","  70.2"," 4","9999.9"," 0","999.9"," 0","  7.8"," 4","  1.0"," 4","  1.9","999.9","  84.9"," ","  77.0","*"," 0.00","I","999.9","000010"
"48935099999","2022-09-05","19.4666666","103.1333333","1050.0","PLAINE DES JARRES XIENGKHOUANG, LA","  73.8"," 5","  68.1"," 5","9999.9"," 0","890.1"," 5","  8.2"," 5","  3.1"," 5","  3.9","999.9","  77.9"," ","  68.7"," "," 0.17","G","999.9","010000"
"48935099999","2022-09-06","19.4666666","103.1333333","1050.0","PLAINE DES JARRES XIENGKHOUANG, LA","  76.0"," 4","  64.0"," 4","9999.9"," 0","891.2"," 4","  8.7"," 4","  2.4"," 4","  3.9","999.9","  82.4"," ","  68.4"," "," 0.00","G","999.9","000000"
"48935099999","2022-09-07","19.4666666","103.1333333","1050.0","PLAINE DES JARRES XIENGKHOUANG, LA","  74.4"," 5","  64.7"," 5","9999.9"," 0","892.5"," 5","  7.1"," 5","  4.3"," 5","  7.8","999.9","  81.1"," ","  63.7"," "," 0.00","G","999.9","000000"
"48935099999","2022-09-08","19.4666666","103.1333333","1050.0","PLAINE DES JARRES XIENGKHOUANG, LA","  70.0"," 5","  68.4"," 5","9999.9"," 0","891.8"," 5","  4.6"," 5","  2.3"," 5","  3.9","999.9","  74.8"," ","  66.9"," "," 0.12","G","999.9","010000"
"48935099999","2022-09-09","19.4666666","103.1333333","1050.0","PLAINE DES JARRES XIENGKHOUANG, LA","  71.8"," 5","  67.6"," 5","9999.9"," 0","893.1"," 5","  8.2"," 5","  3.1"," 5","  3.9","999.9","  74.7"," ","  68.0"," "," 0.09","G","999.9","000000"
"48935099999","2022-09-10","19.4666666","103.1333333","1050.0","PLAINE DES JARRES XIENGKHOUANG, LA","  71.9"," 5","  68.9"," 5","9999.9"," 0","892.7"," 5","  6.8"," 5","  1.9"," 5","  5.8","999.9","  77.9"," ","  66.6"," "," 1.20","G","999.9","010010"
"48935099999","2022-09-11","19.4666666","103.1333333","1050.0","PLAINE DES JARRES XIENGKHOUANG, LA","  72.8"," 5","  68.0"," 5","9999.9"," 0","891.4"," 5","  7.5"," 5","  1.9"," 5","  5.8","999.9","  79.2"," ","  66.2"," "," 1.20","G","999.9","000010"
"48935099999","2022-09-12","19.4666666","103.1333333","1050.0","PLAINE DES JARRES XIENGKHOUANG, LA","  76.4"," 5","  66.5"," 5","9999.9"," 0","891.1"," 5","  8.6"," 5","  1.6"," 5","  1.9","999.9","  82.6"," ","  66.9"," "," 0.01","G","999.9","010000"
"48935099999","2022-09-13","19.4666666","103.1333333","1050.0","PLAINE DES JARRES XIENGKHOUANG, LA","  74.1"," 5","  68.3"," 5","9999.9"," 0","891.4"," 4","  7.6"," 5","  1.6"," 5","  1.9","999.9","  83.1"," ","  67.3"," "," 0.94","G","999.9","010010"
"48935099999","2022-09-14","19.4666666","103.1333333","1050.0","PLAINE DES JARRES XIENGKHOUANG, LA","  75.2"," 5","  67.2"," 5","9999.9"," 0","891.9"," 5","  7.5"," 5","  1.6"," 5","  1.9","999.9","  82.4"," ","  65.5"," "," 1.01","G","999.9","000010"
"48935099999","2022-09-15","19.4666666","103.1333333","1050.0","PLAINE DES JARRES XIENGKHOUANG, LA","  75.6"," 5","  68.7"," 5","9999.9"," 0","889.3"," 5","  7.1"," 5","  1.9"," 5","  3.9","999.9","  82.6"," ","  68.0"," "," 0.00","G","999.9","000010"
"48935099999","2022-09-16","19.4666666","103.1333333","1050.0","PLAINE DES JARRES XIENGKHOUANG, LA","  74.1"," 5","  68.1"," 5","9999.9"," 0","887.4"," 5","  8.3"," 5","  1.9"," 5","  1.9","999.9","  80.6","*","  66.2"," "," 0.27","G","999.9","010010"
"48935099999","2022-09-17","19.4666666","103.1333333","1050.0","PLAINE DES JARRES XIENGKHOUANG, LA","  74.4"," 5","  67.8"," 5","9999.9"," 0","888.8"," 5","  7.8"," 5","  2.3"," 5","  3.9","999.9","  82.8"," ","  65.8"," "," 0.53","G","999.9","010010"
"48935099999","2022-09-19","19.4666666","103.1333333","1050.0","PLAINE DES JARRES XIENGKHOUANG, LA","  77.0"," 5","  68.5"," 5","9999.9"," 0","890.3"," 5","  7.8"," 5","  1.9"," 5","  1.9","999.9","  84.9"," ","  67.3"," "," 0.00","I","999.9","000010"
"48935099999","2022-09-20","19.4666666","103.1333333","1050.0","PLAINE DES JARRES XIENGKHOUANG, LA","  75.1"," 5","  68.0"," 5","9999.9"," 0","889.6"," 5","  8.2"," 5","  1.6"," 5","  1.9","999.9","  84.6"," ","  66.4"," "," 0.20","E","999.9","000010"
"48935099999","2022-09-21","19.4666666","103.1333333","1050.0","PLAINE DES JARRES XIENGKHOUANG, LA","  76.8"," 5","  65.7"," 5","9999.9"," 0","891.3"," 5","  8.1"," 5","  1.9"," 5","  3.9","999.9","  83.1"," ","  66.6"," "," 0.00","I","999.9","000000"
"48935099999","2022-09-22","19.4666666","103.1333333","1050.0","PLAINE DES JARRES XIENGKHOUANG, LA","  75.7"," 4","  65.6"," 4","9999.9"," 0","890.4"," 4","  7.3"," 4","  1.9"," 4","  3.9","999.9","  80.6","*","  65.5"," "," 0.00","I","999.9","000000"
"48935099999","2022-09-23","19.4666666","103.1333333","1050.0","PLAINE DES JARRES XIENGKHOUANG, LA","  73.1"," 5","  65.8"," 5","9999.9"," 0","890.9"," 5","  8.7"," 5","  4.7"," 5","  7.8","999.9","  78.8"," ","  67.8"," "," 0.00","I","999.9","000000"
"48935099999","2022-09-24","19.4666666","103.1333333","1050.0","PLAINE DES JARRES XIENGKHOUANG, LA","  69.9"," 5","  65.1"," 5","9999.9"," 0","890.9"," 5","  5.7"," 5","  2.3"," 5","  3.9","999.9","  73.4"," ","  65.8"," "," 0.11","G","999.9","010000"
"48935099999","2022-09-25","19.4666666","103.1333333","1050.0","PLAINE DES JARRES XIENGKHOUANG, LA","  71.4"," 5","  65.8"," 5","9999.9"," 0","891.1"," 5","  8.5"," 5","  3.1"," 5","  3.9","999.9","  77.0"," ","  65.5"," "," 0.00","G","999.9","000010"
"48935099999","2022-09-26","19.4666666","103.1333333","1050.0","PLAINE DES JARRES XIENGKHOUANG, LA","  73.7"," 5","  65.4"," 5","9999.9"," 0","892.1"," 5","  9.1"," 5","  2.3"," 5","  3.9","999.9","  79.0"," ","  64.6"," "," 0.00","I","999.9","000000"
"48935099999","2022-09-27","19.4666666","103.1333333","1050.0","PLAINE DES JARRES XIENGKHOUANG, LA","  73.9"," 5","  62.9"," 5","9999.9"," 0","890.7"," 4","  4.6"," 5","  3.1"," 5","  3.9","999.9","  80.6"," ","  62.4"," "," 0.00","I","999.9","100000"
"48935099999","2022-09-28","19.4666666","103.1333333","1050.0","PLAINE DES JARRES XIENGKHOUANG, LA","  69.2"," 5","  66.3"," 5","9999.9"," 0","886.8"," 5","  4.2"," 5","  3.1"," 5","  5.8","999.9","  72.1"," ","  66.2"," "," 0.04","E","999.9","010000"
"48935099999","2022-09-29","19.4666666","103.1333333","1050.0","PLAINE DES JARRES XIENGKHOUANG, LA","  70.1"," 5","  69.0"," 5","9999.9"," 0","886.5"," 5","  4.8"," 5","  1.6"," 5","  1.9","999.9","  72.1"," ","  66.4"," "," 0.16","E","999.9","010000"
"48935099999","2022-09-30","19.4666666","103.1333333","1050.0","PLAINE DES JARRES XIENGKHOUANG, LA","  71.2"," 5","  68.8"," 5","9999.9"," 0","889.0"," 4","  5.7"," 5","  2.3"," 5","  3.9","999.9","  77.4"," ","  67.5"," "," 0.24","E","999.9","010000"
"48935099999","2022-10-01","19.4666666","103.1333333","1050.0","PLAINE DES JARRES XIENGKHOUANG, LA","  72.7"," 5","  69.7"," 5","9999.9"," 0","890.2"," 5","  7.1"," 5","  1.6"," 5","  1.9","999.9","  76.6"," ","  68.7"," "," 0.16","E","999.9","010000"
"48935099999","2022-10-02","19.4666666","103.1333333","1050.0","PLAINE DES JARRES XIENGKHOUANG, LA","  70.7"," 5","  69.2"," 5","9999.9"," 0","891.8"," 5","  4.3"," 5","  1.6"," 5","  1.9","999.9","  76.8"," ","  68.0"," "," 1.27","G","999.9","010000"
"48935099999","2022-10-03","19.4666666","103.1333333","1050.0","PLAINE DES JARRES XIENGKHOUANG, LA","  72.0"," 5","  68.9"," 5","9999.9"," 0","893.2"," 5","  7.1"," 5","  1.2"," 5","  1.9","999.9","  77.9"," ","  66.2"," "," 1.43","G","999.9","010010"
"48935099999","2022-10-04","19.4666666","103.1333333","1050.0","PLAINE DES JARRES XIENGKHOUANG, LA","  75.1"," 5","  66.8"," 5","9999.9"," 0","895.5"," 5","  8.5"," 5","  1.2"," 5","  1.9","999.9","  81.0"," ","  65.1"," "," 0.44","G","999.9","000010"
"48935099999","2022-10-05","19.4666666","103.1333333","1050.0","PLAINE DES JARRES XIENGKHOUANG, LA","  74.0"," 5","  66.2"," 5","9999.9"," 0","895.1"," 5","  8.3"," 5","  1.6"," 5","  3.9","999.9","  81.1"," ","  63.7"," "," 0.00","G","999.9","000000"
"48935099999","2022-10-07","19.4666666","103.1333333","1050.0","PLAINE DES JARRES XIENGKHOUANG, LA","  74.3"," 5","  65.5"," 5","9999.9"," 0","894.6"," 5","  7.8"," 5","  2.3"," 5","  3.9","999.9","  80.2"," ","  65.5"," "," 0.14","G","999.9","000000"
"48935099999","2022-10-08","19.4666666","103.1333333","1050.0","PLAINE DES JARRES XIENGKHOUANG, LA","  73.6"," 5","  64.5"," 5","9999.9"," 0","895.2"," 5","  9.7"," 5","  1.9"," 5","  3.9","999.9","  81.1"," ","  61.2"," "," 0.00","G","999.9","000000"
"48935099999","2022-10-09","19.4666666","103.1333333","1050.0","PLAINE DES JARRES XIENGKHOUANG, LA","  74.6"," 5","  66.1"," 5","9999.9"," 0","895.3"," 5","  9.2"," 5","  1.9"," 5","  3.9","999.9","  79.5"," ","  66.2"," "," 0.00","I","999.9","000000"
"48935099999","2022-10-11","19.4666666","103.1333333","1050.0","PLAINE DES JARRES XIENGKHOUANG, LA","  69.9"," 5","  59.5"," 5","9999.9"," 0","894.7"," 5","  9.6"," 5","  3.1"," 5","  5.8","999.9","  77.4"," ","  61.0"," "," 0.00","I","999.9","000000"
"48935099999","2022-10-12","19.4666666","103.1333333","1050.0","PLAINE DES JARRES XIENGKHOUANG, LA","  70.7"," 5","  61.4"," 5","9999.9"," 0","893.9"," 5","  7.8"," 5","  3.1"," 5","  3.9","999.9","  76.6"," ","  59.4"," "," 0.00","I","999.9","000000"
"48935099999","2022-10-13","19.4666666","103.1333333","1050.0","PLAINE DES JARRES XIENGKHOUANG, LA","  72.3"," 4","  63.8"," 4","9999.9"," 0","914.2"," 4","  6.7"," 4","  2.4"," 4","  3.9","999.9","  88.7"," ","  63.7"," "," 0.00","I","999.9","000000"
"48935099999","2022-10-14","19.4666666","103.1333333","1050.0","PLAINE DES JARRES XIENGKHOUANG, LA","  71.5"," 4","  52.8"," 4","9999.9"," 0","891.7"," 4","  9.8"," 4","  3.4"," 4","  3.9","999.9","  75.7"," ","  68.0","*"," 0.00","I","999.9","000000"
"48935099999","2022-10-15","19.4666666","103.1333333","1050.0","PLAINE DES JARRES XIENGKHOUANG, LA","  66.8"," 5","  51.3"," 5","9999.9"," 0","892.6"," 5","  8.7"," 5","  3.5"," 5","  5.8","999.9","  70.5"," ","  58.6"," ","99.99"," ","999.9","010000"
"48935099999","2022-10-16","19.4666666","103.1333333","1050.0","PLAINE DES JARRES XIENGKHOUANG, LA","  69.4"," 5","  52.8"," 5","9999.9"," 0","893.8"," 5","  8.3"," 5","  4.3"," 5","  7.8","999.9","  75.2"," ","  61.9"," "," 0.00","I","999.9","000000"
"48935099999","2022-10-17","19.4666666","103.1333333","1050.0","PLAINE DES JARRES XIENGKHOUANG, LA","  71.5"," 4","  55.4"," 4","9999.9"," 0","892.9"," 4","  7.9"," 4","  3.9"," 4","  5.8","999.9","  75.7"," ","  67.6","*"," 0.00","I","999.9","000000"
"48935099999","2022-10-18","19.4666666","103.1333333","1050.0","PLAINE DES JARRES XIENGKHOUANG, LA","  72.2"," 4","  52.6"," 4","9999.9"," 0","893.0"," 4","  7.9"," 4","  2.4"," 4","  3.9","999.9","  77.2"," ","  68.4","*"," 0.00","I","999.9","000000"
"48935099999","2022-10-19","19.4666666","103.1333333","1050.0","PLAINE DES JARRES XIENGKHOUANG, LA","  66.1"," 5","  46.4"," 5","9999.9"," 0","892.9"," 5","  8.2"," 5","  4.3"," 5","  7.8","999.9","  74.1"," ","  51.8"," "," 0.00","I","999.9","000000"
"48935099999","2022-10-20","19.4666666","103.1333333","1050.0","PLAINE DES JARRES XIENGKHOUANG, LA","  63.6"," 5","  57.5"," 5","9999.9"," 0","893.7"," 5","  7.8"," 5","  4.7"," 5","  5.8","999.9","  67.6"," ","  57.2"," "," 0.00","I","999.9","000000"
"48935099999","2022-10-21","19.4666666","103.1333333","1050.0","PLAINE DES JARRES XIENGKHOUANG, LA","  69.5"," 4","  63.5"," 4","9999.9"," 0","895.5"," 4","  7.9"," 4","  2.9"," 4","  3.9","999.9","  73.4"," ","  66.9","*"," 0.00","I","999.9","000000"
"48935099999","2022-10-22","19.4666666","103.1333333","1050.0","PLAINE DES JARRES XIENGKHOUANG, LA","  73.3"," 5","  60.3"," 5","9999.9"," 0","896.5"," 5","  8.2"," 5","  4.7"," 5","  9.7","999.9","  79.5"," ","  64.4"," "," 0.00","I","999.9","000000"
"48935099999","2022-10-23","19.4666666","103.1333333","1050.0","PLAINE DES JARRES XIENGKHOUANG, LA","  73.4"," 5","  58.5"," 5","9999.9"," 0","895.2"," 5","  8.6"," 5","  4.7"," 5","  7.8","999.9","  79.3"," ","  65.1"," "," 0.00","I","999.9","000000"
"48935099999","2022-10-24","19.4666666","103.1333333","1050.0","PLAINE DES JARRES XIENGKHOUANG, LA","  71.7"," 5","  61.8"," 5","9999.9"," 0","894.0"," 5","  6.1"," 5","  2.3"," 5","  3.9","999.9","  79.2"," ","  57.2"," "," 0.00","I","999.9","000000"
"48935099999","2022-10-25","19.4666666","103.1333333","1050.0","PLAINE DES JARRES XIENGKHOUANG, LA","  69.8"," 5","  63.3"," 5","9999.9"," 0","894.5"," 5","  4.5"," 5","  3.5"," 5","  7.8","999.9","  77.4"," ","  60.1"," "," 0.00","I","999.9","000000"
"48935099999","2022-10-26","19.4666666","103.1333333","1050.0","PLAINE DES JARRES XIENGKHOUANG, LA","  72.1"," 5","  65.6"," 5","9999.9"," 0","894.0"," 5","  8.5"," 5","  2.7"," 5","  3.9","999.9","  77.4"," ","  64.8"," "," 0.00","I","999.9","000000"
"48935099999","2022-10-28","19.4666666","103.1333333","1050.0","PLAINE DES JARRES XIENGKHOUANG, LA","  71.5"," 5","  59.2"," 5","9999.9"," 0","893.8"," 5","  8.1"," 5","  5.1"," 5","  7.8","999.9","  77.7"," ","  63.7"," "," 0.00","I","999.9","000000"
"48935099999","2022-10-29","19.4666666","103.1333333","1050.0","PLAINE DES JARRES XIENGKHOUANG, LA","  68.4"," 5","  59.1"," 5","9999.9"," 0","894.1"," 5","  6.5"," 5","  2.7"," 5","  3.9","999.9","  75.7"," ","  56.5"," "," 0.00","I","999.9","000000"
"48935099999","2022-10-30","19.4666666","103.1333333","1050.0","PLAINE DES JARRES XIENGKHOUANG, LA","  69.1"," 5","  58.4"," 5","9999.9"," 0","893.8"," 5","  6.0"," 5","  3.1"," 5","  5.8","999.9","  77.0"," ","  56.8"," "," 0.00","I","999.9","000000"
"48935099999","2022-10-31","19.4666666","103.1333333","1050.0","PLAINE DES JARRES XIENGKHOUANG, LA","  67.2"," 4","  57.5"," 4","9999.9"," 0","894.2"," 4","  7.2"," 4","  2.9"," 4","  3.9","999.9","  73.0","*","  54.7"," "," 0.00","I","999.9","100000"
"48935099999","2022-11-01","19.4666666","103.1333333","1050.0","PLAINE DES JARRES XIENGKHOUANG, LA","  67.0"," 5","  50.1"," 5","9999.9"," 0","893.7"," 5","  7.9"," 5","  2.7"," 5","  5.8","999.9","  76.5"," ","  51.3"," "," 0.00","I","999.9","100000"
"48935099999","2022-11-02","19.4666666","103.1333333","1050.0","PLAINE DES JARRES XIENGKHOUANG, LA","  65.1"," 5","  44.5"," 5","9999.9"," 0","892.4"," 5","  6.8"," 5","  1.2"," 5","  3.9","999.9","  78.1"," ","  47.1"," "," 0.00","I","999.9","100000"
"48935099999","2022-11-04","19.4666666","103.1333333","1050.0","PLAINE DES JARRES XIENGKHOUANG, LA","  66.3"," 5","  51.8"," 5","9999.9"," 0","896.0"," 5","  7.7"," 5","  3.1"," 5","  7.8","999.9","  75.9"," ","  48.2"," "," 0.00","I","999.9","100000"
"48935099999","2022-11-05","19.4666666","103.1333333","1050.0","PLAINE DES JARRES XIENGKHOUANG, LA","  66.6"," 5","  55.2"," 5","9999.9"," 0","897.6"," 5","  5.6"," 5","  2.3"," 5","  3.9","999.9","  76.6"," ","  50.0"," "," 0.00","I","999.9","100000"
"48935099999","2022-11-06","19.4666666","103.1333333","1050.0","PLAINE DES JARRES XIENGKHOUANG, LA","  65.5"," 4","  53.5"," 4","9999.9"," 0","897.2"," 4","  4.5"," 4","  1.0"," 4","  1.9","999.9","  77.7"," ","  51.8"," "," 0.00","I","999.9","100000"
"48935099999","2022-11-07","19.4666666","103.1333333","1050.0","PLAINE DES JARRES XIENGKHOUANG, LA","  67.7"," 5","  53.0"," 5","9999.9"," 0","895.5"," 5","  5.9"," 5","  1.9"," 5","  1.9","999.9","  77.2"," ","  52.5"," "," 0.00","I","999.9","100000"
"48935099999","2022-11-08","19.4666666","103.1333333","1050.0","PLAINE DES JARRES XIENGKHOUANG, LA","  67.6"," 5","  53.5"," 5","9999.9"," 0","895.8"," 5","  5.9"," 5","  1.9"," 5","  3.9","999.9","  76.3"," ","  51.4"," "," 0.00","I","999.9","100000"
"48935099999","2022-11-09","19.4666666","103.1333333","1050.0","PLAINE DES JARRES XIENGKHOUANG, LA","  66.6"," 5","  50.4"," 5","9999.9"," 0","895.9"," 5","  4.7"," 5","  1.6"," 5","  3.9","999.9","  77.5"," ","  48.6"," "," 0.00","I","999.9","100000"
"48935099999","2022-11-10","19.4666666","103.1333333","1050.0","PLAINE DES JARRES XIENGKHOUANG, LA","  68.3"," 5","  58.5"," 5","9999.9"," 0","895.2"," 5","  6.7"," 5","  1.6"," 5","  1.9","999.9","  81.3"," ","  48.6"," "," 0.00","I","999.9","100000"
"48935099999","2022-11-11","19.4666666","103.1333333","1050.0","PLAINE DES JARRES XIENGKHOUANG, LA","  70.2"," 4","  59.0"," 4","9999.9"," 0","895.5"," 4","  6.5"," 4","  1.5"," 4","  1.9","999.9","  80.6","*","  51.8"," "," 0.00","I","999.9","100000"
"48935099999","2022-11-12","19.4666666","103.1333333","1050.0","PLAINE DES JARRES XIENGKHOUANG, LA","  74.0"," 5","  63.1"," 5","9999.9"," 0","915.6"," 4","  6.7"," 5","  1.6"," 5","  3.9","999.9","  83.1"," ","  61.5"," "," 0.00","I","999.9","000000"
"48935099999","2022-11-13","19.4666666","103.1333333","1050.0","PLAINE DES JARRES XIENGKHOUANG, LA","  71.7"," 5","  61.0"," 5","9999.9"," 0","888.5"," 5","  9.1"," 5","  1.9"," 5","  3.9","999.9","  81.0"," ","  58.5"," "," 0.00","I","999.9","000000"
"48935099999","2022-11-14","19.4666666","103.1333333","1050.0","PLAINE DES JARRES XIENGKHOUANG, LA","  70.2"," 5","  63.1"," 5","9999.9"," 0","895.0"," 5","  6.3"," 5","  1.9"," 5","  1.9","999.9","  76.6"," ","  58.6"," "," 0.00","I","999.9","000000"
"48935099999","2022-11-15","19.4666666","103.1333333","1050.0","PLAINE DES JARRES XIENGKHOUANG, LA","  72.5"," 5","  63.0"," 5","9999.9"," 0","894.2"," 5","  6.6"," 5","  1.2"," 5","  1.9","999.9","  82.8"," ","  59.0"," "," 0.15","G","999.9","010010"
"48935099999","2022-11-16","19.4666666","103.1333333","1050.0","PLAINE DES JARRES XIENGKHOUANG, LA","  72.6"," 5","  65.4"," 5","9999.9"," 0","893.0"," 5","  7.8"," 5","  1.6"," 5","  1.9","999.9","  81.0"," ","  64.6"," "," 0.39","G","999.9","010000"
"48935099999","2022-11-17","19.4666666","103.1333333","1050.0","PLAINE DES JARRES XIENGKHOUANG, LA","  72.5"," 4","  64.2"," 4","9999.9"," 0","893.0"," 4","  5.6"," 4","  1.5"," 4","  1.9","999.9","  81.0"," ","  60.8"," "," 0.06","G","999.9","000000"
"48935099999","2022-11-18","19.4666666","103.1333333","1050.0","PLAINE DES JARRES XIENGKHOUANG, LA","  71.5"," 4","  64.0"," 4","9999.9"," 0","894.5"," 4","  5.7"," 4","  1.0"," 4","  1.9","999.9","  83.1"," ","  61.5"," "," 0.84","G","999.9","010010"
"48935099999","2022-11-19","19.4666666","103.1333333","1050.0","PLAINE DES JARRES XIENGKHOUANG, LA","  72.1"," 5","  63.5"," 5","9999.9"," 0","893.6"," 5","  7.2"," 5","  1.6"," 5","  1.9","999.9","  79.7"," ","  60.8"," "," 0.00","I","999.9","100000"
"48935099999","2022-11-20","19.4666666","103.1333333","1050.0","PLAINE DES JARRES XIENGKHOUANG, LA","  72.7"," 5","  61.8"," 5","9999.9"," 0","893.2"," 5","  8.7"," 5","  1.9"," 5","  3.9","999.9","  83.1"," ","  62.6"," "," 0.83","E","999.9","010010"
"48935099999","2022-11-21","19.4666666","103.1333333","1050.0","PLAINE DES JARRES XIENGKHOUANG, LA","  70.2"," 5","  58.2"," 5","9999.9"," 0","891.6"," 4","  6.7"," 5","  2.7"," 5","  3.9","999.9","  78.4"," ","  56.5"," "," 0.00","I","999.9","100000"
"48935099999","2022-11-22","19.4666666","103.1333333","1050.0","PLAINE DES JARRES XIENGKHOUANG, LA","  71.1"," 5","  57.6"," 5","9999.9"," 0","891.4"," 5","  8.0"," 5","  1.9"," 5","  3.9","999.9","  79.9"," ","  55.6"," "," 0.00","I","999.9","000000"
"48935099999","2022-11-23","19.4666666","103.1333333","1050.0","PLAINE DES JARRES XIENGKHOUANG, LA","  69.8"," 5","  65.2"," 5","9999.9"," 0","892.4"," 5","  6.2"," 5","  1.9"," 5","  1.9","999.9","  73.4"," ","  62.6"," ","99.99"," ","999.9","010000"
"48935099999","2022-11-24","19.4666666","103.1333333","1050.0","PLAINE DES JARRES XIENGKHOUANG, LA","  71.0"," 5","  67.0"," 5","9999.9"," 0","892.7"," 5","  6.1"," 5","  1.9"," 5","  3.9","999.9","  79.2"," ","  64.4"," "," 0.56","G","999.9","010110"
"48935099999","2022-11-25","19.4666666","103.1333333","1050.0","PLAINE DES JARRES XIENGKHOUANG, LA","  74.3"," 5","  65.5"," 5","9999.9"," 0","893.6"," 5","  9.6"," 5","  1.6"," 5","  1.9","999.9","  81.0"," ","  64.8"," "," 0.59","G","999.9","000000"
"48935099999","2022-11-26","19.4666666","103.1333333","1050.0","PLAINE DES JARRES XIENGKHOUANG, LA","  71.6"," 5","  66.8"," 5","9999.9"," 0","892.4"," 5","  6.1"," 5","  1.6"," 5","  1.9","999.9","  78.8"," ","  62.6"," "," 0.08","G","999.9","010000"
"48935099999","2022-11-27","19.4666666","103.1333333","1050.0","PLAINE DES JARRES XIENGKHOUANG, LA","  73.1"," 5","  64.7"," 5","9999.9"," 0","891.0"," 5","  7.2"," 5","  2.3"," 5","  3.9","999.9","  82.9"," ","  60.1"," "," 0.00","I","999.9","000000"
"48935099999","2022-11-28","19.4666666","103.1333333","1050.0","PLAINE DES JARRES XIENGKHOUANG, LA","  71.9"," 5","  66.3"," 5","9999.9"," 0","891.9"," 5","  6.4"," 5","  1.6"," 5","  1.9","999.9","  80.1"," ","  63.1"," "," 0.12","E","999.9","110000"
"48935099999","2022-11-29","19.4666666","103.1333333","1050.0","PLAINE DES JARRES XIENGKHOUANG, LA","  71.2"," 4","  65.1"," 4","9999.9"," 0","893.2"," 4","  4.8"," 4","  0.5"," 4","  1.9","999.9","  80.8"," ","  64.4"," "," 0.00","I","999.9","100000"
"48935099999","2022-11-30","19.4666666","103.1333333","1050.0","PLAINE DES JARRES XIENGKHOUANG, LA","  74.0"," 4","  58.4"," 4","9999.9"," 0","893.0"," 4","  7.9"," 4","  1.5"," 4","  1.9","999.9","  83.5"," ","  61.5"," "," 0.00","I","999.9","000000"
"48935099999","2022-12-01","19.4666666","103.1333333","1050.0","PLAINE DES JARRES XIENGKHOUANG, LA","  70.3"," 5","  64.2"," 5","9999.9"," 0","894.7"," 5","  8.5"," 5","  2.3"," 5","  3.9","999.9","  77.4"," ","  62.8"," "," 0.08","E","999.9","010000"
"48935099999","2022-12-02","19.4666666","103.1333333","1050.0","PLAINE DES JARRES XIENGKHOUANG, LA","  65.8"," 5","  59.6"," 5","9999.9"," 0","894.2"," 5","  8.6"," 5","  2.7"," 5","  3.9","999.9","  72.0"," ","  60.4"," "," 0.08","E","999.9","000000"
"48935099999","2022-12-03","19.4666666","103.1333333","1050.0","PLAINE DES JARRES XIENGKHOUANG, LA","  69.7"," 5","  61.3"," 5","9999.9"," 0","893.5"," 5","  7.1"," 5","  1.9"," 5","  1.9","999.9","  78.8"," ","  56.5"," "," 0.00","I","999.9","000000"
"48935099999","2022-12-04","19.4666666","103.1333333","1050.0","PLAINE DES JARRES XIENGKHOUANG, LA","  67.9"," 5","  61.8"," 5","9999.9"," 0","894.8"," 5","  8.5"," 5","  2.7"," 5","  3.9","999.9","  75.2"," ","  61.3"," "," 0.00","I","999.9","000000"
"48935099999","2022-12-05","19.4666666","103.1333333","1050.0","PLAINE DES JARRES XIENGKHOUANG, LA","  63.3"," 4","  57.7"," 4","9999.9"," 0","896.5"," 4","  7.9"," 4","  3.4"," 4","  3.9","999.9","  68.7"," ","  60.6"," "," 0.00","I","999.9","000000"
"48935099999","2022-12-06","19.4666666","103.1333333","1050.0","PLAINE DES JARRES XIENGKHOUANG, LA","  61.2"," 4","  55.9"," 4","9999.9"," 0","895.0"," 4","  7.9"," 4","  1.5"," 4","  1.9","999.9","  72.3"," ","  53.6"," "," 0.00","I","999.9","000000"
"48935099999","2022-12-07","19.4666666","103.1333333","1050.0","PLAINE DES JARRES XIENGKHOUANG, LA","  63.3"," 5","  57.7"," 5","9999.9"," 0","894.0"," 5","  9.4"," 5","  3.5"," 5","  3.9","999.9","  69.6"," ","  55.2"," "," 0.00","I","999.9","000000"
"48935099999","2022-12-08","19.4666666","103.1333333","1050.0","PLAINE DES JARRES XIENGKHOUANG, LA","  68.4"," 5","  58.6"," 5","9999.9"," 0","894.5"," 5","  9.2"," 5","  1.9"," 5","  3.9","999.9","  78.6"," ","  56.5"," "," 0.00","I","999.9","000000"
"48935099999","2022-12-09","19.4666666","103.1333333","1050.0","PLAINE DES JARRES XIENGKHOUANG, LA","  69.0"," 5","  59.9"," 5","9999.9"," 0","893.1"," 5","  8.7"," 5","  1.6"," 5","  1.9","999.9","  76.3"," ","  58.6"," "," 0.00","I","999.9","000000"
"48935099999","2022-12-10","19.4666666","103.1333333","1050.0","PLAINE DES JARRES XIENGKHOUANG, LA","  68.0"," 5","  59.7"," 5","9999.9"," 0","892.5"," 5","  6.6"," 5","  1.6"," 5","  1.9","999.9","  78.1"," ","  59.0"," "," 0.00","I","999.9","100000"
"48935099999","2022-12-11","19.4666666","103.1333333","1050.0","PLAINE DES JARRES XIENGKHOUANG, LA","  67.6"," 5","  58.9"," 5","9999.9"," 0","892.9"," 5","  7.0"," 5","  1.6"," 5","  1.9","999.9","  76.6"," ","  60.3"," "," 0.00","I","999.9","000000"
"48935099999","2022-12-12","19.4666666","103.1333333","1050.0","PLAINE DES JARRES XIENGKHOUANG, LA","  58.2"," 5","  53.1"," 5","9999.9"," 0","895.2"," 5","  6.2"," 5","  3.9"," 5","  5.8","999.9","  61.5"," ","  54.7"," "," 0.00","I","999.9","000000"
"48935099999","2022-12-13","19.4666666","103.1333333","1050.0","PLAINE DES JARRES XIENGKHOUANG, LA","  61.0"," 5","  51.2"," 5","9999.9"," 0","894.9"," 5","  7.3"," 5","  2.7"," 5","  3.9","999.9","  68.0"," ","  52.0"," "," 0.00","I","999.9","000000"
"48935099999","2022-12-14","19.4666666","103.1333333","1050.0","PLAINE DES JARRES XIENGKHOUANG, LA","  59.5"," 4","  47.8"," 4","9999.9"," 0","896.8"," 4","  5.3"," 4","  3.4"," 4","  3.9","999.9","  67.8"," ","  54.0"," "," 0.00","I","999.9","000000"
"48935099999","2022-12-16","19.4666666","103.1333333","1050.0","PLAINE DES JARRES XIENGKHOUANG, LA","  69.1"," 4","  54.2"," 4","9999.9"," 0","892.3"," 4","  7.1"," 4","  1.9"," 4","  1.9","999.9","  75.9"," ","  61.0","*"," 0.00","I","999.9","000000"
"48935099999","2022-12-17","19.4666666","103.1333333","1050.0","PLAINE DES JARRES XIENGKHOUANG, LA","  54.6"," 5","  50.4"," 5","9999.9"," 0","898.1"," 5","  3.5"," 5","  4.3"," 5","  5.8","999.9","  56.1"," ","  52.3","*"," 0.00","I","999.9","000000"
"48935099999","2022-12-18","19.4666666","103.1333333","1050.0","PLAINE DES JARRES XIENGKHOUANG, LA","  51.7"," 5","  38.1"," 5","9999.9"," 0","895.7"," 4","  7.3"," 5","  9.3"," 5"," 11.7","999.9","  58.3"," ","  45.7"," "," 0.00","I","999.9","000000"
"48935099999","2022-12-19","19.4666666","103.1333333","1050.0","PLAINE DES JARRES XIENGKHOUANG, LA","  56.1"," 5","  35.1"," 5","9999.9"," 0","894.4"," 5","  8.3"," 5","  2.7"," 5","  5.8","999.9","  67.5"," ","  40.8"," "," 0.00","I","999.9","000000"
"48935099999","2022-12-20","19.4666666","103.1333333","1050.0","PLAINE DES JARRES XIENGKHOUANG, LA","  62.5"," 5","  44.9"," 5","9999.9"," 0","892.1"," 5","  7.8"," 5","  1.6"," 5","  1.9","999.9","  76.6"," ","  40.6"," "," 0.00","I","999.9","000000"
"48935099999","2022-12-21","19.4666666","103.1333333","1050.0","PLAINE DES JARRES XIENGKHOUANG, LA","  59.4"," 5","  52.6"," 5","9999.9"," 0","893.4"," 5","  6.6"," 5","  3.5"," 5","  5.8","999.9","  68.0"," ","  49.3"," "," 0.00","I","999.9","000000"
"48935099999","2022-12-22","19.4666666","103.1333333","1050.0","PLAINE DES JARRES XIENGKHOUANG, LA","  62.4"," 5","  53.9"," 5","9999.9"," 0","891.8"," 5","  7.2"," 5","  2.3"," 5","  3.9","999.9","  73.0"," ","  51.1"," "," 0.00","I","999.9","000000"
"48935099999","2022-12-23","19.4666666","103.1333333","1050.0","PLAINE DES JARRES XIENGKHOUANG, LA","  63.8"," 5","  54.8"," 5","9999.9"," 0","893.0"," 5","  5.2"," 5","  2.3"," 5","  3.9","999.9","  73.0"," ","  50.7"," "," 0.00","I","999.9","000000"
"48935099999","2022-12-24","19.4666666","103.1333333","1050.0","PLAINE DES JARRES XIENGKHOUANG, LA","  62.2"," 4","  52.5"," 4","9999.9"," 0","895.5"," 4","  6.2"," 4","  4.4"," 4","  5.8","999.9","  68.0","*","  55.0"," "," 0.00","I","999.9","000000"
"48935099999","2022-12-25","19.4666666","103.1333333","1050.0","PLAINE DES JARRES XIENGKHOUANG, LA","  62.4"," 5","  51.4"," 5","9999.9"," 0","895.6"," 5","  6.7"," 5","  1.6"," 5","  1.9","999.9","  71.2"," ","  52.0"," "," 0.00","I","999.9","000000"
"48935099999","2022-12-26","19.4666666","103.1333333","1050.0","PLAINE DES JARRES XIENGKHOUANG, LA","  63.3"," 4","  50.5"," 4","9999.9"," 0","896.5"," 4","  9.0"," 4","  2.4"," 4","  3.9","999.9","  71.6","*","  46.0"," "," 0.00","I","999.9","000000"
"48935099999","2022-12-27","19.4666666","103.1333333","1050.0","PLAINE DES JARRES XIENGKHOUANG, LA","  62.5"," 5","  52.0"," 5","9999.9"," 0","895.6"," 5","  5.7"," 5","  1.6"," 5","  1.9","999.9","  72.3"," ","  46.4"," "," 0.00","I","999.9","000000"
"48935099999","2022-12-28","19.4666666","103.1333333","1050.0","PLAINE DES JARRES XIENGKHOUANG, LA","  62.3"," 5","  52.2"," 5","9999.9"," 0","895.7"," 5","  6.8"," 5","  1.6"," 5","  1.9","999.9","  70.5"," ","  48.6"," "," 0.00","I","999.9","000000"
"48935099999","2022-12-29","19.4666666","103.1333333","1050.0","PLAINE DES JARRES XIENGKHOUANG, LA","  61.1"," 5","  52.4"," 5","9999.9"," 0","897.4"," 5","  7.0"," 5","  3.1"," 5","  5.8","999.9","  68.4"," ","  54.0"," "," 0.00","I","999.9","000000"
"48935099999","2022-12-30","19.4666666","103.1333333","1050.0","PLAINE DES JARRES XIENGKHOUANG, LA","  54.1"," 4","  49.9"," 4","9999.9"," 0","899.0"," 4","  6.1"," 4","  3.9"," 4","  5.8","999.9","  61.2"," ","  50.0"," "," 0.00","I","999.9","000000"
"48935099999","2022-12-31","19.4666666","103.1333333","1050.0","PLAINE DES JARRES XIENGKHOUANG, LA","  55.8"," 5","  50.2"," 5","9999.9"," 0","898.2"," 5","  7.5"," 5","  3.5"," 5","  3.9","999.9","  60.4"," ","  50.0"," "," 0.00","I","999.9","000000"
