"STATION","DATE","LATITUDE","LONGITUDE","ELEVATION","NAME","TEMP","TEMP_ATTRIBUTES","DEWP","DEWP_ATTRIBUTES","SLP","SLP_ATTRIBUTES","STP","STP_ATTRIBUTES","VISIB","VISIB_ATTRIBUTES","WDSP","WDSP_ATTRIBUTES","MXSPD","GUST","MAX","MAX_ATTRIBUTES","MIN","MIN_ATTRIBUTES","PRCP","PRCP_ATTRIBUTES","SNDP","FRSHTT"
"71951099999","2022-01-01","54.468508","-128.576219","217.32","TERRACE, CA","  19.1","24","  16.7","24","1003.9","23","976.4","23","  4.6","24","  8.6","24"," 25.1"," 34.0","  32.5"," ","   1.0"," "," 0.61","G"," 11.8","001000"
"71951099999","2022-01-02","54.468508","-128.576219","217.32","TERRACE, CA","  29.1","24","  27.8","24"," 994.7","24","967.9","24","  5.9","24","  8.2","24"," 20.0"," 26.0","  32.0","*","  24.8","*"," 0.54","G"," 14.2","001000"
"71951099999","2022-01-03","54.468508","-128.576219","217.32","TERRACE, CA","  22.0","24","  11.2","24"," 998.0","18","970.9","18"," 15.4","24"," 10.7","24"," 21.0"," 28.0","  30.7","*","  13.8","*"," 0.00","G"," 13.8","001000"
"71951099999","2022-01-04","54.468508","-128.576219","217.32","TERRACE, CA","   6.3","24","  -9.8","24","1019.0","21","990.6","21"," 17.5","24"," 12.1","24"," 17.1"," 25.1","  12.2","*","   3.2","*"," 0.00","G"," 13.8","000000"
"71951099999","2022-01-05","54.468508","-128.576219","217.32","TERRACE, CA","  -0.3","24"," -12.9","24","1032.4","21","003.1","21"," 17.2","24"," 19.7","24"," 24.1"," 42.9","   6.8"," ","  -3.5"," "," 0.00","G"," 13.8","000000"
"71951099999","2022-01-06","54.468508","-128.576219","217.32","TERRACE, CA","  -0.0","24"," -11.2","24","1018.8","24","989.8","24"," 16.3","24"," 24.8","24"," 31.1"," 41.0","   1.4","*","  -0.9","*"," 0.00","G"," 13.4","000000"
"71951099999","2022-01-07","54.468508","-128.576219","217.32","TERRACE, CA","   0.6","21","  -7.1","21","1003.4","20","974.6","20"," 13.1","21"," 16.1","21"," 27.0"," 42.0","   1.4","*","  -2.2","*","99.99"," ","999.9","001000"
"71951099999","2022-01-08","54.468508","-128.576219","217.32","TERRACE, CA","   4.5","24","  -0.9","24","1012.2","23","983.6","23","  8.3","24"," 13.0","24"," 21.0"," 28.9","   8.6","*","   1.4","*"," 0.02","G"," 12.6","001000"
"71951099999","2022-01-09","54.468508","-128.576219","217.32","TERRACE, CA","  13.0","24","  10.4","24","1015.6","24","987.4","23","  3.5","24","  7.6","24"," 17.1"," 22.0","  23.0","*","   8.4","*"," 0.95","G"," 19.3","011000"
"71951099999","2022-01-10","54.468508","-128.576219","217.32","TERRACE, CA","  24.8","23","  23.7","23","1012.2","23","984.8","23"," 11.6","23","  2.5","23"," 11.1","999.9","  32.0","*","  19.4","*"," 0.28","G"," 18.9","011000"
"71951099999","2022-01-11","54.468508","-128.576219","217.32","TERRACE, CA","  34.3","24","  34.0","24","1007.9","24","981.1","24","  6.6","24","  6.5","24"," 22.0"," 27.0","  39.2","*","  32.0","*"," 0.57","G"," 17.7","010000"
"71951099999","2022-01-12","54.468508","-128.576219","217.32","TERRACE, CA","  34.3","24","  34.2","24","1013.7","24","986.6","24","  2.8","24","  2.3","24","  9.9","999.9","  39.2"," ","  31.8"," "," 0.26","G"," 15.7","110000"
"71951099999","2022-01-13","54.468508","-128.576219","217.32","TERRACE, CA","  33.1","24","  32.7","24","1019.0","24","991.8","24","  5.8","24","  6.4","24"," 15.0"," 19.0","  36.5"," ","  29.5"," "," 0.05","G"," 15.0","111000"
"71951099999","2022-01-14","54.468508","-128.576219","217.32","TERRACE, CA","  33.3","24","  33.2","24","1023.0","24","995.7","24","  2.9","24","  2.6","24","  9.9","999.9","  37.4","*","  32.0","*"," 0.25","G"," 13.4","110000"
"71951099999","2022-01-15","54.468508","-128.576219","217.32","TERRACE, CA","  38.8","24","  37.2","24","1017.1","24","990.0","23","  8.9","24"," 18.7","24"," 28.9"," 36.9","  40.1"," ","  32.0"," "," 0.86","G"," 12.2","010000"
"71951099999","2022-01-16","54.468508","-128.576219","217.32","TERRACE, CA","  34.1","24","  33.8","24","1017.4","24","990.3","24","  5.9","24","  6.6","24"," 15.9"," 22.0","  40.1"," ","  31.6"," "," 0.48","G","  7.9","111000"
"71951099999","2022-01-17","54.468508","-128.576219","217.32","TERRACE, CA","  36.2","24","  35.0","24","1009.0","24","982.1","24","  8.0","24","  6.5","24"," 15.0"," 22.0","  40.3"," ","  31.6"," "," 0.32","G","  6.3","110000"
"71951099999","2022-01-18","54.468508","-128.576219","217.32","TERRACE, CA","  31.8","24","  27.0","24","1019.3","23","992.1","23"," 19.4","24"," 13.1","24"," 15.9"," 22.9","  40.3"," ","  28.8"," "," 0.00","G","  6.3","000000"
"71951099999","2022-01-19","54.468508","-128.576219","217.32","TERRACE, CA","  27.3","24","  22.1","24","1022.0","21","994.4","21"," 13.0","24","  8.8","24"," 15.0"," 20.0","  33.3"," ","  23.5"," "," 0.00","G","  5.9","001000"
"71951099999","2022-01-20","54.468508","-128.576219","217.32","TERRACE, CA","  31.0","24","  30.2","24","1010.4","24","983.3","24","  4.5","24","  6.8","24"," 18.1"," 26.0","  39.2"," ","  23.5"," "," 0.89","G","  9.8","011000"
"71951099999","2022-01-21","54.468508","-128.576219","217.32","TERRACE, CA","  38.8","24","  37.1","24","1029.0","24","001.7","24"," 14.7","24"," 17.2","24"," 25.1"," 35.0","  41.0","*","  37.4","*"," 0.06","G","  2.0","011000"
"71951099999","2022-01-22","54.468508","-128.576219","217.32","TERRACE, CA","  37.0","24","  33.6","24","1031.9","24","004.5","24"," 15.3","24"," 10.8","24"," 22.0"," 28.0","  41.0","*","  31.8","*"," 0.00","G","  1.2","010000"
"71951099999","2022-01-23","54.468508","-128.576219","217.32","TERRACE, CA","  36.6","24","  33.0","24","1028.8","23","001.5","23"," 11.2","24","  5.9","24"," 15.0"," 15.9","  41.0"," ","  30.6"," "," 0.02","G","  1.6","010000"
"71951099999","2022-01-24","54.468508","-128.576219","217.32","TERRACE, CA","  35.0","24","  34.7","24","1030.0","24","002.6","24","  2.9","24","  3.6","24","  9.9","999.9","  39.0"," ","  33.4"," "," 0.02","G","  0.4","110000"
"71951099999","2022-01-25","54.468508","-128.576219","217.32","TERRACE, CA","  33.0","24","  32.9","24","1026.1","23","998.6","23","  3.8","24","  2.5","24","  6.0","999.9","  37.4","*","  28.4","*"," 0.02","G","  0.4","110000"
"71951099999","2022-01-26","54.468508","-128.576219","217.32","TERRACE, CA","  32.7","24","  32.1","24","1027.9","23","000.4","23","  6.3","24","  3.4","24","  9.9","999.9","  37.4","*","  26.6","*"," 0.01","G","999.9","110000"
"71951099999","2022-01-27","54.468508","-128.576219","217.32","TERRACE, CA","  29.1","24","  27.9","24","1027.7","24","000.1","24"," 10.7","24","  3.2","24","  9.9","999.9","  37.0"," ","  23.9"," "," 0.00","G","999.9","000000"
"71951099999","2022-01-28","54.468508","-128.576219","217.32","TERRACE, CA","  31.1","24","  30.4","24","1020.9","24","993.6","23"," 11.3","24","  2.1","24","  8.9","999.9","  39.2","*","  23.0","*"," 0.01","G","999.9","111000"
"71951099999","2022-01-29","54.468508","-128.576219","217.32","TERRACE, CA","  37.4","24","  36.2","24","1014.5","24","987.9","22"," 11.0","24"," 10.2","24"," 19.0"," 25.1","  40.6"," ","  23.0"," "," 0.13","G","999.9","010000"
"71951099999","2022-01-30","54.468508","-128.576219","217.32","TERRACE, CA","  36.2","24","  35.1","24","1010.0","24","983.2","24"," 11.9","24","  9.7","24"," 17.1"," 24.1","  39.7"," ","  33.6"," "," 0.06","G","999.9","011000"
"71951099999","2022-01-31","54.468508","-128.576219","217.32","TERRACE, CA","  32.1","24","  31.0","24","1016.7","24","989.5","24"," 10.9","24","  5.3","24"," 13.0"," 17.1","  39.0"," ","  29.3"," "," 0.00","G","  0.4","011000"
"71951099999","2022-02-01","54.468508","-128.576219","217.32","TERRACE, CA","  30.4","24","  25.6","24","1028.7","24","001.1","24"," 16.7","24","  6.7","24"," 14.0"," 22.0","  37.0"," ","  26.4"," "," 0.00","G","  0.4","001000"
"71951099999","2022-02-02","54.468508","-128.576219","217.32","TERRACE, CA","  21.8","24","  16.2","24","1024.1","24","996.1","24","  6.5","24","  9.2","24"," 21.0"," 28.9","  26.6","*","  17.6","*"," 0.41","G","  4.7","001000"
"71951099999","2022-02-03","54.468508","-128.576219","217.32","TERRACE, CA","  19.8","24","  17.7","24","1020.4","23","992.5","23","  3.5","24","  6.8","24"," 14.0"," 15.0","  24.8","*","  17.6","*"," 0.18","G","  5.9","011000"
"71951099999","2022-02-04","54.468508","-128.576219","217.32","TERRACE, CA","  34.8","24","  34.2","24","1011.1","24","983.9","24","  4.7","24"," 11.2","24"," 22.9"," 32.1","  39.2","*","  24.8","*"," 0.70","G","  2.8","010000"
"71951099999","2022-02-05","54.468508","-128.576219","217.32","TERRACE, CA","  39.4","24","  36.4","24","1024.7","23","997.7","23"," 12.6","24"," 12.7","24"," 22.0"," 35.9","  42.8","*","  37.4","*"," 0.24","G","  0.4","010000"
"71951099999","2022-02-06","54.468508","-128.576219","217.32","TERRACE, CA","  39.4","24","  32.4","24","1022.6","21","995.6","21"," 14.6","24"," 19.8","24"," 27.0"," 35.9","  42.8"," ","  35.4"," "," 0.03","G","999.9","010000"
"71951099999","2022-02-07","54.468508","-128.576219","217.32","TERRACE, CA","  38.2","24","  37.1","24","1010.8","24","984.0","24","  7.9","24"," 10.8","24"," 19.0"," 25.1","  42.1"," ","  34.9"," "," 0.60","G","999.9","010000"
"71951099999","2022-02-08","54.468508","-128.576219","217.32","TERRACE, CA","  37.4","24","  34.9","24","1023.2","24","996.1","24"," 11.2","24"," 18.3","24"," 24.1"," 32.1","  41.0"," ","  34.9"," "," 0.18","G","999.9","010000"
"71951099999","2022-02-09","54.468508","-128.576219","217.32","TERRACE, CA","  39.3","24","  38.9","24","1023.7","24","996.6","24","  4.6","24"," 13.5","24"," 24.1"," 39.0","  44.6","*","  35.6","*"," 0.69","G","999.9","010000"
"71951099999","2022-02-10","54.468508","-128.576219","217.32","TERRACE, CA","  42.2","24","  37.7","24","1028.4","24","001.4","24"," 12.4","24"," 12.5","24"," 25.1"," 32.1","  45.0"," ","  36.7"," "," 1.52","G","999.9","010000"
"71951099999","2022-02-11","54.468508","-128.576219","217.32","TERRACE, CA","  30.2","24","  27.5","24","1036.7","24","008.8","24"," 15.5","24","  1.9","24","  5.1","999.9","  45.0"," ","  23.0"," "," 0.00","G","999.9","100000"
"71951099999","2022-02-12","54.468508","-128.576219","217.32","TERRACE, CA","  30.1","24","  28.8","24","1033.2","24","005.5","24"," 19.2","24","  1.9","24","  6.0","999.9","  38.1"," ","  23.0"," "," 0.00","G","999.9","010000"
"71951099999","2022-02-13","54.468508","-128.576219","217.32","TERRACE, CA","  31.4","24","  30.5","24","1025.1","23","997.6","23"," 16.5","24","  3.3","24"," 12.0"," 15.0","  37.4","*","  26.6","*"," 0.00","G","999.9","110000"
"71951099999","2022-02-14","54.468508","-128.576219","217.32","TERRACE, CA","  35.1","24","  34.2","24","1016.0","24","988.9","24","  9.1","24","  8.1","24"," 18.1"," 27.0","  37.8"," ","  26.4"," "," 0.20","G","999.9","110000"
"71951099999","2022-02-15","54.468508","-128.576219","217.32","TERRACE, CA","  34.2","24","  33.1","24","1023.4","24","996.1","24","  5.1","24","  5.8","24"," 15.9"," 21.0","  39.2","*","  31.5","*"," 0.00","G","999.9","111000"
"71951099999","2022-02-16","54.468508","-128.576219","217.32","TERRACE, CA","  36.4","24","  34.3","24","1027.0","24","999.7","24"," 10.9","24","  8.0","24"," 18.1"," 26.0","  39.4","*","  33.8","*"," 0.02","G","999.9","010000"
"71951099999","2022-02-17","54.468508","-128.576219","217.32","TERRACE, CA","  40.0","24","  38.5","24","1023.3","24","996.2","23","  8.7","24"," 18.7","24"," 28.0"," 38.1","  44.6","*","  38.7","*"," 0.57","G","999.9","010000"
"71951099999","2022-02-18","54.468508","-128.576219","217.32","TERRACE, CA","  41.0","24","  39.0","24","1025.5","24","998.5","24"," 10.6","24"," 17.1","24"," 22.0"," 29.9","  44.1"," ","  38.3"," "," 0.06","G","999.9","010000"
"71951099999","2022-02-19","54.468508","-128.576219","217.32","TERRACE, CA","  37.2","24","  36.1","24","1012.8","24","986.0","24","  9.2","24"," 15.4","24"," 22.0"," 31.1","  42.8"," ","  33.8"," "," 0.45","G","999.9","010000"
"71951099999","2022-02-20","54.468508","-128.576219","217.32","TERRACE, CA","  36.0","24","  32.6","24","1014.1","24","987.2","24"," 16.1","24","  4.4","24"," 13.0"," 19.0","  42.1"," ","  31.5"," "," 0.00","G","999.9","001000"
"71951099999","2022-02-21","54.468508","-128.576219","217.32","TERRACE, CA","  26.8","24","   8.5","24","1027.3","23","999.6","23"," 18.6","24","  9.7","24"," 15.0"," 22.0","  41.5"," ","  16.9"," "," 0.00","G","999.9","000000"
"71951099999","2022-02-22","54.468508","-128.576219","217.32","TERRACE, CA","  18.3","24","   0.2","24","1040.0","23","011.5","23"," 19.5","24"," 12.6","24"," 19.0"," 27.0","  32.2"," ","  12.2"," "," 0.00","G","999.9","000000"
"71951099999","2022-02-23","54.468508","-128.576219","217.32","TERRACE, CA","  23.5","24","  12.3","24","1031.7","24","003.7","24"," 12.1","24","  3.3","24","  8.9","999.9","  27.0"," ","  12.2"," "," 0.06","G","  1.2","001000"
"71951099999","2022-02-24","54.468508","-128.576219","217.32","TERRACE, CA","  22.2","24","  19.6","24","1030.5","23","002.5","23"," 12.2","24","  5.5","24","  9.9"," 15.0","  30.2","*","  17.6","*"," 0.10","G","  2.4","001000"
"71951099999","2022-02-25","54.468508","-128.576219","217.32","TERRACE, CA","  25.1","24","  22.5","24","1029.5","24","001.6","24"," 13.8","24","  1.1","24","  4.1","999.9","  35.6","*","  17.6","*"," 0.00","G","  2.0","001000"
"71951099999","2022-02-26","54.468508","-128.576219","217.32","TERRACE, CA","  29.5","24","  26.8","24","1016.0","23","988.7","23"," 11.8","24","  4.9","24"," 17.1"," 25.1","  35.8"," ","  14.9"," "," 0.02","G","  0.4","011000"
"71951099999","2022-02-27","54.468508","-128.576219","217.32","TERRACE, CA","  32.6","24","  32.3","24","1008.8","24","981.8","24","  5.2","24","  2.4","24","  4.1","999.9","  37.4","*","  28.4","*"," 0.12","G","  1.2","011000"
"71951099999","2022-02-28","54.468508","-128.576219","217.32","TERRACE, CA","  35.5","24","  34.1","24","1008.8","24","982.0","24"," 10.2","24"," 10.2","24"," 21.0"," 27.0","  37.9"," ","  28.9"," "," 0.06","G","  0.4","110000"
"71951099999","2022-03-01","54.468508","-128.576219","217.32","TERRACE, CA","  35.2","24","  34.9","24","1008.3","24","981.4","24","  3.2","24","  3.7","24","  9.9","999.9","  39.2","*","  32.0","*"," 0.28","G","999.9","110000"
"71951099999","2022-03-02","54.468508","-128.576219","217.32","TERRACE, CA","  35.1","24","  34.9","24","1013.1","24","986.2","24","  5.3","24","  2.3","24","  4.1","999.9","  41.0","*","  32.9","*"," 0.51","G","999.9","010000"
"71951099999","2022-03-03","54.468508","-128.576219","217.32","TERRACE, CA","  37.6","24","  36.6","24","1019.6","24","992.5","24","  4.5","24","  2.6","24","  5.1","999.9","  44.6","*","  33.8","*"," 0.03","G","999.9","110000"
"71951099999","2022-03-04","54.468508","-128.576219","217.32","TERRACE, CA","  36.9","24","  33.5","24","1023.5","23","996.3","23"," 13.9","24","  3.0","24","  6.0","999.9","  44.6","*","  32.0","*"," 0.00","G","999.9","110000"
"71951099999","2022-03-05","54.468508","-128.576219","217.32","TERRACE, CA","  34.0","24","  29.2","24","1030.5","22","003.0","22"," 17.0","24","  2.8","24","  7.0","999.9","  46.4","*","  26.6","*"," 0.00","G","999.9","100000"
"71951099999","2022-03-06","54.468508","-128.576219","217.32","TERRACE, CA","  35.5","24","  31.3","24","1033.2","22","005.8","22"," 14.1","24","  4.4","24"," 15.0"," 20.0","  50.0","*","  28.4","*"," 0.00","G","999.9","100000"
"71951099999","2022-03-07","54.468508","-128.576219","217.32","TERRACE, CA","  42.5","24","  33.1","24","1033.3","24","006.1","24"," 19.0","24","  8.3","24"," 17.1"," 21.0","  52.5"," ","  26.2"," "," 0.00","G","999.9","010000"
"71951099999","2022-03-08","54.468508","-128.576219","217.32","TERRACE, CA","  37.4","24","  24.4","24","1033.7","24","006.3","24"," 19.3","24"," 10.8","24"," 19.0"," 26.0","  46.4"," ","  30.6"," "," 0.00","G","999.9","000000"
"71951099999","2022-03-09","54.468508","-128.576219","217.32","TERRACE, CA","  34.3","24","  13.4","24","1031.0","23","003.5","23"," 19.5","24","  8.8","24"," 15.0"," 19.0","  45.9"," ","  26.2"," "," 0.00","G","999.9","000000"
"71951099999","2022-03-10","54.468508","-128.576219","217.32","TERRACE, CA","  33.4","24","  21.0","24","1025.2","23","997.8","23"," 17.1","24","  3.5","24","  6.0","999.9","  42.8"," ","  26.2"," "," 0.00","G","999.9","011000"
"71951099999","2022-03-11","54.468508","-128.576219","217.32","TERRACE, CA","  34.5","24","  34.1","24","1015.8","21","988.8","21","  5.1","24","  7.2","24"," 15.9"," 22.0","  39.2","*","  32.0","*"," 0.24","G","  0.4","011000"
"71951099999","2022-03-12","54.468508","-128.576219","217.32","TERRACE, CA","  37.4","24","  36.1","24","1012.4","23","985.5","23","  7.5","24","  6.2","24"," 15.9"," 27.0","  42.8","*","  33.8","*"," 0.20","G","999.9","110000"
"71951099999","2022-03-13","54.468508","-128.576219","217.32","TERRACE, CA","  35.5","24","  32.4","24","1006.6","22","979.8","22"," 14.5","24","  4.8","24","  9.9"," 15.0","  44.6","*","  29.7","*"," 0.00","G","999.9","110000"
"71951099999","2022-03-14","54.468508","-128.576219","217.32","TERRACE, CA","  37.2","24","  36.3","24","1003.7","24","977.1","24","  7.8","24","  8.2","24"," 18.1"," 27.0","  42.8","*","  32.0","*"," 1.01","G","999.9","110000"
"71951099999","2022-03-15","54.468508","-128.576219","217.32","TERRACE, CA","  38.9","24","  37.5","24","1002.8","24","976.3","24","  8.5","24"," 11.2","24"," 21.0"," 28.9","  43.0"," ","  32.7"," "," 0.34","G","999.9","010000"
"71951099999","2022-03-16","54.468508","-128.576219","217.32","TERRACE, CA","  39.9","24","  36.1","24","1015.6","24","988.8","24"," 14.5","24"," 13.7","24"," 20.0"," 27.0","  44.8"," ","  34.3"," "," 0.06","G","999.9","010000"
"71951099999","2022-03-17","54.468508","-128.576219","217.32","TERRACE, CA","  37.8","24","  35.0","24","1013.2","24","986.4","24"," 11.2","24","  9.6","24"," 20.0"," 28.9","  46.4","*","  33.6","*"," 0.26","G","999.9","010000"
"71951099999","2022-03-18","54.468508","-128.576219","217.32","TERRACE, CA","  38.2","24","  34.7","24","1011.0","24","984.3","24"," 15.9","24","  7.6","24"," 19.0"," 25.1","  47.3"," ","  32.9"," "," 0.00","G","999.9","010000"
"71951099999","2022-03-19","54.468508","-128.576219","217.32","TERRACE, CA","  36.8","24","  33.7","24","1006.7","24","980.0","24"," 15.2","24","  9.3","24"," 18.1"," 24.1","  42.8","*","  32.0","*"," 0.18","G","999.9","010000"
"71951099999","2022-03-20","54.468508","-128.576219","217.32","TERRACE, CA","  33.1","24","  30.7","24","1011.6","24","984.6","24"," 11.3","24","  9.3","24"," 21.0"," 27.0","  44.4"," ","  29.8"," "," 0.01","G","999.9","011000"
"71951099999","2022-03-21","54.468508","-128.576219","217.32","TERRACE, CA","  36.0","24","  35.5","24","1014.6","19","987.7","19","  5.1","24","  3.7","24"," 12.0","999.9","  46.4","*","  32.0","*"," 0.25","G","999.9","011000"
"71951099999","2022-03-22","54.468508","-128.576219","217.32","TERRACE, CA","  42.3","24","  41.8","24","1014.4","24","987.7","24","  7.2","24","  6.8","24"," 12.0"," 15.9","  46.8"," ","  33.1"," "," 0.43","G","999.9","010000"
"71951099999","2022-03-23","54.468508","-128.576219","217.32","TERRACE, CA","  36.2","23","  35.0","23","1016.2","23","989.3","23","  6.8","23","  8.7","23"," 20.0"," 28.0","  41.5","*","  32.0","*"," 1.63","G","999.9","010000"
"71951099999","2022-03-24","54.468508","-128.576219","217.32","TERRACE, CA","  38.3","24","  33.1","24","1025.0","24","997.9","24"," 15.6","24","  5.4","24"," 14.0"," 20.0","  50.0","*","  32.0","*"," 0.00","G","999.9","000000"
"71951099999","2022-03-25","54.468508","-128.576219","217.32","TERRACE, CA","  41.4","24","  33.2","24","1018.0","23","991.2","23"," 19.6","24","  3.2","24","  8.0","999.9","  51.8","*","  35.6","*"," 0.00","G","999.9","010000"
"71951099999","2022-03-26","54.468508","-128.576219","217.32","TERRACE, CA","  39.8","24","  34.1","24","1015.2","24","988.5","23"," 18.2","24","  7.2","24"," 14.0","999.9","  51.8","*","  33.8","*"," 0.00","G","999.9","010000"
"71951099999","2022-03-27","54.468508","-128.576219","217.32","TERRACE, CA","  41.0","24","  35.8","24","1012.6","23","985.9","23"," 13.5","24","  7.3","24"," 17.1"," 22.9","  53.6","*","  35.6","*"," 0.06","G","999.9","010000"
"71951099999","2022-03-28","54.468508","-128.576219","217.32","TERRACE, CA","  41.0","24","  29.0","24","1011.7","19","985.0","19"," 17.6","24","  7.0","24"," 12.0","999.9","  54.5"," ","  29.8"," "," 0.00","G","999.9","000000"
"71951099999","2022-03-29","54.468508","-128.576219","217.32","TERRACE, CA","  42.7","24","  28.6","24","1013.4","24","986.8","24"," 17.6","24","  2.8","24","  7.0","999.9","  54.7"," ","  29.8"," "," 0.00","G","999.9","000000"
"71951099999","2022-03-30","54.468508","-128.576219","217.32","TERRACE, CA","  42.6","24","  34.2","24","1012.3","24","985.7","24"," 16.5","24"," 15.0","24"," 24.1"," 29.9","  54.0"," ","  32.2"," "," 0.02","G","999.9","010000"
"71951099999","2022-03-31","54.468508","-128.576219","217.32","TERRACE, CA","  40.2","24","  34.4","24","1019.5","23","992.6","23"," 15.7","24","  9.2","24"," 15.0"," 21.0","  48.0"," ","  34.5"," "," 0.02","G","999.9","010000"
"71951099999","2022-04-01","54.468508","-128.576219","217.32","TERRACE, CA","  39.0","24","  35.1","24","1012.4","24","985.6","24"," 10.3","24"," 10.2","24"," 22.9"," 28.9","  46.4"," ","  34.5"," "," 0.17","G","999.9","010000"
"71951099999","2022-04-02","54.468508","-128.576219","217.32","TERRACE, CA","  36.9","24","  35.5","24","1012.0","24","985.1","24"," 12.2","24","  9.4","24"," 17.1"," 22.9","  42.8"," ","  33.1"," "," 0.43","G","999.9","011000"
"71951099999","2022-04-03","54.468508","-128.576219","217.32","TERRACE, CA","  36.9","24","  34.0","24","1003.1","24","976.5","24"," 10.2","24"," 12.3","24"," 26.0"," 31.1","  43.3","*","  33.4","*"," 0.72","G","999.9","010000"
"71951099999","2022-04-04","54.468508","-128.576219","217.32","TERRACE, CA","  35.0","24","  28.8","24"," 989.8","22","963.5","22"," 15.8","24","  9.9","23"," 18.1"," 26.0","  42.8","*","  30.2","*"," 0.68","G","999.9","010000"
"71951099999","2022-04-05","54.468508","-128.576219","217.32","TERRACE, CA","  38.9","24","  34.3","24","1006.1","23","979.5","23"," 14.0","24","  8.5","24"," 18.1"," 29.9","  44.6","*","  35.6","*"," 0.06","G","999.9","010000"
"71951099999","2022-04-06","54.468508","-128.576219","217.32","TERRACE, CA","  36.1","24","  30.7","24","1028.1","24","000.8","24"," 15.8","24","  5.5","24"," 14.0"," 20.0","  44.8"," ","  30.7"," "," 0.00","G","999.9","011000"
"71951099999","2022-04-07","54.468508","-128.576219","217.32","TERRACE, CA","  32.3","24","  32.3","24","1021.5","22","994.3","21","  2.2","24","  4.2","24"," 15.9"," 19.0","  40.3"," ","  30.7"," "," 1.31","G","  1.6","011000"
"71951099999","2022-04-08","54.468508","-128.576219","217.32","TERRACE, CA","  33.9","24","  33.0","24","1011.8","23","984.8","23","  5.5","24","  7.8","24"," 15.9"," 27.0","  41.0","*","  32.0","*"," 1.19","G","  3.1","011000"
"71951099999","2022-04-09","54.468508","-128.576219","217.32","TERRACE, CA","  36.0","24","  30.6","24","1021.5","24","994.3","24"," 16.7","24","  8.0","24"," 15.0"," 19.0","  42.8","*","  31.6","*"," 0.01","G","  0.4","001000"
"71951099999","2022-04-10","54.468508","-128.576219","217.32","TERRACE, CA","  35.6","24","  26.6","24","1022.0","24","994.8","24"," 19.5","24","  4.6","24"," 11.1","999.9","  46.4","*","  26.6","*"," 0.00","G","999.9","000000"
"71951099999","2022-04-11","54.468508","-128.576219","217.32","TERRACE, CA","  38.8","24","  22.4","24","1015.7","24","988.9","24"," 19.5","24","  5.7","24"," 15.0"," 18.1","  50.2"," ","  23.7"," "," 0.00","G","999.9","000000"
"71951099999","2022-04-12","54.468508","-128.576219","217.32","TERRACE, CA","  34.3","23","   3.8","23","1020.8","21","993.6","21"," 19.6","23"," 12.1","23"," 17.1"," 27.0","  51.1"," ","  23.7"," "," 0.00","G","999.9","000000"
"71951099999","2022-04-13","54.468508","-128.576219","217.32","TERRACE, CA","  30.8","24","   0.4","24","1026.6","19","999.1","19"," 19.6","24","  8.0","24"," 14.0"," 20.0","  41.0","*","  23.0","*"," 0.00","G","999.9","000000"
"71951099999","2022-04-14","54.468508","-128.576219","217.32","TERRACE, CA","  34.9","24","   8.0","24","1022.4","24","995.2","24"," 19.6","24"," 11.2","24"," 18.1"," 27.0","  44.6","*","  28.4","*"," 0.00","G","999.9","000000"
"71951099999","2022-04-15","54.468508","-128.576219","217.32","TERRACE, CA","  37.4","24","  10.6","24","1019.4","22","992.4","22"," 19.5","24","  7.5","24"," 13.0"," 18.1","  48.2","*","  27.9","*"," 0.00","G","999.9","000000"
"71951099999","2022-04-16","54.468508","-128.576219","217.32","TERRACE, CA","  37.5","24","  14.5","24","1018.0","23","991.0","23"," 19.5","24","  4.6","24","  8.9","999.9","  51.8","*","  24.1","*"," 0.00","G","999.9","000000"
"71951099999","2022-04-17","54.468508","-128.576219","217.32","TERRACE, CA","  39.3","24","  17.2","24","1019.7","21","992.6","21"," 19.5","24","  3.0","24"," 11.1","999.9","  53.6","*","  26.1","*"," 0.00","G","999.9","000000"
"71951099999","2022-04-18","54.468508","-128.576219","217.32","TERRACE, CA","  44.5","24","  16.6","24","1008.9","23","982.4","23"," 19.5","24"," 10.7","24"," 20.0"," 26.0","  54.9"," ","  22.1"," "," 0.00","G","999.9","000000"
"71951099999","2022-04-19","54.468508","-128.576219","217.32","TERRACE, CA","  41.9","24","  32.1","24","1001.7","24","975.3","24"," 15.4","24","  5.2","24"," 15.9"," 21.0","  54.9"," ","  34.7"," "," 0.03","G","999.9","010000"
"71951099999","2022-04-20","54.468508","-128.576219","217.32","TERRACE, CA","  40.4","24","  30.7","24","1009.1","24","982.5","24"," 17.5","24","  7.6","24"," 15.0"," 21.0","  57.2","*","  28.4","*"," 0.03","G","999.9","010000"
"71951099999","2022-04-21","54.468508","-128.576219","217.32","TERRACE, CA","  46.9","24","  23.7","24","1005.3","23","979.1","23"," 18.0","24","  8.2","24"," 13.0"," 22.0","  59.0","*","  35.6","*"," 0.00","G","999.9","000000"
"71951099999","2022-04-22","54.468508","-128.576219","217.32","TERRACE, CA","  45.0","24","  28.1","24","1013.8","24","987.3","24"," 18.2","24","  5.6","24"," 22.9"," 29.9","  60.4"," ","  28.0"," "," 0.00","G","999.9","010000"
"71951099999","2022-04-23","54.468508","-128.576219","217.32","TERRACE, CA","  44.3","24","  38.2","24","1019.5","24","992.8","24"," 15.5","24","  8.0","24"," 21.0"," 29.9","  55.9"," ","  28.4"," "," 0.00","G","999.9","010000"
"71951099999","2022-04-24","54.468508","-128.576219","217.32","TERRACE, CA","  42.0","24","  40.2","24","1015.4","24","988.6","24","  8.6","24","  5.4","24"," 14.0"," 19.0","  50.0","*","  38.5","*"," 0.59","G","999.9","010000"
"71951099999","2022-04-25","54.468508","-128.576219","217.32","TERRACE, CA","  44.4","24","  39.2","24","1011.4","24","984.9","24"," 13.2","24","  6.2","24"," 22.9"," 31.1","  53.6","*","  37.4","*"," 0.20","G","999.9","010000"
"71951099999","2022-04-26","54.468508","-128.576219","217.32","TERRACE, CA","  39.1","24","  34.7","23","1013.3","24","986.5","22"," 13.7","24","  5.8","24"," 19.0"," 29.9","  54.1"," ","  28.9"," "," 0.07","G","999.9","110000"
"71951099999","2022-04-27","54.468508","-128.576219","217.32","TERRACE, CA","  42.0","24","  34.2","24","1017.2","24","990.3","22"," 18.6","24","  5.9","24"," 15.9"," 20.0","  53.6","*","  33.8","*"," 0.04","G","999.9","010000"
"71951099999","2022-04-28","54.468508","-128.576219","217.32","TERRACE, CA","  42.2","24","  33.7","24","1018.6","24","991.8","24"," 17.4","24","  7.2","24"," 15.9"," 22.0","  54.0"," ","  33.8"," "," 0.00","G","999.9","010000"
"71951099999","2022-04-29","54.468508","-128.576219","217.32","TERRACE, CA","  43.1","24","  30.9","24","1019.0","24","992.2","24"," 19.6","24","  3.4","24"," 12.0"," 18.1","  59.0","*","  28.4","*"," 0.00","G","999.9","000000"
"71951099999","2022-04-30","54.468508","-128.576219","217.32","TERRACE, CA","  50.5","24","  30.3","24","1016.9","22","990.4","22"," 19.5","24"," 10.3","24"," 18.1"," 25.1","  62.8","*","  41.0","*"," 0.00","G","999.9","000000"
"71951099999","2022-05-01","54.468508","-128.576219","217.32","TERRACE, CA","  48.4","24","  36.1","24","1014.0","22","987.6","22"," 18.4","24","  4.6","24","  9.9"," 15.9","  65.8"," ","  38.5"," "," 0.02","G","999.9","010000"
"71951099999","2022-05-02","54.468508","-128.576219","217.32","TERRACE, CA","  44.6","24","  42.1","24","1012.4","24","985.9","24"," 11.1","24","  3.7","24","  8.9"," 15.9","  51.8","*","  41.0","*"," 0.10","G","999.9","110000"
"71951099999","2022-05-03","54.468508","-128.576219","217.32","TERRACE, CA","  44.3","24","  38.5","24","1014.6","24","988.0","24"," 15.8","24"," 15.5","24"," 20.0"," 27.0","  55.2"," ","  39.0"," "," 0.21","G","999.9","010000"
"71951099999","2022-05-04","54.468508","-128.576219","217.32","TERRACE, CA","  41.0","24","  37.5","24","1011.5","24","984.8","24"," 13.1","24"," 13.5","24"," 18.1"," 25.1","  48.2","*","  35.6","*"," 0.18","G","999.9","010000"
"71951099999","2022-05-05","54.468508","-128.576219","217.32","TERRACE, CA","  42.9","24","  37.4","24","1007.1","24","980.8","23"," 15.5","24","  6.5","24"," 17.1"," 22.9","  51.8","*","  37.4","*"," 0.05","G","999.9","010000"
"71951099999","2022-05-06","54.468508","-128.576219","217.32","TERRACE, CA","  45.3","24","  35.3","24","1005.2","23","978.9","23"," 18.3","24","  6.0","24"," 14.0"," 17.1","  53.8"," ","  37.4"," "," 0.10","G","999.9","010000"
"71951099999","2022-05-07","54.468508","-128.576219","217.32","TERRACE, CA","  43.9","24","  33.1","24","1007.3","23","980.9","23"," 18.4","24","  3.8","24","  9.9"," 17.1","  55.6"," ","  34.5"," "," 0.00","G","999.9","000000"
"71951099999","2022-05-08","54.468508","-128.576219","217.32","TERRACE, CA","  45.3","24","  33.8","24","1007.8","23","981.5","23"," 18.4","24","  5.6","24","  9.9"," 15.9","  53.6","*","  37.4","*"," 0.00","G","999.9","010000"
"71951099999","2022-05-09","54.468508","-128.576219","217.32","TERRACE, CA","  45.2","24","  38.7","24","1008.1","24","981.8","24"," 18.2","24","  5.6","24"," 13.0"," 22.0","  57.2","*","  33.8","*"," 0.06","G","999.9","010000"
"71951099999","2022-05-10","54.468508","-128.576219","217.32","TERRACE, CA","  48.4","24","  39.3","24","1012.2","24","985.9","24"," 18.2","24"," 15.5","24"," 22.9"," 29.9","  59.5"," ","  32.7"," "," 0.00","G","999.9","010000"
"71951099999","2022-05-11","54.468508","-128.576219","217.32","TERRACE, CA","  41.5","24","  38.0","24","1015.4","24","988.6","24"," 13.0","24","  8.5","24"," 20.0"," 27.0","  52.3"," ","  37.2"," "," 0.17","G","999.9","010000"
"71951099999","2022-05-12","54.468508","-128.576219","217.32","TERRACE, CA","  44.3","24","  37.3","24","1012.3","24","985.8","24"," 17.7","24","  7.5","24"," 15.0"," 21.0","  50.5"," ","  37.2"," "," 0.04","G","999.9","010000"
"71951099999","2022-05-13","54.468508","-128.576219","217.32","TERRACE, CA","  45.3","24","  34.4","24","1015.9","24","989.3","24"," 18.7","24"," 10.8","24"," 20.0"," 25.1","  53.6","*","  39.2","*"," 0.04","G","999.9","010000"
"71951099999","2022-05-14","54.468508","-128.576219","217.32","TERRACE, CA","  45.4","23","  35.5","23","1016.3","23","989.8","23"," 17.6","23","  6.6","23"," 15.0"," 20.0","  57.2","*","  35.6","*"," 0.00","G","999.9","000000"
"71951099999","2022-05-15","54.468508","-128.576219","217.32","TERRACE, CA","  48.4","24","  37.8","24","1012.0","24","985.6","24"," 16.8","24","  3.8","24","  7.0","999.9","  59.0"," ","  35.2"," "," 0.07","G","999.9","010000"
"71951099999","2022-05-16","54.468508","-128.576219","217.32","TERRACE, CA","  46.6","24","  40.3","24","1007.6","24","980.8","22"," 16.2","24"," 12.0","24"," 25.1"," 33.0","  55.4","*","  41.0","*"," 0.11","G","999.9","011000"
"71951099999","2022-05-17","54.468508","-128.576219","217.32","TERRACE, CA","  40.0","24","  36.5","24","1018.3","24","991.4","24"," 14.9","24","  7.4","24"," 18.1"," 25.1","  50.4"," ","  32.7"," "," 0.14","G","999.9","010000"
"71951099999","2022-05-18","54.468508","-128.576219","217.32","TERRACE, CA","  46.8","24","  39.1","24","1008.5","23","982.1","23"," 19.4","24","  6.3","24"," 15.9","999.9","  55.4","*","  41.0","*"," 0.06","G","999.9","010000"
"71951099999","2022-05-19","54.468508","-128.576219","217.32","TERRACE, CA","  45.0","23","  40.7","23","1019.7","22","993.0","22"," 13.4","23","  6.5","23"," 13.0"," 15.0","  57.4"," ","  40.8"," "," 0.18","G","999.9","010000"
"71951099999","2022-05-20","54.468508","-128.576219","217.32","TERRACE, CA","  50.4","24","  38.1","24","1028.2","21","001.4","21"," 19.5","24","  5.3","24","  8.9"," 15.0","  68.0","*","  37.4","*"," 0.00","G","999.9","000000"
"71951099999","2022-05-21","54.468508","-128.576219","217.32","TERRACE, CA","  53.9","24","  33.5","23","1026.4","22","999.9","22"," 19.6","24","  4.2","24"," 12.0"," 24.1","  69.8","*","  37.4","*"," 0.02","G","999.9","010000"
"71951099999","2022-05-22","54.468508","-128.576219","217.32","TERRACE, CA","  55.6","24","  31.9","24","1022.5","23","996.2","23"," 19.5","24","  4.0","24"," 13.0"," 21.0","  70.0"," ","  35.2"," "," 0.00","G","999.9","000000"
"71951099999","2022-05-23","54.468508","-128.576219","217.32","TERRACE, CA","  51.2","24","  40.5","24","1020.3","24","993.9","24"," 18.5","24"," 11.0","24"," 20.0"," 27.0","  68.9"," ","  36.5"," "," 0.01","G","999.9","010000"
"71951099999","2022-05-24","54.468508","-128.576219","217.32","TERRACE, CA","  50.0","24","  38.5","24","1018.6","23","992.2","23"," 19.5","24","  7.4","24"," 14.0"," 20.0","  59.7"," ","  40.6"," "," 0.00","G","999.9","000000"
"71951099999","2022-05-25","54.468508","-128.576219","217.32","TERRACE, CA","  47.8","24","  42.4","23","1010.9","23","984.6","22"," 13.8","24","  5.7","24"," 15.9"," 21.0","  58.8"," ","  40.6"," "," 0.20","G","999.9","110000"
"71951099999","2022-05-26","54.468508","-128.576219","217.32","TERRACE, CA","  50.4","23","  44.4","23","1012.8","23","986.5","22"," 17.6","23","  6.9","23"," 12.0"," 15.9","  59.0","*","  45.7","*"," 0.10","G","999.9","010000"
"71951099999","2022-05-27","54.468508","-128.576219","217.32","TERRACE, CA","  51.5","24","  43.6","24","1005.3","23","979.2","22"," 14.3","24","  3.2","24","  8.0","999.9","  62.6","*","  46.4","*"," 0.33","G","999.9","010000"
"71951099999","2022-05-28","54.468508","-128.576219","217.32","TERRACE, CA","  49.1","24","  45.7","23","1008.6","24","982.4","23"," 15.7","24","  4.8","24"," 15.0"," 22.9","  57.2","*","  44.1","*"," 0.42","G","999.9","110000"
"71951099999","2022-05-29","54.468508","-128.576219","217.32","TERRACE, CA","  52.5","24","  45.4","24","1012.8","24","986.6","24"," 17.9","24","  5.5","24","  9.9"," 15.9","  66.2","*","  44.4","*"," 0.05","G","999.9","010000"
"71951099999","2022-05-30","54.468508","-128.576219","217.32","TERRACE, CA","  56.9","24","  44.0","24","1020.1","24","993.9","24"," 19.2","24","  7.4","24"," 12.0"," 19.0","  71.6","*","  44.6","*"," 0.00","G","999.9","000000"
"71951099999","2022-05-31","54.468508","-128.576219","217.32","TERRACE, CA","  60.1","24","  40.4","24","1022.1","24","996.0","24"," 19.4","24","  6.1","24"," 14.0"," 19.0","  75.2","*","  46.4","*"," 0.00","G","999.9","000000"
"71951099999","2022-06-01","54.468508","-128.576219","217.32","TERRACE, CA","  61.2","24","  42.6","24","1019.1","24","993.1","24"," 19.2","24","  6.7","24"," 11.1"," 18.1","  77.9"," ","  44.2"," "," 0.00","G","999.9","010000"
"71951099999","2022-06-02","54.468508","-128.576219","217.32","TERRACE, CA","  58.1","24","  47.8","24","1015.4","24","989.4","24"," 18.6","24","  7.2","24"," 11.1","999.9","  75.6"," ","  46.8"," "," 0.00","G","999.9","010000"
"71951099999","2022-06-03","54.468508","-128.576219","217.32","TERRACE, CA","  54.1","24","  52.0","24","1007.6","24","981.7","24"," 13.4","24","  5.5","24"," 14.0","999.9","  63.7"," ","  49.5"," "," 0.27","G","999.9","010000"
"71951099999","2022-06-04","54.468508","-128.576219","217.32","TERRACE, CA","  53.4","24","  47.9","24","1004.9","24","979.0","24"," 14.1","24","  6.0","24"," 21.0"," 28.9","  66.2","*","  46.4","*"," 0.80","G","999.9","010000"
"71951099999","2022-06-05","54.468508","-128.576219","217.32","TERRACE, CA","  54.6","23","  50.2","23","1002.2","23","976.3","23"," 16.9","23","  6.5","23"," 11.1"," 15.9","  66.6"," ","  45.5"," "," 0.23","G","999.9","010000"
"71951099999","2022-06-06","54.468508","-128.576219","217.32","TERRACE, CA","  54.1","24","  45.5","24","1011.1","24","985.0","24"," 16.8","24"," 12.6","24"," 24.1"," 32.1","  62.8","*","  46.4","*"," 0.30","G","999.9","010000"
"71951099999","2022-06-07","54.468508","-128.576219","217.32","TERRACE, CA","  55.6","23","  45.4","22","1019.1","23","992.9","23"," 18.8","23","  7.4","23"," 15.0"," 19.0","  75.2","*","  44.6","*"," 0.00","G","999.9","000000"
"71951099999","2022-06-08","54.468508","-128.576219","217.32","TERRACE, CA","  58.3","24","  48.1","24","1009.4","24","983.6","24"," 16.3","24","  8.3","24"," 20.0"," 32.1","  73.4","*","  49.6","*"," 0.35","C","999.9","010000"
"71951099999","2022-06-09","54.468508","-128.576219","217.32","TERRACE, CA","  53.0","24","  45.7","24","1010.3","24","984.2","24"," 15.6","24","  6.5","24"," 15.0"," 20.0","  62.6","*","  46.4","*"," 0.09","G","999.9","110000"
"71951099999","2022-06-10","54.468508","-128.576219","217.32","TERRACE, CA","  52.3","24","  50.0","24","1004.7","24","978.8","24"," 11.5","24","  7.8","24"," 15.9"," 21.0","  59.0","*","  48.2","*"," 0.31","G","999.9","010000"
"71951099999","2022-06-11","54.468508","-128.576219","217.32","TERRACE, CA","  51.5","23","  46.1","23","1007.3","23","981.2","23"," 15.6","23"," 11.7","23"," 24.1"," 29.9","  60.1"," ","  47.3"," "," 0.15","G","999.9","011000"
"71951099999","2022-06-12","54.468508","-128.576219","217.32","TERRACE, CA","  50.2","23","  42.9","23","1012.1","23","985.9","23"," 18.1","23","  9.8","23"," 15.9"," 24.1","  57.4"," ","  45.7"," "," 0.00","G","999.9","010000"
"71951099999","2022-06-13","54.468508","-128.576219","217.32","TERRACE, CA","  52.2","24","  44.1","24","1013.5","24","987.3","24"," 19.5","24","  6.1","24"," 11.1","999.9","  60.8"," ","  43.5"," "," 0.02","G","999.9","010000"
"71951099999","2022-06-14","54.468508","-128.576219","217.32","TERRACE, CA","  54.0","24","  44.1","24","1020.8","24","994.5","24"," 19.5","24","  6.1","24"," 15.0","999.9","  62.8"," ","  43.5"," "," 0.00","G","999.9","000000"
"71951099999","2022-06-15","54.468508","-128.576219","217.32","TERRACE, CA","  56.2","24","  42.7","24","1019.1","22","992.9","22"," 19.3","24","  4.6","24","  8.9","999.9","  73.4","*","  43.9","*"," 0.00","G","999.9","000000"
"71951099999","2022-06-16","54.468508","-128.576219","217.32","TERRACE, CA","  60.4","24","  45.5","24","1010.5","24","984.6","24"," 18.4","24","  5.7","24"," 13.0","999.9","  75.2","*","  50.0","*"," 0.00","G","999.9","010000"
"71951099999","2022-06-17","54.468508","-128.576219","217.32","TERRACE, CA","  54.3","24","  48.9","24","1013.7","24","987.6","24"," 18.6","24","  5.4","24"," 15.9"," 22.9","  66.2","*","  50.0","*"," 0.08","G","999.9","010000"
"71951099999","2022-06-18","54.468508","-128.576219","217.32","TERRACE, CA","  59.3","24","  53.1","24","1010.7","24","984.9","24"," 13.8","24","  4.6","24"," 15.9"," 22.9","  69.8"," ","  50.2"," "," 0.14","G","999.9","110000"
"71951099999","2022-06-19","54.468508","-128.576219","217.32","TERRACE, CA","  58.5","24","  48.1","24","1017.8","24","991.7","24"," 19.5","24"," 11.8","24"," 21.0"," 29.9","  68.0","*","  51.8","*"," 0.00","G","999.9","000000"
"71951099999","2022-06-20","54.468508","-128.576219","217.32","TERRACE, CA","  56.8","23","  47.6","23","1022.4","23","996.2","23"," 17.6","23"," 12.6","22"," 18.1"," 24.1","  68.2"," ","  51.3"," "," 0.04","G","999.9","010000"
"71951099999","2022-06-21","54.468508","-128.576219","217.32","TERRACE, CA","  54.7","24","  50.8","24","1021.0","24","994.7","24"," 12.5","24"," 10.4","24"," 19.0"," 24.1","  63.7"," ","  50.9"," "," 0.24","G","999.9","010000"
"71951099999","2022-06-22","54.468508","-128.576219","217.32","TERRACE, CA","  51.3","24","  42.4","24","1021.0","24","994.7","23"," 18.7","24","  8.2","24"," 13.0"," 22.9","  61.5"," ","  45.3"," "," 0.13","G","999.9","010000"
"71951099999","2022-06-23","54.468508","-128.576219","217.32","TERRACE, CA","  53.9","24","  39.6","24","1022.6","24","996.3","24"," 18.8","24","  4.8","24"," 11.1"," 19.0","  66.2","*","  46.2","*"," 0.00","G","999.9","000000"
"71951099999","2022-06-24","54.468508","-128.576219","217.32","TERRACE, CA","  60.9","24","  43.8","24","1025.4","23","999.3","23"," 18.8","24","  4.5","24","  8.9","999.9","  78.8","*","  47.5","*"," 0.00","G","999.9","000000"
"71951099999","2022-06-25","54.468508","-128.576219","217.32","TERRACE, CA","  67.8","24","  46.4","24","1024.7","23","998.8","23"," 18.8","24","  4.9","24","  8.9"," 15.0","  82.4","*","  53.6","*"," 0.00","G","999.9","000000"
"71951099999","2022-06-26","54.468508","-128.576219","217.32","TERRACE, CA","  69.6","24","  46.7","24","1022.7","21","996.9","21"," 19.0","24","  4.8","24","  8.9","999.9","  86.0","*","  54.5","*"," 0.00","G","999.9","000000"
"71951099999","2022-06-27","54.468508","-128.576219","217.32","TERRACE, CA","  70.7","24","  48.4","24","1018.2","19","992.4","19"," 19.5","24","  5.4","24","  8.9","999.9","  86.0","*","  53.6","*"," 0.00","G","999.9","000000"
"71951099999","2022-06-28","54.468508","-128.576219","217.32","TERRACE, CA","  68.0","24","  52.8","24","1011.4","23","985.9","23"," 18.4","24","  5.3","24"," 12.0"," 20.0","  87.8"," ","  54.0"," "," 0.04","G","999.9","010000"
"71951099999","2022-06-29","54.468508","-128.576219","217.32","TERRACE, CA","  56.9","24","  54.2","24","1017.7","24","991.5","23"," 10.0","24","  8.7","24"," 18.1"," 25.1","  64.4","*","  53.6","*"," 1.04","G","999.9","010000"
"71951099999","2022-06-30","54.468508","-128.576219","217.32","TERRACE, CA","  60.9","24","  54.4","24","1022.3","22","996.2","22"," 16.9","24","  3.4","24","  6.0","999.9","  69.8","*","  55.4","*"," 0.00","G","999.9","000000"
"71951099999","2022-07-01","54.468508","-128.576219","217.32","TERRACE, CA","  63.0","24","  53.9","24","1019.0","24","993.1","24"," 18.8","24","  5.5","24"," 13.0"," 19.0","  73.4","*","  56.8","*"," 0.00","G","999.9","000000"
"71951099999","2022-07-02","54.468508","-128.576219","217.32","TERRACE, CA","  67.0","24","  54.7","24","1016.7","24","991.0","24"," 18.6","24","  6.0","24"," 13.0"," 18.1","  80.6","*","  57.2","*"," 0.00","G","999.9","000000"
"71951099999","2022-07-03","54.468508","-128.576219","217.32","TERRACE, CA","  69.9","24","  53.3","24","1012.2","23","986.7","23"," 18.7","22","  6.5","22"," 13.0"," 17.1","  86.0","*","  56.5","*"," 0.00","G","999.9","000000"
"71951099999","2022-07-04","54.468508","-128.576219","217.32","TERRACE, CA","  71.5","24","  50.7","24","1009.4","21","984.0","21"," 18.8","24","  4.8","24","  9.9","999.9","  87.8","*","  55.4","*"," 0.00","G","999.9","000000"
"71951099999","2022-07-05","54.468508","-128.576219","217.32","TERRACE, CA","  63.1","24","  52.2","24","1013.0","24","987.2","24"," 19.5","22","  8.3","22"," 19.0"," 28.9","  87.8","*","  57.2","*"," 0.00","G","999.9","000000"
"71951099999","2022-07-06","54.468508","-128.576219","217.32","TERRACE, CA","  60.9","21","  55.3","21","1014.3","21","988.4","21"," 17.7","21","  3.5","21","  6.0","999.9","  66.2","*","  57.2","*"," 0.00","G","999.9","010000"
"71951099999","2022-07-07","54.468508","-128.576219","217.32","TERRACE, CA","  60.0","24","  55.5","24","1014.3","24","988.4","24"," 16.6","23","  8.4","23"," 15.9"," 22.0","  66.0"," ","  56.8"," "," 0.30","G","999.9","010000"
"71951099999","2022-07-08","54.468508","-128.576219","217.32","TERRACE, CA","  57.4","23","  52.5","23","1018.2","23","992.0","21"," 19.3","23","  6.9","23"," 14.0","999.9","  64.4","*","  53.2","*"," 0.41","G","999.9","010000"
"71951099999","2022-07-09","54.468508","-128.576219","217.32","TERRACE, CA","  57.6","24","  51.9","24","1019.1","24","993.0","24"," 18.1","23","  9.2","23"," 15.0"," 22.0","  66.0"," ","  52.9"," "," 0.06","G","999.9","010000"
"71951099999","2022-07-10","54.468508","-128.576219","217.32","TERRACE, CA","  56.4","24","  52.7","24","1019.3","24","993.2","24"," 13.1","24"," 11.2","24"," 17.1"," 28.9","  62.4"," ","  53.4"," "," 0.14","G","999.9","010000"
"71951099999","2022-07-11","54.468508","-128.576219","217.32","TERRACE, CA","  55.2","24","  51.2","24","1019.1","24","992.9","24"," 13.0","24"," 13.4","24"," 24.1"," 31.1","  60.8","*","  51.8","*"," 0.06","G","999.9","010000"
"71951099999","2022-07-12","54.468508","-128.576219","217.32","TERRACE, CA","  53.0","24","  50.2","24","1015.6","24","989.4","21"," 14.9","24","  7.7","24"," 13.0"," 18.1","  62.6"," ","  50.0"," "," 0.80","G","999.9","010000"
"71951099999","2022-07-13","54.468508","-128.576219","217.32","TERRACE, CA","  52.9","24","  49.5","24","1014.8","24","988.6","24"," 14.2","24"," 11.0","24"," 19.0"," 27.0","  57.2","*","  50.0","*"," 0.05","G","999.9","010000"
"71951099999","2022-07-14","54.468508","-128.576219","217.32","TERRACE, CA","  53.5","23","  50.1","23","1014.0","23","987.9","23"," 13.6","23","  7.0","23"," 20.0"," 25.1","  60.8","*","  50.0","*"," 0.24","G","999.9","010000"
"71951099999","2022-07-15","54.468508","-128.576219","217.32","TERRACE, CA","  56.9","23","  54.3","23","1011.6","23","985.6","23"," 10.8","23","  4.1","23","  9.9","999.9","  61.2","*","  53.6","*"," 0.31","G","999.9","010000"
"71951099999","2022-07-16","54.468508","-128.576219","217.32","TERRACE, CA","  55.6","24","  50.7","24","1017.3","24","991.2","24"," 15.1","24","  7.2","24"," 14.0"," 21.0","  66.2","*","  51.8","*"," 0.12","G","999.9","010000"
"71951099999","2022-07-17","54.468508","-128.576219","217.32","TERRACE, CA","  59.1","24","  51.3","24","1019.5","24","993.4","24"," 16.8","24","  3.2","24","  7.0","999.9","  68.2"," ","  51.4"," "," 0.12","G","999.9","010000"
"71951099999","2022-07-18","54.468508","-128.576219","217.32","TERRACE, CA","  58.4","24","  51.8","24","1016.7","24","990.7","24"," 16.7","23"," 11.7","23"," 15.9"," 25.1","  68.5"," ","  51.8"," "," 0.12","G","999.9","010000"
"71951099999","2022-07-19","54.468508","-128.576219","217.32","TERRACE, CA","  58.2","24","  50.6","24","1019.5","24","993.4","24"," 18.6","24","  8.4","24"," 18.1"," 24.1","  64.4","*","  53.6","*"," 0.00","G","999.9","010000"
"71951099999","2022-07-20","54.468508","-128.576219","217.32","TERRACE, CA","  59.3","24","  48.2","24","1020.8","24","994.7","24"," 18.8","24","  3.5","24","  7.0","999.9","  73.4","*","  46.4","*"," 0.00","G","999.9","000000"
"71951099999","2022-07-21","54.468508","-128.576219","217.32","TERRACE, CA","  65.3","24","  46.7","24","1018.0","22","992.2","22"," 19.5","24","  9.0","24"," 17.1"," 22.9","  76.6"," ","  46.2"," "," 0.00","G","999.9","000000"
"71951099999","2022-07-22","54.468508","-128.576219","217.32","TERRACE, CA","  64.7","24","  50.6","24","1017.0","20","991.1","20"," 19.5","24","  6.3","24"," 15.0"," 17.1","  75.7"," ","  54.9"," "," 0.00","G","999.9","000000"
"71951099999","2022-07-23","54.468508","-128.576219","217.32","TERRACE, CA","  63.8","23","  50.7","23","1020.5","23","994.6","23"," 19.5","23","  8.4","23"," 15.9"," 24.1","  76.5"," ","  49.8"," "," 0.00","G","999.9","000000"
"71951099999","2022-07-24","54.468508","-128.576219","217.32","TERRACE, CA","  62.4","24","  52.9","24","1022.4","24","996.4","24"," 17.5","24"," 10.8","24"," 18.1"," 22.9","  74.3"," ","  49.8"," "," 0.03","G","999.9","010000"
"71951099999","2022-07-25","54.468508","-128.576219","217.32","TERRACE, CA","  62.8","24","  59.1","24","1022.8","21","996.7","21"," 11.3","24","  4.6","24"," 11.1","999.9","  78.8","*","  58.6","*"," 0.16","G","999.9","110000"
"71951099999","2022-07-26","54.468508","-128.576219","217.32","TERRACE, CA","  71.3","24","  59.0","24","1019.8","18","994.0","18"," 18.6","24","  5.6","24"," 11.1","999.9","  87.8","*","  59.0","*"," 0.00","G","999.9","000000"
"71951099999","2022-07-27","54.468508","-128.576219","217.32","TERRACE, CA","  75.6","24","  56.5","24","1016.2","21","990.8","21"," 18.6","24","  6.2","24","  9.9"," 15.9","  90.3"," ","  58.8"," "," 0.00","G","999.9","000000"
"71951099999","2022-07-28","54.468508","-128.576219","217.32","TERRACE, CA","  75.7","24","  55.3","24","1016.2","20","990.8","20"," 18.6","24","  5.4","24"," 11.1","999.9","  91.6"," ","  59.0"," "," 0.00","G","999.9","000000"
"71951099999","2022-07-29","54.468508","-128.576219","217.32","TERRACE, CA","  75.0","24","  52.7","24","1015.1","18","989.7","18"," 19.5","24","  5.5","24"," 12.0"," 15.9","  91.4","*","  60.8","*"," 0.00","G","999.9","000000"
"71951099999","2022-07-30","54.468508","-128.576219","217.32","TERRACE, CA","  74.7","24","  58.5","24","1015.3","23","989.9","23"," 19.5","24","  5.3","24","  8.9","999.9","  86.4"," ","  58.8"," "," 0.00","G","999.9","000000"
"71951099999","2022-07-31","54.468508","-128.576219","217.32","TERRACE, CA","  74.3","24","  61.2","24","1014.1","24","988.8","24"," 19.6","24","  8.0","24"," 15.0"," 18.1","  86.9"," ","  62.1"," "," 0.02","G","999.9","010000"
"71951099999","2022-08-01","54.468508","-128.576219","217.32","TERRACE, CA","  66.7","24","  52.9","24","1013.9","24","988.2","24"," 19.5","24","  6.2","24"," 12.0"," 15.9","  82.9"," ","  58.8"," "," 0.00","G","999.9","000000"
"71951099999","2022-08-02","54.468508","-128.576219","217.32","TERRACE, CA","  60.4","24","  50.5","24","1015.0","24","989.1","24"," 18.6","24","  7.7","24"," 15.9"," 22.9","  73.0"," ","  54.0"," "," 0.02","G","999.9","010000"
"71951099999","2022-08-03","54.468508","-128.576219","217.32","TERRACE, CA","  56.2","24","  51.5","24","1011.5","24","985.5","24"," 17.6","24"," 10.1","24"," 19.0"," 25.1","  64.6"," ","  52.9"," "," 0.10","G","999.9","010000"
"71951099999","2022-08-04","54.468508","-128.576219","217.32","TERRACE, CA","  55.8","24","  50.1","24","1013.8","24","987.8","24"," 18.1","24","  7.8","24"," 11.1","999.9","  66.2","*","  51.8","*"," 0.08","G","999.9","010000"
"71951099999","2022-08-05","54.468508","-128.576219","217.32","TERRACE, CA","  60.8","24","  51.5","24","1021.0","24","994.9","24"," 18.2","24","  6.1","24"," 12.0"," 19.0","  73.4","*","  53.6","*"," 0.00","G","999.9","000000"
"71951099999","2022-08-06","54.468508","-128.576219","217.32","TERRACE, CA","  66.8","24","  53.5","24","1020.3","24","994.5","24"," 19.5","24","  8.3","24"," 14.0"," 20.0","  76.1"," ","  52.3"," "," 0.00","G","999.9","000000"
"71951099999","2022-08-07","54.468508","-128.576219","217.32","TERRACE, CA","  67.3","24","  54.2","24","1019.6","23","993.8","23"," 19.5","24"," 10.9","24"," 15.9"," 24.1","  76.8"," ","  58.8"," "," 0.00","G","999.9","010000"
"71951099999","2022-08-08","54.468508","-128.576219","217.32","TERRACE, CA","  62.3","24","  45.3","24","1020.4","22","994.4","22"," 19.5","24","  6.8","24"," 15.0"," 25.1","  75.4"," ","  47.8"," "," 0.00","G","999.9","000000"
"71951099999","2022-08-09","54.468508","-128.576219","217.32","TERRACE, CA","  65.5","23","  46.4","23","1017.7","23","991.9","23"," 19.6","22","  6.1","22"," 15.0"," 18.1","  84.2","*","  51.8","*"," 0.00","G","999.9","000000"
"71951099999","2022-08-10","54.468508","-128.576219","217.32","TERRACE, CA","  70.9","20","  49.7","20","1015.8","19","990.1","19"," 19.5","19","  4.7","19","  7.0","999.9","  87.8","*","  53.8","*"," 0.00","G","999.9","000000"
"71951099999","2022-08-11","54.468508","-128.576219","217.32","TERRACE, CA","  72.5","24","  53.7","24","1016.6","23","991.1","23"," 19.5","24","  8.2","24"," 15.9"," 24.1","  88.7"," ","  53.1"," "," 0.00","G","999.9","000000"
"71951099999","2022-08-12","54.468508","-128.576219","217.32","TERRACE, CA","  67.1","24","  56.2","24","1016.7","21","991.0","21"," 19.5","24","  7.5","24"," 19.0"," 26.0","  82.4","*","  53.6","*"," 0.00","G","999.9","000000"
"71951099999","2022-08-13","54.468508","-128.576219","217.32","TERRACE, CA","  66.6","24","  54.2","24","1014.7","24","989.0","23"," 19.5","24"," 12.1","24"," 20.0"," 25.1","  83.3"," ","  53.1"," "," 0.00","G","999.9","010000"
"71951099999","2022-08-14","54.468508","-128.576219","217.32","TERRACE, CA","  61.1","24","  54.3","24","1018.3","23","992.3","23"," 16.9","23","  9.0","23"," 19.0"," 22.9","  71.6","*","  57.0","*"," 0.09","G","999.9","010000"
"71951099999","2022-08-15","54.468508","-128.576219","217.32","TERRACE, CA","  61.5","24","  57.4","24","1016.9","24","991.0","24"," 12.1","23","  6.9","23"," 14.0"," 19.0","  72.1"," ","  56.5"," "," 0.11","G","999.9","010000"
"71951099999","2022-08-16","54.468508","-128.576219","217.32","TERRACE, CA","  62.2","24","  58.5","24","1017.8","24","991.9","22"," 10.8","24","  3.7","24"," 11.1"," 18.1","  69.8","*","  57.2","*"," 0.12","G","999.9","011000"
"71951099999","2022-08-17","54.468508","-128.576219","217.32","TERRACE, CA","  66.3","24","  57.9","24","1021.4","22","995.6","22"," 18.8","24","  4.3","24"," 15.9","999.9","  82.4","*","  57.2","*"," 0.00","G","999.9","000000"
"71951099999","2022-08-18","54.468508","-128.576219","217.32","TERRACE, CA","  71.2","24","  57.8","24","1018.4","22","992.8","22"," 18.2","23","  4.4","24","  9.9","999.9","  86.0","*","  59.0","*"," 0.00","G","999.9","000000"
"71951099999","2022-08-19","54.468508","-128.576219","217.32","TERRACE, CA","  70.8","24","  56.0","24","1014.1","22","988.6","22"," 18.4","23","  4.9","24","  9.9"," 15.0","  87.4"," ","  55.9"," "," 0.00","G","999.9","000000"
"71951099999","2022-08-20","54.468508","-128.576219","217.32","TERRACE, CA","  70.2","24","  55.2","24","1013.7","21","988.0","21"," 18.4","23","  4.0","23","  8.0","999.9","  87.8","*","  53.6","*"," 0.00","G","999.9","000000"
"71951099999","2022-08-21","54.468508","-128.576219","217.32","TERRACE, CA","  70.2","24","  53.0","24","1014.4","22","988.9","22"," 18.2","24","  4.2","24","  8.9","999.9","  86.7"," ","  53.6"," "," 0.00","G","999.9","000000"
"71951099999","2022-08-22","54.468508","-128.576219","217.32","TERRACE, CA","  70.2","24","  57.9","24","1017.0","24","991.4","24"," 18.4","23","  9.7","24"," 18.1"," 25.1","  87.1"," ","  55.8"," "," 0.00","G","999.9","000000"
"71951099999","2022-08-23","54.468508","-128.576219","217.32","TERRACE, CA","  69.3","24","  57.8","24","1020.6","24","994.8","24"," 18.5","22","  6.8","22"," 15.9"," 20.0","  84.2","*","  59.0","*"," 0.00","G","999.9","000000"
"71951099999","2022-08-24","54.468508","-128.576219","217.32","TERRACE, CA","  72.1","24","  58.1","24","1018.6","22","993.0","22"," 19.5","23","  4.3","23","  8.0","999.9","  87.8","*","  56.3","*"," 0.00","G","999.9","000000"
"71951099999","2022-08-25","54.468508","-128.576219","217.32","TERRACE, CA","  72.9","24","  59.4","24","1014.9","21","989.3","21"," 19.5","24","  3.0","24","  8.9","999.9","  90.0"," ","  56.8"," "," 0.00","G","999.9","000000"
"71951099999","2022-08-26","54.468508","-128.576219","217.32","TERRACE, CA","  66.7","23","  54.1","23","1013.7","22","988.0","22"," 19.5","23","  9.5","23"," 17.1"," 22.9","  82.9"," ","  58.8"," "," 0.00","G","999.9","010000"
"71951099999","2022-08-27","54.468508","-128.576219","217.32","TERRACE, CA","  58.1","24","  49.0","24","1013.9","24","987.9","24"," 19.0","23","  9.5","24"," 15.9"," 24.1","  63.1","*","  55.4","*"," 0.00","G","999.9","010000"
"71951099999","2022-08-28","54.468508","-128.576219","217.32","TERRACE, CA","  56.3","24","  54.3","24","1008.8","22","982.9","22","  9.8","24"," 11.3","24"," 19.0"," 27.0","  61.7"," ","  54.5"," "," 0.28","G","999.9","010000"
"71951099999","2022-08-29","54.468508","-128.576219","217.32","TERRACE, CA","  58.0","24","  56.7","24","1008.6","24","982.8","24","  9.4","24"," 10.4","24"," 17.1"," 22.0","  60.8","*","  56.3","*"," 0.48","G","999.9","010000"
"71951099999","2022-08-30","54.468508","-128.576219","217.32","TERRACE, CA","  60.8","24","  59.1","23","1013.1","24","987.2","24","  7.1","24"," 13.2","24"," 25.1"," 32.1","  62.8","*","  59.0","*"," 1.17","G","999.9","010000"
"71951099999","2022-08-31","54.468508","-128.576219","217.32","TERRACE, CA","  62.0","24","  58.4","24","1016.8","24","990.9","24"," 11.0","24","  5.4","24"," 15.9"," 25.1","  71.6","*","  57.2","*"," 0.06","G","999.9","010000"
"71951099999","2022-09-01","54.468508","-128.576219","217.32","TERRACE, CA","  60.6","23","  54.9","23","1016.1","21","990.2","21"," 14.1","23","  4.5","23","  8.0","999.9","  73.4","*","  53.6","*"," 0.00","G","999.9","000000"
"71951099999","2022-09-02","54.468508","-128.576219","217.32","TERRACE, CA","  64.1","24","  54.3","24","1011.0","24","985.3","24"," 19.3","23","  7.1","23"," 17.1"," 22.9","  75.2"," ","  54.1"," "," 0.00","G","999.9","000000"
"71951099999","2022-09-03","54.468508","-128.576219","217.32","TERRACE, CA","  58.3","24","  51.8","24","1009.7","24","983.8","24"," 15.5","24","  6.4","24"," 15.0"," 18.1","  73.2"," ","  51.3"," "," 0.00","G","999.9","010000"
"71951099999","2022-09-04","54.468508","-128.576219","217.32","TERRACE, CA","  54.9","22","  52.1","22","1009.6","22","983.6","22","  9.5","22","  8.1","22"," 22.0"," 28.0","  61.5","*","  50.0","*"," 1.02","G","999.9","110000"
"71951099999","2022-09-05","54.468508","-128.576219","217.32","TERRACE, CA","  53.2","24","  49.6","23","1015.1","24","988.6","23"," 15.4","24"," 11.3","24"," 18.1"," 27.0","  63.3"," ","  49.1"," "," 0.19","G","999.9","010000"
"71951099999","2022-09-06","54.468508","-128.576219","217.32","TERRACE, CA","  51.9","24","  49.5","24","1019.3","24","993.2","23"," 13.0","24","  4.6","24"," 13.0","999.9","  60.1"," ","  47.8"," "," 0.16","G","999.9","010000"
"71951099999","2022-09-07","54.468508","-128.576219","217.32","TERRACE, CA","  53.3","24","  50.7","22","1015.1","24","988.9","24"," 12.0","23"," 13.3","23"," 24.1"," 34.0","  57.2","*","  50.9","*"," 0.43","G","999.9","010000"
"71951099999","2022-09-08","54.468508","-128.576219","217.32","TERRACE, CA","  54.9","24","  48.3","24","1029.1","24","002.6","24"," 17.3","24","  5.5","24"," 13.0"," 19.0","  62.6","*","  50.0","*"," 0.13","G","999.9","000000"
"71951099999","2022-09-09","54.468508","-128.576219","217.32","TERRACE, CA","  53.5","24","  44.9","24","1026.6","23","000.1","23"," 17.2","23","  6.0","23"," 12.0"," 15.0","  68.0","*","  44.6","*"," 0.00","G","999.9","100000"
"71951099999","2022-09-10","54.468508","-128.576219","217.32","TERRACE, CA","  56.8","24","  48.0","24","1017.8","24","991.6","24"," 19.2","24","  5.9","24","  9.9","999.9","  69.8","*","  46.4","*"," 0.00","G","999.9","100000"
"71951099999","2022-09-11","54.468508","-128.576219","217.32","TERRACE, CA","  57.9","24","  46.9","24","1015.4","23","989.4","23"," 18.1","23","  6.9","24"," 11.1","999.9","  71.6","*","  48.2","*"," 0.00","G","999.9","000000"
"71951099999","2022-09-12","54.468508","-128.576219","217.32","TERRACE, CA","  55.4","24","  44.2","24","1016.7","23","990.5","23"," 18.2","24","  3.7","24","  9.9","999.9","  73.4","*","  40.5","*"," 0.00","G","999.9","000000"
"71951099999","2022-09-13","54.468508","-128.576219","217.32","TERRACE, CA","  56.2","24","  46.9","24","1014.9","24","988.8","24"," 18.2","23","  5.2","23"," 13.0","999.9","  70.3"," ","  40.3"," "," 0.00","G","999.9","000000"
"71951099999","2022-09-14","54.468508","-128.576219","217.32","TERRACE, CA","  55.5","24","  46.3","24","1012.8","24","986.8","24"," 17.5","23","  4.0","23","  8.0","999.9","  71.2"," ","  40.8"," "," 0.00","G","999.9","100000"
"71951099999","2022-09-15","54.468508","-128.576219","217.32","TERRACE, CA","  57.6","24","  48.0","24","1014.3","24","988.3","24"," 17.8","24"," 10.6","24"," 17.1"," 25.1","  68.9"," ","  40.8"," "," 0.00","G","999.9","010000"
"71951099999","2022-09-16","54.468508","-128.576219","217.32","TERRACE, CA","  50.9","24","  46.6","24","1016.7","24","990.4","24"," 12.7","23","  7.8","23"," 14.0"," 19.0","  59.0","*","  46.4","*"," 0.21","G","999.9","010000"
"71951099999","2022-09-17","54.468508","-128.576219","217.32","TERRACE, CA","  50.8","24","  45.6","24","1017.4","24","991.0","24"," 13.4","24","  3.6","24"," 12.0","999.9","  62.6","*","  44.6","*"," 0.02","G","999.9","010000"
"71951099999","2022-09-18","54.468508","-128.576219","217.32","TERRACE, CA","  50.0","24","  43.1","24","1016.2","24","989.8","24"," 15.7","24","  3.1","24","  9.9","999.9","  64.4","*","  39.2","*"," 0.00","G","999.9","100000"
"71951099999","2022-09-19","54.468508","-128.576219","217.32","TERRACE, CA","  53.9","24","  42.7","24","1016.5","24","990.3","24"," 19.1","21","  9.9","22"," 17.1"," 25.1","  68.0","*","  44.6","*"," 0.00","G","999.9","000000"
"71951099999","2022-09-20","54.468508","-128.576219","217.32","TERRACE, CA","  55.5","24","  41.8","24","1021.1","24","994.8","24"," 19.3","24"," 10.8","24"," 15.9"," 22.0","  68.7"," ","  44.4"," "," 0.00","G","999.9","000000"
"71951099999","2022-09-21","54.468508","-128.576219","217.32","TERRACE, CA","  58.1","23","  46.5","23","1018.0","23","991.9","23"," 19.4","21","  9.6","23"," 19.0"," 25.1","  71.6","*","  48.2","*"," 0.00","G","999.9","000000"
"71951099999","2022-09-22","54.468508","-128.576219","217.32","TERRACE, CA","  54.9","24","  48.9","24","1010.6","24","984.6","24"," 19.0","24","  6.7","24"," 18.1"," 24.1","  72.3"," ","  46.6"," "," 0.00","G","999.9","010000"
"71951099999","2022-09-23","54.468508","-128.576219","217.32","TERRACE, CA","  50.3","24","  45.4","24","1014.4","24","988.1","24"," 17.4","23"," 12.0","24"," 24.1"," 33.0","  56.8"," ","  46.6"," "," 0.14","G","999.9","010000"
"71951099999","2022-09-24","54.468508","-128.576219","217.32","TERRACE, CA","  51.8","24","  46.8","24","1020.1","24","993.7","24"," 16.7","24"," 15.4","24"," 22.9"," 35.9","  59.0","*","  49.6","*"," 0.02","G","999.9","010000"
"71951099999","2022-09-25","54.468508","-128.576219","217.32","TERRACE, CA","  53.4","24","  52.2","24","1022.2","24","995.8","24","  5.3","24","  4.2","24","  9.9","999.9","  59.7"," ","  49.6"," "," 0.39","G","999.9","010000"
"71951099999","2022-09-26","54.468508","-128.576219","217.32","TERRACE, CA","  57.2","24","  55.8","24","1018.7","24","992.5","24","  5.5","24","  2.7","24","  9.9"," 15.0","  60.8","*","  54.9","*"," 0.01","G","999.9","110000"
"71951099999","2022-09-27","54.468508","-128.576219","217.32","TERRACE, CA","  59.0","24","  57.3","24","1013.2","24","987.3","24","  9.2","23","  2.1","23","  5.1","999.9","  66.2","*","  57.0","*"," 0.03","G","999.9","110000"
"71951099999","2022-09-28","54.468508","-128.576219","217.32","TERRACE, CA","  57.3","23","  55.3","23","1012.7","23","986.7","23","  8.4","22","  1.5","22","  5.1","999.9","  66.9"," ","  53.6"," "," 0.01","G","999.9","110000"
"71951099999","2022-09-29","54.468508","-128.576219","217.32","TERRACE, CA","  58.4","24","  56.2","24","1019.4","24","993.3","24"," 10.8","24","  5.1","24"," 12.0","999.9","  62.6","*","  56.5","*"," 0.09","G","999.9","010000"
"71951099999","2022-09-30","54.468508","-128.576219","217.32","TERRACE, CA","  57.5","24","  53.5","24","1023.9","24","997.7","24"," 16.7","24","  4.7","24","  9.9","999.9","  64.4","*","  53.6","*"," 0.03","G","999.9","010000"
"71951099999","2022-10-01","54.468508","-128.576219","217.32","TERRACE, CA","  54.9","24","  52.7","24","1019.8","24","993.6","24"," 12.4","24","  4.1","24"," 15.0"," 22.9","  65.5"," ","  47.7"," "," 0.00","G","999.9","110000"
"71951099999","2022-10-02","54.468508","-128.576219","217.32","TERRACE, CA","  56.8","24","  53.3","24","1019.2","24","993.1","24"," 10.4","24","  7.5","24"," 15.0"," 17.1","  66.2","*","  51.8","*"," 0.13","G","999.9","010000"
"71951099999","2022-10-03","54.468508","-128.576219","217.32","TERRACE, CA","  53.2","24","  48.2","24","1021.1","24","994.7","24"," 17.4","24","  7.6","24"," 12.0","999.9","  65.5"," ","  46.0"," "," 0.00","G","999.9","000000"
"71951099999","2022-10-04","54.468508","-128.576219","217.32","TERRACE, CA","  50.7","24","  45.3","24","1018.2","24","991.8","24"," 19.6","23"," 13.4","24"," 22.9"," 28.9","  60.6"," ","  45.9"," "," 0.00","G","999.9","100000"
"71951099999","2022-10-05","54.468508","-128.576219","217.32","TERRACE, CA","  52.6","24","  50.1","24","1020.2","24","993.8","24"," 11.3","24","  4.7","24"," 12.0","999.9","  59.0","*","  49.6","*"," 0.07","G","999.9","110000"
"71951099999","2022-10-06","54.468508","-128.576219","217.32","TERRACE, CA","  55.9","24","  51.9","24","1028.4","24","001.9","24"," 14.3","21"," 11.4","22"," 20.0"," 28.0","  60.8","*","  53.2","*"," 0.02","G","999.9","010000"
"71951099999","2022-10-07","54.468508","-128.576219","217.32","TERRACE, CA","  53.7","24","  48.7","24","1026.8","24","000.3","24"," 16.3","22"," 13.6","22"," 22.0"," 31.1","  62.6","*","  49.1","*"," 0.00","G","999.9","100000"
"71951099999","2022-10-08","54.468508","-128.576219","217.32","TERRACE, CA","  51.3","24","  48.2","24","1027.6","24","001.0","24","  8.8","21","  7.2","22"," 11.1"," 15.0","  61.2","*","  46.4","*"," 0.00","G","999.9","100000"
"71951099999","2022-10-09","54.468508","-128.576219","217.32","TERRACE, CA","  49.9","24","  47.6","24","1025.1","24","998.4","24","  7.9","23","  3.6","23","  9.9","999.9","  59.9"," ","  45.9"," "," 0.00","G","999.9","110000"
"71951099999","2022-10-10","54.468508","-128.576219","217.32","TERRACE, CA","  54.1","23","  47.1","23","1015.6","23","989.4","23"," 15.7","22"," 12.9","22"," 25.1"," 32.1","  59.0"," ","  45.9"," "," 0.46","G","999.9","010000"
"71951099999","2022-10-11","54.468508","-128.576219","217.32","TERRACE, CA","  47.9","24","  39.7","24","1023.8","24","997.1","24"," 19.0","24"," 11.7","24"," 19.0"," 26.0","  58.1"," ","  43.7"," "," 0.00","G","999.9","000000"
"71951099999","2022-10-12","54.468508","-128.576219","217.32","TERRACE, CA","  46.7","24","  42.9","24","1028.5","24","001.7","24"," 14.7","23","  4.0","23"," 11.1"," 17.1","  55.4","*","  39.2","*"," 0.00","G","999.9","000000"
"71951099999","2022-10-13","54.468508","-128.576219","217.32","TERRACE, CA","  47.3","22","  45.1","22","1023.7","22","997.0","22"," 10.0","21","  2.8","21","  6.0","999.9","  57.6"," ","  36.3"," "," 0.00","G","999.9","010000"
"71951099999","2022-10-14","54.468508","-128.576219","217.32","TERRACE, CA","  51.5","22","  50.7","22","1021.9","22","995.4","22","  2.9","22","  4.1","22"," 11.1"," 15.0","  55.4","*","  50.0","*"," 0.52","G","999.9","110000"
"71951099999","2022-10-15","54.468508","-128.576219","217.32","TERRACE, CA","  54.7","24","  53.5","24","1020.4","24","994.1","24","  3.4","24","  2.5","24","  8.0","999.9","  64.4","*","  50.0","*"," 0.00","G","999.9","100000"
"71951099999","2022-10-16","54.468508","-128.576219","217.32","TERRACE, CA","  55.9","22","  52.9","22","1016.1","22","989.9","22"," 12.3","21","  8.1","21"," 13.0"," 19.0","  65.1"," ","  48.9"," "," 0.00","G","999.9","100000"
"71951099999","2022-10-17","54.468508","-128.576219","217.32","TERRACE, CA","  52.9","20","  50.8","20","1014.3","20","988.1","20"," 12.8","19","  4.7","19","  9.9","999.9","  64.4"," ","  45.3"," "," 0.00","G","999.9","100000"
"71951099999","2022-10-18","54.468508","-128.576219","217.32","TERRACE, CA","  54.2","23","  52.2","23","1018.3","23","992.0","23","  9.2","23","  4.8","23"," 13.0","999.9","  59.2"," ","  45.3"," "," 0.08","G","999.9","010000"
"71951099999","2022-10-19","54.468508","-128.576219","217.32","TERRACE, CA","  53.4","19","  49.9","19","1023.1","19","996.7","19"," 13.5","18"," 15.0","18"," 22.0"," 31.1","  57.2","*","  49.5","*"," 0.00","G","999.9","010000"
"71951099999","2022-10-20","54.468508","-128.576219","217.32","TERRACE, CA","  47.0","22","  43.8","22","1024.4","22","997.7","22"," 14.4","22","  6.8","22"," 15.2"," 21.0","  54.1"," ","  38.1"," "," 0.05","G","999.9","010000"
"71951099999","2022-10-21","54.468508","-128.576219","217.32","TERRACE, CA","  44.4","23","  42.0","23","1012.0","23","985.5","23"," 13.7","22","  8.2","22"," 13.0"," 17.1","  50.4"," ","  38.1"," "," 0.06","G","999.9","010000"
"71951099999","2022-10-22","54.468508","-128.576219","217.32","TERRACE, CA","  41.1","24","  38.0","24","1008.9","24","982.3","24"," 15.5","23","  4.3","23","  8.9"," 15.0","  48.2","*","  35.6","*"," 0.18","G","999.9","010000"
"71951099999","2022-10-23","54.468508","-128.576219","217.32","TERRACE, CA","  35.1","24","  33.4","24","1012.4","24","985.5","24","  9.7","24","  2.5","24","  8.9","999.9","  48.0"," ","  29.5"," "," 0.02","G","999.9","110000"
"71951099999","2022-10-24","54.468508","-128.576219","217.32","TERRACE, CA","  39.6","24","  37.3","24","1002.0","24","975.5","24","  8.8","23","  7.0","23"," 14.0"," 15.9","  46.4","*","  35.6","*"," 0.81","G","999.9","110000"
"71951099999","2022-10-25","54.468508","-128.576219","217.32","TERRACE, CA","  40.2","24","  37.9","24","1009.0","24","982.4","24"," 11.8","23","  7.2","23"," 14.0"," 21.0","  46.6"," ","  36.7"," "," 0.17","G","999.9","010000"
"71951099999","2022-10-26","54.468508","-128.576219","217.32","TERRACE, CA","  39.9","24","  38.3","24","1004.6","24","978.1","24","  9.6","24"," 12.2","24"," 26.0"," 36.9","  42.8","*","  37.4","*"," 0.20","G","999.9","110000"
"71951099999","2022-10-27","54.468508","-128.576219","217.32","TERRACE, CA","  42.1","24","  39.8","24"," 990.7","24","964.6","24","  7.7","23"," 12.4","23"," 24.1"," 32.1","  47.1"," ","  37.8"," "," 1.53","G","999.9","110000"
"71951099999","2022-10-28","54.468508","-128.576219","217.32","TERRACE, CA","  39.3","23","  36.9","23","1002.1","23","975.6","23","  9.9","23"," 14.9","23"," 21.0"," 28.0","  41.2","*","  35.6","*"," 0.18","G","999.9","010000"
"71951099999","2022-10-29","54.468508","-128.576219","217.32","TERRACE, CA","  37.1","24","  35.0","24","1007.5","24","980.8","24","  7.6","23"," 12.2","23"," 19.0"," 28.0","  40.5"," ","  34.7"," "," 0.94","G","999.9","011000"
"71951099999","2022-10-30","54.468508","-128.576219","217.32","TERRACE, CA","  40.3","24","  38.2","24","1001.3","24","974.9","24"," 10.0","23"," 10.1","23"," 20.0"," 27.0","  43.9"," ","  34.7"," "," 1.26","G","999.9","010000"
"71951099999","2022-10-31","54.468508","-128.576219","217.32","TERRACE, CA","  36.1","24","  33.9","24","1005.2","24","978.6","24"," 11.1","20","  8.2","20"," 19.0"," 24.1","  43.7"," ","  32.4"," "," 0.27","G","999.9","010000"
"71951099999","2022-11-01","54.468508","-128.576219","217.32","TERRACE, CA","  33.4","24","  30.7","24","1009.6","24","982.7","24","  8.4","20","  5.3","21"," 11.1","999.9","  39.7"," ","  30.7"," "," 0.12","G","  0.4","111000"
"71951099999","2022-11-02","54.468508","-128.576219","217.32","TERRACE, CA","  32.7","24","  27.0","24","1018.6","24","991.5","24"," 19.8","22"," 10.4","23"," 15.0"," 17.1","  37.6","*","  28.4","*"," 0.00","A","999.9","000000"
"71951099999","2022-11-03","54.468508","-128.576219","217.32","TERRACE, CA","  32.3","24","  30.1","24","1013.0","24","985.9","24"," 14.4","23","  4.9","23"," 12.0"," 18.1","  39.2","*","  29.7","*"," 0.00","G","999.9","011000"
"71951099999","2022-11-04","54.468508","-128.576219","217.32","TERRACE, CA","  35.5","24","  34.2","24"," 998.8","24","972.2","24","  6.9","24","  6.1","24"," 14.0"," 21.0","  39.9"," ","  29.3"," "," 0.02","G","999.9","110000"
"71951099999","2022-11-05","54.468508","-128.576219","217.32","TERRACE, CA","  34.7","24","  32.2","24"," 998.4","24","971.8","24"," 10.2","24","  7.0","24"," 13.0"," 19.0","  38.1"," ","  31.5"," "," 0.17","G","999.9","011000"
"71951099999","2022-11-06","54.468508","-128.576219","217.32","TERRACE, CA","  27.9","24","   9.2","24","1014.1","24","986.8","24"," 17.5","24"," 10.6","24"," 17.1"," 29.9","  37.0"," ","  22.6"," "," 0.00","G","999.9","001000"
"71951099999","2022-11-07","54.468508","-128.576219","217.32","TERRACE, CA","  19.6","24","  -3.9","24","1024.6","24","996.6","24"," 18.9","22"," 12.3","22"," 19.0"," 26.0","  30.6"," ","  15.8"," "," 0.00","G","999.9","000000"
"71951099999","2022-11-08","54.468508","-128.576219","217.32","TERRACE, CA","  17.3","24","  -7.6","24","1029.7","24","001.5","24"," 18.8","22"," 13.1","22"," 20.0"," 29.9","  21.2"," ","  12.7"," "," 0.00","G","999.9","000000"
"71951099999","2022-11-09","54.468508","-128.576219","217.32","TERRACE, CA","  16.4","24","  -0.8","24","1025.1","24","996.9","24"," 19.2","22"," 16.2","23"," 22.9"," 29.9","  23.0","*","  12.7","*"," 0.00","G","999.9","000000"
"71951099999","2022-11-10","54.468508","-128.576219","217.32","TERRACE, CA","  20.9","24","   6.8","24","1025.8","24","997.8","24"," 18.5","24","  8.2","24"," 15.9"," 22.0","  24.8","*","  18.9","*"," 0.00","G","999.9","001000"
"71951099999","2022-11-11","54.468508","-128.576219","217.32","TERRACE, CA","  25.6","24","  21.4","24","1022.7","24","995.1","24","  7.2","23","  4.1","23"," 14.0"," 20.0","  30.2","*","  23.0","*"," 0.21","G","  2.0","001000"
"71951099999","2022-11-12","54.468508","-128.576219","217.32","TERRACE, CA","  29.1","24","  24.0","24","1026.1","24","998.6","24"," 15.1","24","  7.7","24"," 14.0"," 17.1","  30.2","*","  28.2","*"," 0.00","G","  2.0","000000"
"71951099999","2022-11-13","54.468508","-128.576219","217.32","TERRACE, CA","  28.4","24","  26.4","24","1031.3","24","003.5","24","  8.9","24","  1.6","24","  5.1","999.9","  33.8","*","  24.8","*"," 0.00","G","  0.4","011000"
"71951099999","2022-11-14","54.468508","-128.576219","217.32","TERRACE, CA","  30.9","24","  29.6","24","1034.3","24","006.6","24","  4.5","23","  4.9","23","  9.9","999.9","  33.8"," ","  23.5"," "," 0.00","G","  0.4","100000"
"71951099999","2022-11-15","54.468508","-128.576219","217.32","TERRACE, CA","  31.3","24","  27.3","24","1037.2","24","009.4","24"," 11.5","23"," 11.9","23"," 22.0"," 31.1","  34.2","*","  29.5","*"," 0.00","G","  0.4","000000"
"71951099999","2022-11-16","54.468508","-128.576219","217.32","TERRACE, CA","  33.0","24","  26.2","24","1040.7","24","012.9","24"," 17.0","24"," 19.6","24"," 24.1"," 35.9","  37.4","*","  31.5","*"," 0.00","G","999.9","000000"
"71951099999","2022-11-17","54.468508","-128.576219","217.32","TERRACE, CA","  33.7","24","  22.4","24","1042.1","24","014.4","24"," 17.5","20"," 17.9","20"," 22.9"," 31.1","  38.1"," ","  29.8"," "," 0.00","G","999.9","000000"
"71951099999","2022-11-18","54.468508","-128.576219","217.32","TERRACE, CA","  26.2","24","  14.5","24","1037.4","24","009.4","24"," 17.0","23"," 16.9","23"," 22.9"," 38.1","  36.7"," ","  20.7"," "," 0.00","G","  0.4","000000"
"71951099999","2022-11-19","54.468508","-128.576219","217.32","TERRACE, CA","  21.5","24","  12.2","24","1030.9","24","002.9","24"," 17.2","22"," 12.4","22"," 19.0"," 28.9","  28.9"," ","  18.7"," "," 0.00","G","  0.4","000000"
"71951099999","2022-11-20","54.468508","-128.576219","217.32","TERRACE, CA","  26.3","24","  20.0","24","1024.2","24","996.5","24"," 10.4","24","  5.8","24"," 15.9"," 22.0","  30.2","*","  24.8","*"," 0.15","G","  2.0","001000"
"71951099999","2022-11-21","54.468508","-128.576219","217.32","TERRACE, CA","  31.3","24","  30.1","24","1019.2","24","991.9","24","  1.9","23","  2.3","23"," 11.1"," 18.1","  39.2","*","  28.4","*"," 0.10","G","  0.8","111000"
"71951099999","2022-11-22","54.468508","-128.576219","217.32","TERRACE, CA","  35.9","24","  34.7","24","1007.9","24","981.0","24","  2.6","22","  4.8","22"," 18.1"," 24.1","  40.1"," ","  28.6"," "," 0.48","G","  0.4","110000"
"71951099999","2022-11-23","54.468508","-128.576219","217.32","TERRACE, CA","  37.3","24","  36.2","24","1012.9","24","986.0","24","  2.9","23","  4.9","23"," 11.1"," 15.9","  39.6"," ","  33.3"," "," 0.26","G","999.9","110000"
"71951099999","2022-11-24","54.468508","-128.576219","217.32","TERRACE, CA","  36.1","24","  34.8","24","1008.8","24","982.1","24","  4.7","23","  8.5","23"," 19.0"," 33.0","  43.7"," ","  31.3"," "," 4.05","G","  0.4","010000"
"71951099999","2022-11-25","54.468508","-128.576219","217.32","TERRACE, CA","  36.3","24","  34.5","24","1012.9","24","986.1","24","  7.7","22"," 12.1","22"," 20.0"," 28.0","  39.2","*","  32.4","*"," 0.67","G","999.9","010010"
"71951099999","2022-11-26","54.468508","-128.576219","217.32","TERRACE, CA","  39.1","23","  37.1","23","1010.8","23","984.1","23","  9.7","23"," 15.8","23"," 25.1"," 34.0","  41.0"," ","  34.5"," "," 0.24","G","999.9","010000"
"71951099999","2022-11-27","54.468508","-128.576219","217.32","TERRACE, CA","  31.5","24","  28.9","24","1011.7","24","984.6","24"," 11.6","24","  5.8","24"," 17.1"," 22.0","  41.0"," ","  26.4"," "," 0.16","G","999.9","010000"
"71951099999","2022-11-28","54.468508","-128.576219","217.32","TERRACE, CA","  28.0","24","  16.8","24","1020.5","24","993.0","24"," 19.5","24","  6.2","24"," 12.0"," 19.0","  33.8"," ","  23.2"," "," 0.00","G","999.9","000000"
"71951099999","2022-11-29","54.468508","-128.576219","217.32","TERRACE, CA","  18.4","24","   2.1","24","1018.0","24","990.2","24"," 19.2","24","  5.4","24"," 11.1"," 15.9","  23.0","*","  14.0","*"," 0.00","G","999.9","000000"
"71951099999","2022-11-30","54.468508","-128.576219","217.32","TERRACE, CA","  15.5","24","  -6.7","24","1011.9","24","984.0","24"," 19.5","24"," 10.3","24"," 18.1"," 29.9","  20.1"," ","  14.0"," "," 0.00","G","  0.4","001000"
"71951099999","2022-12-01","54.468508","-128.576219","217.32","TERRACE, CA","   9.7","23","  -6.4","23","1016.5","23","988.3","23"," 18.9","21"," 12.2","21"," 20.0"," 26.0","  17.8"," ","   5.7"," "," 0.00","G","999.9","000000"
"71951099999","2022-12-02","54.468508","-128.576219","217.32","TERRACE, CA","  11.6","24","   0.3","24","1019.8","24","991.5","24"," 15.1","24"," 18.2","24"," 22.9"," 35.0","  15.8","*","   8.6","*"," 0.00","G","  0.4","001000"
"71951099999","2022-12-03","54.468508","-128.576219","217.32","TERRACE, CA","   9.5","24","  -2.2","24","1029.2","24","000.6","24"," 18.3","23"," 19.5","23"," 26.0"," 34.0","  15.6"," ","   6.3"," "," 0.00","G","999.9","000000"
"71951099999","2022-12-04","54.468508","-128.576219","217.32","TERRACE, CA","  11.2","24","  -0.8","24","1028.0","24","999.5","24"," 17.4","23"," 22.9","23"," 28.0"," 40.0","  15.8","*","   9.7","*"," 0.00","G","999.9","000000"
"71951099999","2022-12-05","54.468508","-128.576219","217.32","TERRACE, CA","  13.5","23","   2.6","23","1020.9","23","992.7","23"," 17.5","22"," 18.6","23"," 28.9"," 41.0","  17.6","*","  10.4","*"," 0.00","G","999.9","000000"
"71951099999","2022-12-06","54.468508","-128.576219","217.32","TERRACE, CA","  14.9","23","   7.8","23","1017.6","23","989.5","23"," 13.9","23","  2.3","23","  6.0","999.9","  23.0","*","   8.6","*"," 0.01","G","  0.4","001000"
"71951099999","2022-12-07","54.468508","-128.576219","217.32","TERRACE, CA","  29.3","23","  27.0","23","1012.4","23","985.1","23","  6.3","23","  2.5","23","  8.9","999.9","  35.6","*","  21.2","*"," 0.00","G","  0.4","011000"
"71951099999","2022-12-08","54.468508","-128.576219","217.32","TERRACE, CA","  31.6","23","  30.3","23"," 999.9","23","973.1","23"," 11.4","23","  6.9","23"," 24.1"," 33.0","  36.1"," ","  26.8"," "," 0.13","G","  0.4","011000"
"71951099999","2022-12-09","54.468508","-128.576219","217.32","TERRACE, CA","  31.0","24","  29.1","24","1002.9","24","976.0","24","  7.6","24","  7.0","24"," 19.0"," 25.1","  34.9"," ","  28.4"," "," 0.03","G","  0.4","011000"
"71951099999","2022-12-10","54.468508","-128.576219","217.32","TERRACE, CA","  28.8","23","  21.7","23"," 999.8","23","973.0","23"," 15.6","22"," 13.7","22"," 20.0"," 29.9","  31.5"," ","  25.9"," "," 0.03","G","  1.2","001000"
"71951099999","2022-12-11","54.468508","-128.576219","217.32","TERRACE, CA","  28.0","24","  18.0","24","1011.2","24","984.0","24"," 17.6","24"," 14.2","24"," 17.1"," 22.9","  31.1"," ","  24.3"," "," 0.00","G","999.9","000000"
"71951099999","2022-12-12","54.468508","-128.576219","217.32","TERRACE, CA","  22.1","23","  12.7","23","1021.7","23","993.9","23"," 17.1","23"," 11.3","23"," 17.1"," 25.1","  30.4"," ","  19.9"," "," 0.00","G","999.9","000000"
"71951099999","2022-12-13","54.468508","-128.576219","217.32","TERRACE, CA","  24.5","22","  19.3","22","1023.2","22","995.5","22"," 10.8","20","  1.8","21","  4.1","999.9","  27.3","*","  23.0","*"," 0.05","G","  0.8","001000"
"71951099999","2022-12-14","54.468508","-128.576219","217.32","TERRACE, CA","  24.2","24","  22.3","24","1034.2","24","006.2","24","  6.5","24","  2.3","24","  7.0","999.9","  28.0"," ","  19.4"," "," 0.00","G","  0.8","001000"
"71951099999","2022-12-15","54.468508","-128.576219","217.32","TERRACE, CA","  20.8","23","  18.8","23","1038.8","23","010.5","23","  8.8","23","  1.4","23","  2.9","999.9","  24.8","*","  15.8","*"," 0.00","G","  0.8","101000"
"71951099999","2022-12-16","54.468508","-128.576219","217.32","TERRACE, CA","  24.4","21","  23.0","21","1033.4","21","005.4","20","  1.0","21","  2.1","21","  6.0","999.9","  26.6","*","  18.5","*"," 0.02","G","  0.8","101000"
"71951099999","2022-12-17","54.468508","-128.576219","217.32","TERRACE, CA","  25.8","24","  18.6","24","1025.3","24","997.5","24"," 10.6","24","  9.6","24"," 20.0"," 26.0","  28.4","*","  21.2","*"," 0.01","G","  0.8","001000"
"71951099999","2022-12-18","54.468508","-128.576219","217.32","TERRACE, CA","  12.1","24","  -9.7","24","1031.3","24","002.9","24"," 17.2","22","  8.1","22"," 12.0"," 20.0","  19.6","*","   6.8","*"," 0.00","G","  0.8","000000"
"71951099999","2022-12-19","54.468508","-128.576219","217.32","TERRACE, CA","   2.3","24"," -16.2","24","1035.6","24","006.5","24"," 17.3","20"," 11.2","21"," 15.0"," 21.0","  14.4"," ","  -1.5"," "," 0.00","G","999.9","000000"
"71951099999","2022-12-20","54.468508","-128.576219","217.32","TERRACE, CA","  -1.2","24"," -18.6","24","1037.1","24","007.7","24"," 17.4","22"," 15.5","22"," 21.0"," 28.9","   3.2","*","  -4.5","*"," 0.00","G","999.9","000000"
"71951099999","2022-12-21","54.468508","-128.576219","217.32","TERRACE, CA","  -5.3","24"," -19.3","24","1043.5","24","013.9","24"," 17.5","21"," 21.7","21"," 26.0"," 35.9","   0.3"," ","  -9.0"," "," 0.00","G","  0.8","000000"
"71951099999","2022-12-22","54.468508","-128.576219","217.32","TERRACE, CA","  -1.6","24"," -16.8","24","1040.2","24","010.8","24"," 17.4","22"," 22.2","22"," 26.0"," 39.0","   3.2","*","  -5.8","*"," 0.00","G","  0.8","000000"
"71951099999","2022-12-23","54.468508","-128.576219","217.32","TERRACE, CA","   3.8","24","  -5.1","24","1018.7","24","990.0","24","  5.5","23"," 21.6","23"," 27.0"," 41.0","   6.8","*","   2.8","*"," 0.28","G","  2.4","001000"
"71951099999","2022-12-24","54.468508","-128.576219","217.32","TERRACE, CA","  11.9","24","   5.9","24","1007.9","24","979.9","24","  1.2","24"," 17.4","24"," 28.0"," 42.9","  15.8","*","   7.9","*"," 0.61","G","  2.0","001000"
"71951099999","2022-12-25","54.468508","-128.576219","217.32","TERRACE, CA","  20.4","24","  17.6","24","1010.4","24","982.8","24","  3.6","24","  6.4","24"," 12.0"," 19.0","  28.4","*","  15.6","*"," 1.06","G"," 14.6","011000"
"71951099999","2022-12-26","54.468508","-128.576219","217.32","TERRACE, CA","  32.1","24","  30.6","24"," 995.5","24","968.8","24","  4.9","24","  7.8","24"," 21.0"," 28.9","  35.6","*","  28.4","*"," 0.29","G"," 13.8","110000"
"71951099999","2022-12-27","54.468508","-128.576219","217.32","TERRACE, CA","  34.7","24","  32.8","24"," 988.2","24","961.8","24","  8.9","23"," 10.6","23"," 22.9","999.9","  37.6"," ","  29.5"," "," 0.35","G","  8.7","111000"
"71951099999","2022-12-28","54.468508","-128.576219","217.32","TERRACE, CA","  32.0","24","  30.6","24"," 996.9","24","970.2","24","  4.2","24","  4.0","24"," 11.1"," 17.1","  37.2"," ","  29.1"," "," 0.04","G","  7.5","111000"
"71951099999","2022-12-29","54.468508","-128.576219","217.32","TERRACE, CA","  29.9","24","  27.7","24","1000.4","24","973.5","24","  7.6","24","  7.6","24"," 19.0"," 24.1","  35.1"," ","  26.6"," "," 0.05","G","  7.1","101000"
"71951099999","2022-12-30","54.468508","-128.576219","217.32","TERRACE, CA","  30.1","24","  25.3","24"," 994.5","24","967.9","24"," 12.5","23"," 12.4","23"," 20.0"," 28.9","  32.0","*","  28.4","*"," 0.09","G","  7.1","001000"
"71951099999","2022-12-31","54.468508","-128.576219","217.32","TERRACE, CA","  29.4","24","  24.3","24","1001.0","24","974.2","24"," 18.2","24","  9.6","24"," 18.1"," 25.1","  32.0","*","  24.8","*"," 0.00","G","  7.1","001000"
