"STATION","DATE","LATITUDE","LONGITUDE","ELEVATION","NAME","TEMP","TEMP_ATTRIBUTES","DEWP","DEWP_ATTRIBUTES","SLP","SLP_ATTRIBUTES","STP","STP_ATTRIBUTES","VISIB","VISIB_ATTRIBUTES","WDSP","WDSP_ATTRIBUTES","MXSPD","GUST","MAX","MAX_ATTRIBUTES","MIN","MIN_ATTRIBUTES","PRCP","PRCP_ATTRIBUTES","SNDP","FRSHTT"
"98653099999","2022-01-01","9.7833333","125.4833333","55.0","SURIGAO, RP","  78.8"," 8","  76.1"," 8","1012.1"," 8","007.6"," 8","  4.5"," 8"," 10.4"," 8"," 15.5","999.9","  83.5"," ","  72.7"," "," 4.56","G","999.9","010000"
"98653099999","2022-01-02","9.7833333","125.4833333","55.0","SURIGAO, RP","  77.8"," 7","  74.7"," 7","1012.8"," 7","008.3"," 7","  6.4"," 7","  8.3"," 7"," 13.6","999.9","  80.1","*","  73.4"," "," 5.54","G","999.9","010000"
"98653099999","2022-01-03","9.7833333","125.4833333","55.0","SURIGAO, RP","  80.9"," 6","  75.2"," 6","1012.1"," 6","007.6"," 6","  8.8"," 6","  5.8"," 6","  9.7","999.9","  82.4"," ","  74.1"," "," 1.68","G","999.9","010000"
"98653099999","2022-01-04","9.7833333","125.4833333","55.0","SURIGAO, RP","  82.0"," 7","  74.8"," 7","1012.3"," 7","008.0"," 7","  9.3"," 7","  7.2"," 7"," 13.6","999.9","  85.6"," ","  75.9"," "," 0.20","G","999.9","010000"
"98653099999","2022-01-05","9.7833333","125.4833333","55.0","SURIGAO, RP","  79.8"," 5","  75.5"," 5","1012.0"," 5","007.5"," 5","  7.7"," 5","  6.2"," 5","  9.7","999.9","  83.1"," ","  74.5"," "," 0.23","G","999.9","010000"
"98653099999","2022-01-06","9.7833333","125.4833333","55.0","SURIGAO, RP","  80.4"," 6","  75.0"," 6","1012.9"," 6","008.4"," 6","  8.7"," 6","999.9"," 0","999.9","999.9","  85.1"," ","  74.7"," "," 0.96","G","999.9","010000"
"98653099999","2022-01-07","9.7833333","125.4833333","55.0","SURIGAO, RP","  79.9"," 6","  75.0"," 6","1012.3"," 6","007.8"," 6"," 10.1"," 6","  4.9"," 6","  9.7","999.9","  85.3"," ","  74.8"," "," 0.02","G","999.9","000000"
"98653099999","2022-01-08","9.7833333","125.4833333","55.0","SURIGAO, RP","  80.2"," 6","  75.8"," 6","1011.6"," 6","007.1"," 6"," 10.1"," 6","  2.3"," 5","  3.9","999.9","  84.9"," ","  73.0"," "," 0.00","G","999.9","010000"
"98653099999","2022-01-09","9.7833333","125.4833333","55.0","SURIGAO, RP","  80.4"," 7","  76.0"," 7","1011.1"," 7","006.6"," 7"," 11.1"," 7","  2.9"," 4","  3.9","999.9","  84.2"," ","  74.5"," "," 0.24","G","999.9","010000"
"98653099999","2022-01-10","9.7833333","125.4833333","55.0","SURIGAO, RP","  80.4"," 6","  77.0"," 6","1011.2"," 6","006.7"," 6"," 12.2"," 6","999.9"," 0","999.9","999.9","  84.2"," ","  76.1"," "," 0.02","G","999.9","010000"
"98653099999","2022-01-11","9.7833333","125.4833333","55.0","SURIGAO, RP","  82.5"," 6","  77.4"," 6","1012.0"," 6","007.5"," 6"," 11.9"," 6","999.9"," 0","999.9","999.9","  86.0"," ","  76.1"," "," 0.00","G","999.9","000000"
"98653099999","2022-01-12","9.7833333","125.4833333","55.0","SURIGAO, RP","  80.0"," 6","  75.1"," 6","1012.5"," 6","008.0"," 6","  8.0"," 6","  4.9"," 4","  5.8","999.9","  83.7"," ","  75.9","*"," 0.11","C","999.9","010000"
"98653099999","2022-01-13","9.7833333","125.4833333","55.0","SURIGAO, RP","  77.9"," 8","  72.2"," 8","1012.6"," 8","008.1"," 8","  6.7"," 8","  6.1"," 7"," 15.5","999.9","  79.5","*","  73.8"," "," 0.30","G","999.9","010000"
"98653099999","2022-01-14","9.7833333","125.4833333","55.0","SURIGAO, RP","  79.1"," 5","  68.7"," 5","1013.2"," 5","008.7"," 5","  8.2"," 5","  8.9"," 5","  9.7","999.9","  82.4"," ","  72.3"," "," 0.34","G","999.9","000000"
"98653099999","2022-01-15","9.7833333","125.4833333","55.0","SURIGAO, RP","  79.1"," 7","  73.8"," 7","1013.2"," 7","008.7"," 7","  7.9"," 7","  5.8"," 5","  9.7","999.9","  84.9"," ","  74.1"," "," 0.00","G","999.9","010000"
"98653099999","2022-01-16","9.7833333","125.4833333","55.0","SURIGAO, RP","  81.2"," 6","  73.6"," 6","1012.7"," 6","008.2"," 6","  7.9"," 6","  7.8"," 6"," 11.7","999.9","  83.5"," ","  73.2"," "," 1.46","G","999.9","010000"
"98653099999","2022-01-17","9.7833333","125.4833333","55.0","SURIGAO, RP","  79.4"," 7","  73.5"," 7","1011.7"," 7","007.2"," 7","  6.7"," 7","  5.8"," 7"," 11.7","999.9","  83.3"," ","  74.8"," "," 0.26","G","999.9","010000"
"98653099999","2022-01-18","9.7833333","125.4833333","55.0","SURIGAO, RP","  78.8"," 6","  75.3"," 6","1010.3"," 6","005.8"," 6","  8.1"," 6","  4.9"," 6","  9.7","999.9","  82.8"," ","  73.4"," "," 1.19","G","999.9","010000"
"98653099999","2022-01-19","9.7833333","125.4833333","55.0","SURIGAO, RP","  81.2"," 6","  76.6"," 6","1009.0"," 6","004.5"," 6"," 10.8"," 6","  4.2"," 6","  5.8","999.9","  86.4"," ","  73.2"," "," 0.61","G","999.9","010000"
"98653099999","2022-01-20","9.7833333","125.4833333","55.0","SURIGAO, RP","  81.9"," 5","  75.6"," 5","1009.6"," 5","005.1"," 5"," 11.2"," 5","  3.9"," 5","  7.8","999.9","  86.2","*","  73.8"," "," 0.06","G","999.9","010000"
"98653099999","2022-01-21","9.7833333","125.4833333","55.0","SURIGAO, RP","  82.3"," 6","  75.8"," 6","1010.5"," 6","006.0"," 6","  9.2"," 6","  3.6"," 6","  5.8","999.9","  87.8"," ","  75.7"," "," 0.02","G","999.9","000000"
"98653099999","2022-01-22","9.7833333","125.4833333","55.0","SURIGAO, RP","  79.4"," 7","  74.8"," 7","1009.9"," 7","005.4"," 7","  6.7"," 7","  3.6"," 6","  5.8","999.9","  86.0"," ","  75.9"," "," 0.08","G","999.9","010000"
"98653099999","2022-01-23","9.7833333","125.4833333","55.0","SURIGAO, RP","  77.8"," 6","  76.4"," 5","1009.1"," 6","004.6"," 6","  8.0"," 6","  2.7"," 5","  3.9","999.9","  80.2"," ","  73.8"," "," 0.34","G","999.9","010000"
"98653099999","2022-01-24","9.7833333","125.4833333","55.0","SURIGAO, RP","  77.9"," 7","  76.4"," 7","1007.6"," 7","003.1"," 7","  6.3"," 7","  3.4"," 4","  7.8","999.9","  81.3"," ","  73.4"," "," 0.77","G","999.9","010000"
"98653099999","2022-01-25","9.7833333","125.4833333","55.0","SURIGAO, RP","  79.3"," 6","  77.3"," 6","1007.4"," 6","002.9"," 6","  8.3"," 6","  5.8"," 6","  7.8","999.9","  82.0"," ","  77.9","*"," 0.00","G","999.9","010010"
"98653099999","2022-01-26","9.7833333","125.4833333","55.0","SURIGAO, RP","  81.9"," 6","  77.7"," 6","1008.9"," 6","004.4"," 6","  9.5"," 6","  6.5"," 6","  9.7","999.9","  87.8"," ","  79.2","*"," 2.35","G","999.9","000000"
"98653099999","2022-01-27","9.7833333","125.4833333","55.0","SURIGAO, RP","  80.2"," 6","  76.7"," 6","1010.9"," 6","006.4"," 6","  8.6"," 6","  4.5"," 6","  9.7","999.9","  84.2"," ","  76.3"," "," 0.12","G","999.9","010000"
"98653099999","2022-01-28","9.7833333","125.4833333","55.0","SURIGAO, RP","  80.7"," 7","  76.6"," 7","1011.1"," 7","006.6"," 7","  9.3"," 7","  3.9"," 7","  5.8","999.9","  85.1"," ","  75.7"," "," 0.18","G","999.9","010000"
"98653099999","2022-01-29","9.7833333","125.4833333","55.0","SURIGAO, RP","  80.7"," 7","  76.8"," 7","1010.4"," 7","005.9"," 7"," 10.9"," 7","  2.2"," 7","  3.9","999.9","  85.3"," ","  76.1"," "," 0.20","G","999.9","000000"
"98653099999","2022-01-30","9.7833333","125.4833333","55.0","SURIGAO, RP","  83.5"," 6","  76.6"," 6","1010.7"," 6","006.2"," 6"," 11.7"," 6","  1.9"," 5","  1.9","999.9","  90.0"," ","  76.5"," "," 0.00","G","999.9","000000"
"98653099999","2022-01-31","9.7833333","125.4833333","55.0","SURIGAO, RP","  82.8"," 8","  76.7"," 7","1011.4"," 8","006.9"," 8"," 11.9"," 8","  2.7"," 8","  3.9","999.9","  87.1"," ","  76.3"," "," 0.00","I","999.9","000000"
"98653099999","2022-02-01","9.7833333","125.4833333","55.0","SURIGAO, RP","  82.7"," 6","  76.5"," 6","1011.4"," 6","006.9"," 6"," 11.9"," 6","  2.6"," 6","  3.9","999.9","  87.8"," ","  77.4"," "," 0.00","A","999.9","000000"
"98653099999","2022-02-02","9.7833333","125.4833333","55.0","SURIGAO, RP","  82.3"," 6","  76.3"," 6","1011.4"," 6","006.9"," 6","  9.9"," 6","  2.6"," 6","  5.8","999.9","  87.8"," ","  76.6"," "," 0.00","G","999.9","000000"
"98653099999","2022-02-03","9.7833333","125.4833333","55.0","SURIGAO, RP","  81.1"," 6","  75.7"," 6","1010.3"," 6","005.8"," 6","  8.4"," 6","  6.8"," 6","  9.7","999.9","  87.8"," ","  75.9","*"," 0.41","G","999.9","010000"
"98653099999","2022-02-04","9.7833333","125.4833333","55.0","SURIGAO, RP","  77.1"," 6","  74.4"," 6","1011.4"," 6","006.9"," 6","  8.1"," 5","  8.1"," 6"," 13.6","999.9","  78.8"," ","  65.5"," "," 0.24","G","999.9","010000"
"98653099999","2022-02-05","9.7833333","125.4833333","55.0","SURIGAO, RP","  81.9"," 7","  75.0"," 7","1011.9"," 7","007.4"," 7"," 10.3"," 7","  8.6"," 7","  9.7","999.9","  86.0"," ","  73.6"," "," 0.65","G","999.9","010000"
"98653099999","2022-02-06","9.7833333","125.4833333","55.0","SURIGAO, RP","  81.4"," 5","  75.2"," 5","1012.0"," 5","007.5"," 5","  7.8"," 5","  9.3"," 5"," 11.7","999.9","  84.2"," ","  79.5","*"," 0.00","G","999.9","010000"
"98653099999","2022-02-07","9.7833333","125.4833333","55.0","SURIGAO, RP","  81.4"," 4","  76.7"," 4","1011.2"," 4","006.7"," 4"," 10.9"," 4","999.9"," 0","999.9","999.9","  87.8"," ","  78.1","*"," 0.08","B","999.9","000000"
"98653099999","2022-02-08","9.7833333","125.4833333","55.0","SURIGAO, RP","  79.5"," 6","  76.6"," 6","1011.9"," 6","007.4"," 6","  6.8"," 6","  4.5"," 6","  9.7","999.9","  82.4"," ","  76.1"," "," 1.24","C","999.9","010000"
"98653099999","2022-02-09","9.7833333","125.4833333","55.0","SURIGAO, RP","  78.0"," 8","  75.7"," 8","1010.7"," 8","006.2"," 8","  6.3"," 8","  5.8"," 8"," 11.7","999.9","  83.7"," ","  73.2"," "," 2.40","C","999.9","010000"
"98653099999","2022-02-10","9.7833333","125.4833333","55.0","SURIGAO, RP","  78.5"," 6","  76.6"," 6","1010.0"," 6","005.5"," 6","  5.6"," 6","  7.1"," 6","  9.7","999.9","  80.4"," ","  74.5"," "," 0.67","C","999.9","010000"
"98653099999","2022-02-11","9.7833333","125.4833333","55.0","SURIGAO, RP","  79.2"," 6","  76.7"," 6","1008.9"," 6","004.4"," 6","  7.9"," 6","  5.2"," 6","  9.7","999.9","  81.5","*","  73.0"," "," 0.98","C","999.9","010000"
"98653099999","2022-02-12","9.7833333","125.4833333","55.0","SURIGAO, RP","  79.8"," 6","  76.6"," 6","1008.9"," 6","004.4"," 6","  9.0"," 6","  4.2"," 6","  5.8","999.9","  83.8"," ","  74.5"," "," 0.06","B","999.9","010000"
"98653099999","2022-02-13","9.7833333","125.4833333","55.0","SURIGAO, RP","  82.1"," 8","  76.2"," 8","1009.0"," 8","004.5"," 8","  8.2"," 8","  6.3"," 8","  9.7","999.9","  86.7"," ","  75.6"," "," 0.00","A","999.9","000000"
"98653099999","2022-02-14","9.7833333","125.4833333","55.0","SURIGAO, RP","  81.8"," 6","  75.9"," 6","1010.1"," 6","005.6"," 6","  8.1"," 6","  5.1"," 5","  9.7","999.9","  87.1"," ","  75.4"," "," 0.05","G","999.9","000000"
"98653099999","2022-02-15","9.7833333","125.4833333","55.0","SURIGAO, RP","  83.1"," 7","  73.5"," 7","1009.7"," 7","005.2"," 7"," 10.0"," 7","  5.3"," 7","  9.7","999.9","  88.7"," ","  75.6"," "," 0.00","G","999.9","010000"
"98653099999","2022-02-16","9.7833333","125.4833333","55.0","SURIGAO, RP","  82.1"," 7","  72.9"," 7","1008.6"," 6","004.3"," 7"," 11.4"," 7","  5.8"," 7"," 11.7","999.9","  86.0","*","  75.2"," "," 0.00","G","999.9","000000"
"98653099999","2022-02-17","9.7833333","125.4833333","55.0","SURIGAO, RP","  83.9"," 5","  73.9"," 5","1009.8"," 5","005.3"," 5"," 12.6"," 5","  7.0"," 5","  9.7","999.9","  89.2"," ","  74.1"," "," 0.00","I","999.9","000000"
"98653099999","2022-02-18","9.7833333","125.4833333","55.0","SURIGAO, RP","  81.3"," 6","  75.2"," 6","1009.9"," 6","005.4"," 6","  8.0"," 6","  7.0"," 5","  9.7","999.9","  87.8"," ","  75.2"," "," 0.20","G","999.9","010000"
"98653099999","2022-02-19","9.7833333","125.4833333","55.0","SURIGAO, RP","  81.3"," 7","  76.8"," 7","1009.5"," 7","005.0"," 7","  9.7"," 7","  5.8"," 7","  9.7","999.9","  88.2"," ","  75.6"," "," 0.15","G","999.9","010000"
"98653099999","2022-02-20","9.7833333","125.4833333","55.0","SURIGAO, RP","  77.4"," 5","  75.7"," 5","1009.9"," 5","005.4"," 5","  5.3"," 5","  3.9"," 5","  9.7","999.9","  85.5"," ","  74.8","*"," 0.00","G","999.9","010000"
"98653099999","2022-02-21","9.7833333","125.4833333","55.0","SURIGAO, RP","  81.1"," 6","  75.1"," 6","1010.5"," 6","006.0"," 6","  8.8"," 6","  6.2"," 5","  9.7","999.9","  86.0"," ","  71.6"," "," 4.91","G","999.9","010000"
"98653099999","2022-02-22","9.7833333","125.4833333","55.0","SURIGAO, RP","  80.6"," 6","  74.8"," 6","1011.7"," 6","007.2"," 6","  9.1"," 6","  3.6"," 6","  9.7","999.9","  88.2"," ","  74.5"," "," 0.56","G","999.9","010000"
"98653099999","2022-02-23","9.7833333","125.4833333","55.0","SURIGAO, RP","  80.5"," 6","  75.2"," 6","1012.7"," 6","008.2"," 6"," 10.6"," 6","  2.9"," 6","  3.9","999.9","  86.7"," ","  73.4"," "," 0.75","G","999.9","010000"
"98653099999","2022-02-24","9.7833333","125.4833333","55.0","SURIGAO, RP","  79.5"," 7","  75.8"," 7","1012.8"," 7","008.3"," 7","  8.7"," 7","  7.2"," 7","  9.7","999.9","  82.8"," ","  66.6"," "," 0.80","G","999.9","010010"
"98653099999","2022-02-25","9.7833333","125.4833333","55.0","SURIGAO, RP","  81.5"," 6","  74.4"," 6","1013.1"," 6","008.6"," 6","  7.6"," 6"," 10.4"," 6"," 11.7","999.9","  86.0"," ","  73.4"," "," 0.46","G","999.9","010000"
"98653099999","2022-02-26","9.7833333","125.4833333","55.0","SURIGAO, RP","  78.8"," 6","  74.9"," 6","1012.1"," 6","007.6"," 6","  7.5"," 6","  8.4"," 6"," 11.7","999.9","  84.6"," ","  75.6"," "," 0.23","G","999.9","010000"
"98653099999","2022-02-27","9.7833333","125.4833333","55.0","SURIGAO, RP","  81.0"," 7","  76.6"," 7","1011.4"," 7","006.9"," 7","  7.5"," 7","  8.0"," 7"," 13.6","999.9","  86.0"," ","  73.6"," "," 0.94","G","999.9","010000"
"98653099999","2022-02-28","9.7833333","125.4833333","55.0","SURIGAO, RP","  80.4"," 7","  76.4"," 7","1011.6"," 7","007.1"," 7","  8.9"," 7","  6.4"," 7","  9.7","999.9","  85.3"," ","  73.4"," "," 1.73","G","999.9","010000"
"98653099999","2022-03-01","9.7833333","125.4833333","55.0","SURIGAO, RP","  82.7"," 6","  75.8"," 6","1011.4"," 6","006.9"," 6","  9.6"," 6","  6.8"," 6","  9.7","999.9","  87.8"," ","  74.3"," "," 0.26","G","999.9","010000"
"98653099999","2022-03-02","9.7833333","125.4833333","55.0","SURIGAO, RP","  80.0"," 6","  77.2"," 6","1011.0"," 6","006.5"," 6","  7.1"," 6","  5.8"," 6","  9.7","999.9","  84.9"," ","  74.7"," "," 0.16","G","999.9","010010"
"98653099999","2022-03-03","9.7833333","125.4833333","55.0","SURIGAO, RP","  79.0"," 6","  75.7"," 6","1011.4"," 6","006.8"," 6","  8.4"," 6","  7.0"," 5","  9.7","999.9","  80.6"," ","  76.1"," "," 1.21","G","999.9","010000"
"98653099999","2022-03-04","9.7833333","125.4833333","55.0","SURIGAO, RP","  80.6"," 6","  77.1"," 6","1010.2"," 6","005.7"," 6","  9.8"," 6","  4.9"," 6","  7.8","999.9","  86.2"," ","  75.2"," "," 0.64","G","999.9","010000"
"98653099999","2022-03-05","9.7833333","125.4833333","55.0","SURIGAO, RP","  78.5"," 6","  76.7"," 6","1009.5"," 6","005.0"," 6","  5.9"," 6","  2.3"," 6","  3.9","999.9","  82.4"," ","  74.7"," "," 1.25","G","999.9","010000"
"98653099999","2022-03-06","9.7833333","125.4833333","55.0","SURIGAO, RP","  77.6"," 6","  76.8"," 6","1009.0"," 6","004.5"," 6","  5.0"," 6","  3.6"," 6","  9.7","999.9","  79.9"," ","  72.3"," "," 3.75","G","999.9","010010"
"98653099999","2022-03-07","9.7833333","125.4833333","55.0","SURIGAO, RP","  80.3"," 7","  77.8"," 7","1007.9"," 7","003.4"," 7"," 10.2"," 7","  5.2"," 6","  9.7","999.9","  86.4"," ","  70.9"," "," 7.65","G","999.9","010000"
"98653099999","2022-03-08","9.7833333","125.4833333","55.0","SURIGAO, RP","  80.7"," 6","  77.0"," 6","1008.1"," 6","003.6"," 6","  7.4"," 6","  6.8"," 6","  9.7","999.9","  83.3"," ","  72.5"," "," 0.14","G","999.9","010010"
"98653099999","2022-03-09","9.7833333","125.4833333","55.0","SURIGAO, RP","  79.2"," 6","  76.6"," 6","1008.6"," 6","004.1"," 6","  7.0"," 6","  8.4"," 6","  9.7","999.9","  82.8"," ","  68.0"," "," 2.11","G","999.9","010000"
"98653099999","2022-03-10","9.7833333","125.4833333","55.0","SURIGAO, RP","  80.4"," 8","  77.9"," 8","1008.3"," 8","003.8"," 8"," 10.3"," 8","  4.4"," 8","  7.8","999.9","  82.4"," ","  72.5"," "," 0.71","G","999.9","010000"
"98653099999","2022-03-11","9.7833333","125.4833333","55.0","SURIGAO, RP","  80.9"," 6","  77.1"," 6","1008.1"," 6","003.6"," 6","  9.0"," 6","  7.4"," 6"," 13.6","999.9","  87.8"," ","  75.7"," "," 0.19","G","999.9","000000"
"98653099999","2022-03-12","9.7833333","125.4833333","55.0","SURIGAO, RP","  81.7"," 7","  77.5"," 7","1008.2"," 7","003.7"," 7"," 10.8"," 7","  6.7"," 7","  9.7","999.9","  87.8"," ","  76.1"," "," 0.01","G","999.9","010000"
"98653099999","2022-03-13","9.7833333","125.4833333","55.0","SURIGAO, RP","  84.1"," 5","  77.7"," 5","1008.6"," 5","004.1"," 5"," 13.0"," 5","  6.6"," 5","  9.7","999.9","  89.6"," ","  72.7"," "," 0.00","G","999.9","010000"
"98653099999","2022-03-14","9.7833333","125.4833333","55.0","SURIGAO, RP","  80.2"," 6","  77.8"," 6","1008.5"," 6","004.0"," 6","  7.8"," 6","  2.9"," 6","  5.8","999.9","  84.2"," ","  75.9"," "," 0.26","G","999.9","010000"
"98653099999","2022-03-15","9.7833333","125.4833333","55.0","SURIGAO, RP","  82.1"," 6","  78.1"," 6","1007.8"," 6","003.3"," 6","  9.7"," 6","  3.1"," 5","  5.8","999.9","  87.8"," ","  76.3"," "," 0.38","G","999.9","010010"
"98653099999","2022-03-16","9.7833333","125.4833333","55.0","SURIGAO, RP","  82.2"," 7","  78.5"," 7","1008.3"," 7","003.8"," 7","  9.9"," 7","  6.7"," 7","  7.8","999.9","  87.8"," ","  77.4"," "," 0.24","G","999.9","010000"
"98653099999","2022-03-17","9.7833333","125.4833333","55.0","SURIGAO, RP","  83.0"," 7","  77.2"," 7","1008.4"," 7","003.9"," 7"," 11.5"," 7","  6.4"," 7"," 11.7","999.9","  89.8"," ","  73.4"," "," 0.28","G","999.9","000000"
"98653099999","2022-03-18","9.7833333","125.4833333","55.0","SURIGAO, RP","  83.1"," 6","  78.7"," 6","1007.5"," 6","003.0"," 6"," 10.3"," 6","  4.2"," 6","  9.7","999.9","  86.4"," ","  77.0"," "," 0.00","G","999.9","000000"
"98653099999","2022-03-19","9.7833333","125.4833333","55.0","SURIGAO, RP","  83.5"," 6","  77.5"," 5","1008.9"," 5","004.1"," 6"," 10.1"," 6","  5.2"," 6","  9.7","999.9","  87.8"," ","  77.0"," "," 0.00","G","999.9","010000"
"98653099999","2022-03-20","9.7833333","125.4833333","55.0","SURIGAO, RP","  79.2"," 7","  77.4"," 7","1010.2"," 7","005.7"," 7","  8.6"," 7","  6.1"," 7","  9.7","999.9","  84.7"," ","  77.4"," "," 0.00","G","999.9","010010"
"98653099999","2022-03-21","9.7833333","125.4833333","55.0","SURIGAO, RP","  82.6"," 6","  77.8"," 6","1011.8"," 6","007.3"," 6","  9.5"," 6","  4.9"," 6","  9.7","999.9","  87.8","*","  76.3"," "," 0.47","G","999.9","010000"
"98653099999","2022-03-22","9.7833333","125.4833333","55.0","SURIGAO, RP","  81.9"," 7","  77.5"," 7","1011.7"," 7","007.2"," 7","  9.1"," 7","  3.3"," 7","  7.8","999.9","  87.8"," ","  69.8"," "," 0.28","G","999.9","010000"
"98653099999","2022-03-23","9.7833333","125.4833333","55.0","SURIGAO, RP","  82.6"," 5","  75.6"," 5","1011.0"," 5","006.5"," 5"," 12.3"," 5","  4.7"," 5","  9.7","999.9","  89.6"," ","  75.0"," "," 0.36","G","999.9","000000"
"98653099999","2022-03-24","9.7833333","125.4833333","55.0","SURIGAO, RP","  81.5"," 6","  76.5"," 6","1011.2"," 6","006.7"," 6"," 10.9"," 6","  3.9"," 6","  9.7","999.9","  88.2"," ","  77.0"," "," 0.00","G","999.9","000000"
"98653099999","2022-03-25","9.7833333","125.4833333","55.0","SURIGAO, RP","  83.3"," 6","  76.6"," 6","1011.5"," 6","007.0"," 6"," 11.7"," 6","  4.9"," 6","  9.7","999.9","  90.0"," ","  72.5"," "," 0.46","G","999.9","000000"
"98653099999","2022-03-26","9.7833333","125.4833333","55.0","SURIGAO, RP","  80.4"," 6","  76.0"," 6","1011.3"," 6","006.8"," 6","  8.6"," 6","  2.9"," 6","  5.8","999.9","  88.2"," ","  74.8","*"," 0.06","G","999.9","010000"
"98653099999","2022-03-27","9.7833333","125.4833333","55.0","SURIGAO, RP","  78.6"," 6","  76.5"," 6","1010.6"," 6","006.1"," 6","  7.6"," 6","  2.9"," 6","  5.8","999.9","  81.0"," ","  74.3"," "," 1.13","G","999.9","010000"
"98653099999","2022-03-28","9.7833333","125.4833333","55.0","SURIGAO, RP","  80.7"," 7","  76.6"," 7","1010.5"," 7","006.0"," 7"," 10.3"," 7","  5.8"," 7"," 11.7","999.9","  85.6"," ","  72.3"," "," 2.04","G","999.9","010000"
"98653099999","2022-03-29","9.7833333","125.4833333","55.0","SURIGAO, RP","  83.6"," 7","  76.5"," 7","1011.1"," 7","006.6"," 7"," 10.7"," 7","  7.5"," 7"," 13.6","999.9","  89.6"," ","  77.0"," "," 0.02","G","999.9","000000"
"98653099999","2022-03-30","9.7833333","125.4833333","55.0","SURIGAO, RP","  79.8"," 5","  76.7"," 5","1011.2"," 5","006.7"," 5","  9.6"," 5","  3.9"," 5","  7.8","999.9","  85.3"," ","  76.6"," "," 0.00","G","999.9","000010"
"98653099999","2022-03-31","9.7833333","125.4833333","55.0","SURIGAO, RP","  81.5"," 4","  77.1"," 4","1011.0"," 4","006.5"," 4"," 10.6"," 4","  6.3"," 4","  9.7","999.9","  87.6"," ","  78.8","*"," 0.24","B","999.9","010000"
"98653099999","2022-04-01","9.7833333","125.4833333","55.0","SURIGAO, RP","  80.8"," 8","  76.3"," 8","1010.2"," 8","005.7"," 8","  8.7"," 8","  3.9"," 8","  5.8","999.9","  88.2"," ","  74.3"," "," 0.68","G","999.9","010010"
"98653099999","2022-04-02","9.7833333","125.4833333","55.0","SURIGAO, RP","  78.1"," 6","  75.7"," 6","1010.0"," 6","005.5"," 6","  7.8"," 6","  4.2"," 6","  7.8","999.9","  84.2"," ","  73.0"," "," 1.06","G","999.9","010000"
"98653099999","2022-04-03","9.7833333","125.4833333","55.0","SURIGAO, RP","  79.6"," 6","  76.1"," 6","1010.4"," 6","005.9"," 6","  7.6"," 6","  5.2"," 6"," 11.7","999.9","  87.1"," ","  72.5"," "," 1.00","G","999.9","010000"
"98653099999","2022-04-04","9.7833333","125.4833333","55.0","SURIGAO, RP","  81.7"," 6","  77.9"," 6","1010.6"," 6","006.1"," 6","  9.0"," 6","  2.3"," 6","  3.9","999.9","  87.8"," ","  71.4"," "," 0.93","G","999.9","010000"
"98653099999","2022-04-05","9.7833333","125.4833333","55.0","SURIGAO, RP","  77.5"," 6","  75.7"," 5","1009.7"," 5","005.2"," 6","  5.3"," 6","  3.6"," 6","  7.8","999.9","  80.6","*","  75.2"," "," 0.30","G","999.9","010000"
"98653099999","2022-04-06","9.7833333","125.4833333","55.0","SURIGAO, RP","  78.8"," 8","  77.0"," 8","1007.4"," 8","002.9"," 8","  7.8"," 8","  4.4"," 8"," 13.6","999.9","  82.4"," ","  68.4"," "," 3.61","G","999.9","010000"
"98653099999","2022-04-07","9.7833333","125.4833333","55.0","SURIGAO, RP","  79.1"," 5","  77.0"," 5","1006.3"," 5","001.8"," 5","  7.0"," 5","  3.1"," 5","  3.9","999.9","  84.2"," ","  71.6"," "," 2.38","G","999.9","010000"
"98653099999","2022-04-08","9.7833333","125.4833333","55.0","SURIGAO, RP","  78.6"," 9","  75.6"," 9","1005.6"," 9","001.3"," 9","  9.0"," 9","  3.7"," 9","  5.8","999.9","  83.8"," ","  72.5"," "," 1.93","G","999.9","010000"
"98653099999","2022-04-09","9.7833333","125.4833333","55.0","SURIGAO, RP","  79.2","19","  75.9","19","1004.1","19","999.6","19","  6.3","19","  7.4","19"," 11.7","999.9","  84.2"," ","  75.6","*"," 0.00","G","999.9","010000"
"98653099999","2022-04-10","9.7833333","125.4833333","55.0","SURIGAO, RP","  78.6","18","  74.4","18","1003.8","18","999.3","18","  7.0","18"," 10.0","18"," 17.5","999.9","  79.5","*","  77.0","*"," 0.28","A","999.9","010000"
"98653099999","2022-04-11","9.7833333","125.4833333","55.0","SURIGAO, RP","  81.6","18","  74.6","18","1003.7","18","999.2","18","  9.0","18","  9.3","18"," 15.5","999.9","  86.0","*","  74.1"," "," 0.02","A","999.9","010000"
"98653099999","2022-04-12","9.7833333","125.4833333","55.0","SURIGAO, RP","  80.5"," 8","  75.7"," 8","1004.5"," 8","000.1"," 8","  8.1"," 8","  8.3"," 8","  9.7","999.9","  85.1"," ","  76.3","*"," 0.51","B","999.9","010000"
"98653099999","2022-04-13","9.7833333","125.4833333","55.0","SURIGAO, RP","  81.0"," 8","  74.9"," 8","1006.3"," 8","001.8"," 8","  9.8"," 8","  4.9"," 8","  9.7","999.9","  87.8"," ","  72.0"," "," 0.00","I","999.9","000000"
"98653099999","2022-04-14","9.7833333","125.4833333","55.0","SURIGAO, RP","  81.4"," 6","  75.2"," 6","1007.9"," 6","003.4"," 6"," 11.0"," 6","  4.5"," 6","  7.8","999.9","  87.6"," ","  72.5"," "," 0.00","I","999.9","000000"
"98653099999","2022-04-15","9.7833333","125.4833333","55.0","SURIGAO, RP","  83.9"," 6","  76.8"," 6","1008.7"," 6","004.2"," 6"," 10.3"," 6","  2.9"," 6","  5.8","999.9","  91.4"," ","  76.6"," "," 0.00","I","999.9","000000"
"98653099999","2022-04-16","9.7833333","125.4833333","55.0","SURIGAO, RP","  83.0"," 6","  76.6"," 6","1008.8"," 5","004.5"," 6","  9.2"," 6","  2.9"," 6","  3.9","999.9","  88.2"," ","  79.9","*"," 0.00","B","999.9","010000"
"98653099999","2022-04-17","9.7833333","125.4833333","55.0","SURIGAO, RP","  83.5"," 6","  76.7"," 6","1010.3"," 6","005.8"," 6"," 10.0"," 6","  4.9"," 6","  7.8","999.9","  91.4"," ","  77.4"," "," 0.00","G","999.9","010000"
"98653099999","2022-04-18","9.7833333","125.4833333","55.0","SURIGAO, RP","  83.0"," 7","  75.7"," 7","1010.4"," 7","005.9"," 7"," 12.1"," 7","  7.8"," 7","  9.7","999.9","  89.2"," ","  76.1"," "," 0.66","G","999.9","010000"
"98653099999","2022-04-19","9.7833333","125.4833333","55.0","SURIGAO, RP","  82.5"," 6","  76.2"," 6","1010.6"," 6","006.1"," 6","  8.6"," 6","  7.8"," 6"," 11.7","999.9","  88.7"," ","  76.1"," "," 0.07","G","999.9","010000"
"98653099999","2022-04-20","9.7833333","125.4833333","55.0","SURIGAO, RP","  82.1"," 7","  77.5"," 7","1010.2"," 7","005.7"," 7"," 10.0"," 7","  5.8"," 7","  7.8","999.9","  88.0"," ","  75.9"," "," 1.24","G","999.9","010000"
"98653099999","2022-04-21","9.7833333","125.4833333","55.0","SURIGAO, RP","  82.4"," 6","  77.8"," 6","1010.6"," 6","006.1"," 6"," 10.9"," 6","  4.5"," 6","  7.8","999.9","  89.6"," ","  75.2"," "," 0.04","G","999.9","000000"
"98653099999","2022-04-22","9.7833333","125.4833333","55.0","SURIGAO, RP","  83.2"," 6","  78.0"," 6","1010.3"," 6","005.8"," 6","  9.8"," 6","  4.9"," 6","  7.8","999.9","  88.7"," ","  77.0"," "," 0.37","G","999.9","010000"
"98653099999","2022-04-23","9.7833333","125.4833333","55.0","SURIGAO, RP","  83.8"," 6","  78.3"," 6","1009.4"," 6","004.9"," 6"," 10.1"," 6","  3.9"," 6","  5.8","999.9","  89.6"," ","  77.7"," "," 0.02","G","999.9","010000"
"98653099999","2022-04-24","9.7833333","125.4833333","55.0","SURIGAO, RP","  84.0"," 6","  78.7"," 6","1008.5"," 6","003.9"," 6"," 11.2"," 6","  3.9"," 6","  5.8","999.9","  88.3"," ","  77.4"," "," 0.01","G","999.9","010000"
"98653099999","2022-04-25","9.7833333","125.4833333","55.0","SURIGAO, RP","  83.7"," 6","  78.1"," 6","1008.0"," 6","003.5"," 6"," 10.9"," 6","  6.8"," 6"," 13.6","999.9","  90.1"," ","  77.0"," "," 0.02","G","999.9","010000"
"98653099999","2022-04-26","9.7833333","125.4833333","55.0","SURIGAO, RP","  80.2"," 8","  77.6"," 8","1007.7"," 8","003.2"," 8","  8.4"," 8","  5.3"," 8"," 13.6","999.9","  86.4"," ","  74.8"," "," 0.51","G","999.9","010010"
"98653099999","2022-04-27","9.7833333","125.4833333","55.0","SURIGAO, RP","  81.2"," 6","  75.9"," 6","1008.7"," 6","004.2"," 6"," 10.1"," 6","  7.8"," 6"," 11.7","999.9","  88.0"," ","  75.2"," "," 1.30","G","999.9","010000"
"98653099999","2022-04-28","9.7833333","125.4833333","55.0","SURIGAO, RP","  80.6"," 8","  77.0"," 8","1010.1"," 8","005.6"," 8","  9.8"," 8","  4.9"," 8","  7.8","999.9","  83.8"," ","  73.4"," "," 0.61","G","999.9","010000"
"98653099999","2022-04-29","9.7833333","125.4833333","55.0","SURIGAO, RP","  81.7"," 7","  76.7"," 7","1010.2"," 7","005.7"," 7"," 10.3"," 7","  4.4"," 7","  9.7","999.9","  89.2"," ","  76.6"," "," 0.17","G","999.9","010000"
"98653099999","2022-04-30","9.7833333","125.4833333","55.0","SURIGAO, RP","  81.6"," 6","  77.0"," 6","1010.0"," 6","005.5"," 6"," 10.7"," 6","  3.2"," 6","  3.9","999.9","  86.4"," ","  76.6"," "," 0.00","G","999.9","010000"
"98653099999","2022-05-01","9.7833333","125.4833333","55.0","SURIGAO, RP","  79.8"," 7","  76.5"," 7","1008.7"," 7","004.2"," 7","  8.6"," 7","  5.3"," 7","  9.7","999.9","  86.0"," ","  77.0"," "," 0.32","G","999.9","010000"
"98653099999","2022-05-02","9.7833333","125.4833333","55.0","SURIGAO, RP","  78.2"," 7","  76.6"," 7","1009.0"," 7","004.5"," 7","  9.4"," 7","  5.6"," 7","  9.7","999.9","  82.4"," ","  76.6"," "," 0.92","G","999.9","010000"
"98653099999","2022-05-03","9.7833333","125.4833333","55.0","SURIGAO, RP","  78.8"," 7","  75.4"," 7","1009.8"," 7","005.3"," 7","  9.9"," 7","  3.9"," 7","  5.8","999.9","  82.4"," ","  74.5"," "," 1.14","G","999.9","010000"
"98653099999","2022-05-04","9.7833333","125.4833333","55.0","SURIGAO, RP","  81.5"," 6","  77.7"," 6","1009.5"," 6","005.0"," 6","  8.0"," 6","  7.8"," 6"," 11.7","999.9","  88.5"," ","  74.8"," "," 0.12","G","999.9","010010"
"98653099999","2022-05-05","9.7833333","125.4833333","55.0","SURIGAO, RP","  78.4"," 7","  76.8"," 7","1009.7"," 7","005.2"," 7","  7.2"," 7","  4.4"," 7","  7.8","999.9","  82.4"," ","  73.4"," "," 5.39","G","999.9","010000"
"98653099999","2022-05-06","9.7833333","125.4833333","55.0","SURIGAO, RP","  83.1"," 6","  78.1"," 6","1009.2"," 6","004.7"," 6","  9.5"," 6","  6.5"," 6","  9.7","999.9","  89.6"," ","  75.2"," "," 0.43","G","999.9","010000"
"98653099999","2022-05-07","9.7833333","125.4833333","55.0","SURIGAO, RP","  81.3"," 7","  77.9"," 7","1009.0"," 7","004.5"," 7","  8.5"," 7","  6.1"," 7","  7.8","999.9","  85.5"," ","  75.6"," "," 0.50","G","999.9","010000"
"98653099999","2022-05-08","9.7833333","125.4833333","55.0","SURIGAO, RP","  82.3"," 6","  78.0"," 6","1008.7"," 6","004.2"," 6","  6.9"," 6"," 11.0"," 6"," 17.5","999.9","  86.0"," ","  76.3"," "," 0.39","G","999.9","010000"
"98653099999","2022-05-09","9.7833333","125.4833333","55.0","SURIGAO, RP","  79.9"," 8","  77.4"," 8","1009.1"," 8","004.6"," 8","  8.9"," 8","  4.4"," 8","  7.8","999.9","  85.6"," ","  77.0"," "," 0.95","G","999.9","010000"
"98653099999","2022-05-10","9.7833333","125.4833333","55.0","SURIGAO, RP","  80.8"," 7","  77.4"," 6","1009.5"," 7","005.0"," 7","  8.9"," 7","  3.9"," 7","  7.8","999.9","  87.8"," ","  72.7"," "," 0.82","G","999.9","010000"
"98653099999","2022-05-11","9.7833333","125.4833333","55.0","SURIGAO, RP","  83.1"," 8","  76.8"," 8","1009.3"," 8","004.8"," 8"," 11.4"," 8","  6.6"," 8","  7.8","999.9","  89.8"," ","  75.7"," "," 0.04","G","999.9","000000"
"98653099999","2022-05-12","9.7833333","125.4833333","55.0","SURIGAO, RP","  82.2"," 6","  77.8"," 6","1008.4"," 6","003.9"," 6"," 11.1"," 6","  7.4"," 6","  9.7","999.9","  89.6"," ","  77.7","*"," 0.00","G","999.9","010000"
"98653099999","2022-05-13","9.7833333","125.4833333","55.0","SURIGAO, RP","  82.7"," 7","  77.1"," 7","1010.1"," 7","005.6"," 7"," 11.2"," 7","  5.8"," 7","  9.7","999.9","  87.8"," ","  75.0"," "," 0.22","G","999.9","010000"
"98653099999","2022-05-14","9.7833333","125.4833333","55.0","SURIGAO, RP","  82.5"," 6","  77.3"," 6","1011.3"," 6","006.8"," 6","  9.9"," 6","  5.2"," 6","  7.8","999.9","  89.6"," ","  77.2","*"," 0.00","G","999.9","010010"
"98653099999","2022-05-15","9.7833333","125.4833333","55.0","SURIGAO, RP","  80.1"," 6","  77.7"," 6","1011.3"," 6","006.8"," 6","  9.6"," 6","  4.5"," 6","  5.8","999.9","  82.4"," ","  73.8"," "," 1.93","G","999.9","010000"
"98653099999","2022-05-16","9.7833333","125.4833333","55.0","SURIGAO, RP","  83.7"," 6","  76.9"," 6","1010.2"," 6","005.7"," 6"," 12.0"," 6","  6.5"," 6","  9.7","999.9","  89.2"," ","  75.4"," "," 0.01","G","999.9","000000"
"98653099999","2022-05-17","9.7833333","125.4833333","55.0","SURIGAO, RP","  83.8"," 8","  77.0"," 8","1010.9"," 8","006.4"," 8"," 13.1"," 8","  4.4"," 8","  9.7","999.9","  91.4"," ","  76.6"," "," 0.00","G","999.9","000000"
"98653099999","2022-05-18","9.7833333","125.4833333","55.0","SURIGAO, RP","  84.6"," 7","  77.5"," 7","1012.0"," 7","007.5"," 7"," 11.9"," 7","  7.2"," 7","  9.7","999.9","  90.3"," ","  75.6"," "," 0.35","A","999.9","010000"
"98653099999","2022-05-19","9.7833333","125.4833333","55.0","SURIGAO, RP","  82.7"," 6","  77.7"," 6","1011.7"," 6","007.2"," 6"," 10.7"," 6","  7.1"," 6"," 13.6","999.9","  86.2"," ","  75.4"," "," 0.00","B","999.9","010000"
"98653099999","2022-05-20","9.7833333","125.4833333","55.0","SURIGAO, RP","  83.6"," 7","  77.5"," 7","1009.6"," 7","005.1"," 7"," 11.8"," 7","  5.8"," 7","  9.7","999.9","  89.6"," ","  74.3"," "," 0.00","G","999.9","000000"
"98653099999","2022-05-21","9.7833333","125.4833333","55.0","SURIGAO, RP","  84.0"," 6","  77.4"," 6","1009.1"," 6","004.6"," 6"," 11.3"," 6","  2.9"," 6","  5.8","999.9","  91.4"," ","  76.5"," "," 0.00","I","999.9","000000"
"98653099999","2022-05-22","9.7833333","125.4833333","55.0","SURIGAO, RP","  82.6"," 6","  76.8"," 6","1008.7"," 6","004.2"," 6"," 10.3"," 6","  2.9"," 6","  3.9","999.9","  91.8"," ","  75.9"," "," 0.16","A","999.9","010000"
"98653099999","2022-05-23","9.7833333","125.4833333","55.0","SURIGAO, RP","  85.0"," 6","  77.4"," 6","1010.5"," 6","006.0"," 6"," 12.7"," 6","  3.6"," 6","  5.8","999.9","  89.2"," ","  76.6"," "," 0.00","I","999.9","000000"
"98653099999","2022-05-24","9.7833333","125.4833333","55.0","SURIGAO, RP","  81.6"," 7","  76.9"," 7","1011.6"," 7","007.1"," 7"," 10.6"," 7","  3.9"," 7","  5.8","999.9","  91.4"," ","  76.1"," "," 0.00","A","999.9","000000"
"98653099999","2022-05-25","9.7833333","125.4833333","55.0","SURIGAO, RP","  84.0"," 6","  77.0"," 6","1010.0"," 6","005.5"," 6"," 11.9"," 6","  5.8"," 6","  9.7","999.9","  90.9"," ","  75.9"," "," 0.00","G","999.9","000000"
"98653099999","2022-05-26","9.7833333","125.4833333","55.0","SURIGAO, RP","  81.7"," 6","  76.9"," 6","1008.9"," 6","004.4"," 6"," 10.1"," 6","  3.6"," 6","  5.8","999.9","  90.5"," ","  77.0","*"," 0.00","G","999.9","010010"
"98653099999","2022-05-27","9.7833333","125.4833333","55.0","SURIGAO, RP","  82.0"," 6","  77.5"," 6","1009.3"," 6","004.8"," 6","  9.3"," 6","  4.2"," 6","  9.7","999.9","  87.8"," ","  75.2"," "," 0.04","G","999.9","010000"
"98653099999","2022-05-28","9.7833333","125.4833333","55.0","SURIGAO, RP","  81.9"," 6","  77.2"," 6","1010.3"," 6","005.8"," 6","  8.7"," 6","  3.2"," 6","  5.8","999.9","  88.7"," ","  76.1"," "," 0.09","G","999.9","010000"
"98653099999","2022-05-29","9.7833333","125.4833333","55.0","SURIGAO, RP","  83.8"," 6","  76.4"," 6","1009.5"," 6","005.0"," 6"," 10.0"," 6","  4.2"," 6","  7.8","999.9","  91.4"," ","  77.0"," "," 0.00","G","999.9","000000"
"98653099999","2022-05-30","9.7833333","125.4833333","55.0","SURIGAO, RP","  76.1"," 5","  73.2"," 5","1009.2"," 5","004.7"," 5","  8.8"," 5","  2.7"," 5","  5.8","999.9","  80.6"," ","  75.2","*"," 0.49","G","999.9","010000"
"98653099999","2022-05-31","9.7833333","125.4833333","55.0","SURIGAO, RP","  82.2"," 7","  75.9"," 7","1008.5"," 7","004.0"," 7"," 11.1"," 7","  3.6"," 7","  5.8","999.9","  87.8"," ","  73.4"," "," 1.09","G","999.9","000000"
"98653099999","2022-06-01","9.7833333","125.4833333","55.0","SURIGAO, RP","  84.9"," 6","  77.4"," 6","1008.9"," 6","004.4"," 6"," 11.4"," 6","  4.9"," 6","  9.7","999.9","  91.4"," ","  74.5"," "," 0.00","G","999.9","000000"
"98653099999","2022-06-02","9.7833333","125.4833333","55.0","SURIGAO, RP","  82.8"," 8","  77.0"," 8","1010.0"," 8","005.5"," 8"," 10.5"," 8","  4.1"," 8","  7.8","999.9","  91.9"," ","  76.8","*"," 0.00","I","999.9","000010"
"98653099999","2022-06-03","9.7833333","125.4833333","55.0","SURIGAO, RP","  84.4"," 6","  76.8"," 6","1010.3"," 6","005.8"," 6"," 10.7"," 6","  4.9"," 6","  7.8","999.9","  91.4"," ","  75.9"," "," 0.04","A","999.9","000010"
"98653099999","2022-06-04","9.7833333","125.4833333","55.0","SURIGAO, RP","  82.7"," 6","  77.0"," 6","1009.5"," 6","005.0"," 6","  9.4"," 6","  2.3"," 6","  3.9","999.9","  90.1"," ","  77.2"," "," 0.01","A","999.9","010000"
"98653099999","2022-06-05","9.7833333","125.4833333","55.0","SURIGAO, RP","  81.2"," 6","  76.6"," 6","1009.3"," 6","004.8"," 6","  9.7"," 6","  2.3"," 6","  3.9","999.9","  88.2"," ","  77.0"," ","99.99"," ","999.9","010000"
"98653099999","2022-06-06","9.7833333","125.4833333","55.0","SURIGAO, RP","  84.7"," 6","  77.2"," 6","1008.5"," 6","004.0"," 6"," 12.0"," 6","  3.6"," 6","  7.8","999.9","  92.8"," ","  75.2"," "," 0.00","I","999.9","000000"
"98653099999","2022-06-07","9.7833333","125.4833333","55.0","SURIGAO, RP","  85.5"," 6","  76.4"," 6","1009.2"," 6","004.7"," 6","  9.8"," 6","  1.9"," 6","  7.8","999.9","  93.2"," ","  79.9","*"," 0.00","I","999.9","000000"
"98653099999","2022-06-08","9.7833333","125.4833333","55.0","SURIGAO, RP","  84.4"," 6","  76.7"," 6","1009.6"," 6","005.1"," 6","  9.6"," 6","  3.9"," 6","  5.8","999.9","  92.1"," ","  77.0"," "," 0.02","B","999.9","000010"
"98653099999","2022-06-09","9.7833333","125.4833333","55.0","SURIGAO, RP","  83.5"," 7","  77.1"," 7","1008.9"," 7","004.4"," 7"," 11.8"," 7","  6.1"," 7","  9.7","999.9","  91.4"," ","  77.0"," "," 0.00","I","999.9","000000"
"98653099999","2022-06-10","9.7833333","125.4833333","55.0","SURIGAO, RP","  83.3"," 7","  76.9"," 7","1009.2"," 7","004.7"," 7"," 11.7"," 7","  2.8"," 7","  5.8","999.9","  91.4"," ","  77.2"," "," 0.00","B","999.9","010000"
"98653099999","2022-06-11","9.7833333","125.4833333","55.0","SURIGAO, RP","  83.5"," 6","  77.7"," 6","1010.1"," 6","005.6"," 6"," 11.2"," 6","  2.6"," 6","  3.9","999.9","  91.4"," ","  77.9"," "," 0.00","G","999.9","010000"
"98653099999","2022-06-12","9.7833333","125.4833333","55.0","SURIGAO, RP","  85.6"," 5","  77.9"," 5","1009.7"," 5","005.2"," 5"," 12.1"," 5","  6.2"," 5","  9.7","999.9","  91.4"," ","  77.4"," "," 0.00","G","999.9","000000"
"98653099999","2022-06-13","9.7833333","125.4833333","55.0","SURIGAO, RP","  85.4"," 6","  77.8"," 6","1009.6"," 6","005.1"," 6"," 13.4"," 6","  5.2"," 6"," 11.7","999.9","  91.4"," ","  78.1"," "," 0.03","G","999.9","000000"
"98653099999","2022-06-14","9.7833333","125.4833333","55.0","SURIGAO, RP","  79.8"," 5","  75.9"," 5","1011.2"," 5","006.7"," 5","  9.3"," 5","  1.2"," 5","  3.9","999.9","  84.2","*","  76.1"," "," 0.12","G","999.9","010000"
"98653099999","2022-06-15","9.7833333","125.4833333","55.0","SURIGAO, RP","  83.1"," 7","  76.1"," 7","1011.1"," 6","006.5"," 7"," 11.8"," 7","  4.4"," 7","  9.7","999.9","  95.0"," ","  74.3"," "," 0.20","G","999.9","000000"
"98653099999","2022-06-16","9.7833333","125.4833333","55.0","SURIGAO, RP","  82.7"," 7","  77.1"," 7","1010.4"," 7","005.9"," 7","  9.9"," 7","  2.8"," 7","  7.8","999.9","  91.4"," ","  75.9"," "," 0.00","G","999.9","010000"
"98653099999","2022-06-17","9.7833333","125.4833333","55.0","SURIGAO, RP","  82.1"," 5","  76.4"," 5","1009.5"," 5","005.0"," 5"," 10.7"," 5","  3.5"," 5","  9.7","999.9","  86.9","*","  75.2"," "," 0.07","G","999.9","000000"
"98653099999","2022-06-18","9.7833333","125.4833333","55.0","SURIGAO, RP","  85.1"," 6","  77.5"," 6","1009.4"," 6","004.9"," 6"," 12.4"," 6","  3.6"," 6","  9.7","999.9","  91.4"," ","  76.1"," "," 0.00","G","999.9","000000"
"98653099999","2022-06-19","9.7833333","125.4833333","55.0","SURIGAO, RP","  84.0"," 6","  77.6"," 6","1008.9"," 6","004.4"," 6"," 10.3"," 6","  4.2"," 6","  9.7","999.9","  93.2"," ","  77.0"," "," 0.00","I","999.9","000000"
"98653099999","2022-06-20","9.7833333","125.4833333","55.0","SURIGAO, RP","  85.5"," 6","  76.6"," 6","1007.2"," 6","002.8"," 6"," 12.2"," 6","  3.6"," 6","  7.8","999.9","  91.4"," ","  77.5"," "," 0.00","I","999.9","000000"
"98653099999","2022-06-21","9.7833333","125.4833333","55.0","SURIGAO, RP","  81.7"," 8","  76.3"," 8","1008.7"," 8","004.2"," 8","  9.8"," 8","  1.2"," 8","  5.8","999.9","  95.0"," ","  76.3"," "," 0.00","I","999.9","000010"
"98653099999","2022-06-22","9.7833333","125.4833333","55.0","SURIGAO, RP","  77.1"," 6","  73.8"," 6","1010.9"," 6","006.4"," 6","  9.4"," 6","  4.2"," 6","  9.7","999.9","  80.6"," ","  72.5"," "," 0.10","G","999.9","010000"
"98653099999","2022-06-23","9.7833333","125.4833333","55.0","SURIGAO, RP","  82.8"," 5","  76.7"," 5","1010.6"," 5","006.1"," 5"," 10.3"," 5","  4.3"," 5","  9.7","999.9","  93.2"," ","  73.4"," "," 0.04","G","999.9","000000"
"98653099999","2022-06-24","9.7833333","125.4833333","55.0","SURIGAO, RP","  85.4"," 6","  76.0"," 6","1008.8"," 6","004.3"," 6"," 12.4"," 6","  5.8"," 6","  9.7","999.9","  93.2"," ","  76.6"," "," 0.00","G","999.9","000000"
"98653099999","2022-06-25","9.7833333","125.4833333","55.0","SURIGAO, RP","  80.7"," 7","  77.0"," 7","1008.1"," 7","003.6"," 7","  8.3"," 7","  3.6"," 7","  7.8","999.9","  90.3"," ","  76.6"," "," 0.08","B","999.9","010010"
"98653099999","2022-06-26","9.7833333","125.4833333","55.0","SURIGAO, RP","  83.2"," 7","  77.3"," 7","1008.2"," 7","003.7"," 7"," 11.6"," 7","  3.6"," 7","  5.8","999.9","  91.4"," ","  75.2"," "," 0.00","A","999.9","000000"
"98653099999","2022-06-27","9.7833333","125.4833333","55.0","SURIGAO, RP","  80.8"," 7","  75.6"," 7","1008.3"," 7","003.8"," 7"," 10.7"," 7","  5.0"," 7","  9.7","999.9","  91.4"," ","  76.1","*"," 0.00","G","999.9","010010"
"98653099999","2022-06-28","9.7833333","125.4833333","55.0","SURIGAO, RP","  82.1"," 7","  76.2"," 7","1007.1"," 7","002.6"," 7"," 10.6"," 7","  4.7"," 7","  9.7","999.9","  93.2"," ","  75.2"," "," 0.35","G","999.9","000010"
"98653099999","2022-06-29","9.7833333","125.4833333","55.0","SURIGAO, RP","  83.3"," 8","  77.6"," 8","1006.5"," 8","002.0"," 8"," 11.0"," 8","  1.5"," 8","  3.9","999.9","  90.5"," ","  71.6"," "," 0.08","G","999.9","010000"
"98653099999","2022-06-30","9.7833333","125.4833333","55.0","SURIGAO, RP","  83.7"," 8","  77.2"," 8","1007.5"," 8","003.0"," 8"," 10.4"," 8","  4.1"," 8","  9.7","999.9","  91.8"," ","  73.4"," "," 0.09","G","999.9","000000"
"98653099999","2022-07-01","9.7833333","125.4833333","55.0","SURIGAO, RP","  85.4"," 6","  77.2"," 6","1008.4"," 6","004.6"," 5"," 10.3"," 6","  2.3"," 6","  5.8","999.9","  93.2"," ","  76.1"," "," 0.00","G","999.9","000000"
"98653099999","2022-07-02","9.7833333","125.4833333","55.0","SURIGAO, RP","  83.3"," 6","  76.9"," 6","1009.4"," 6","004.9"," 6","  9.0"," 6","  4.2"," 6","  9.7","999.9","  86.9"," ","  76.8"," "," 0.00","G","999.9","000000"
"98653099999","2022-07-03","9.7833333","125.4833333","55.0","SURIGAO, RP","  81.4"," 7","  77.0"," 7","1007.9"," 7","003.4"," 7"," 10.0"," 7","  3.9"," 7","  9.7","999.9","  86.5"," ","  75.7"," "," 0.01","G","999.9","010000"
"98653099999","2022-07-04","9.7833333","125.4833333","55.0","SURIGAO, RP","  81.8"," 6","  78.1"," 6","1007.9"," 6","003.4"," 6"," 10.9"," 6","  2.3"," 6","  5.8","999.9","  87.8"," ","  74.5"," "," 0.08","G","999.9","010000"
"98653099999","2022-07-05","9.7833333","125.4833333","55.0","SURIGAO, RP","  85.4"," 5","  76.6"," 4","1008.3"," 5","003.8"," 5"," 10.9"," 5","  3.5"," 5","  9.7","999.9","  90.0","*","  75.2"," "," 0.00","G","999.9","000000"
"98653099999","2022-07-06","9.7833333","125.4833333","55.0","SURIGAO, RP","  82.3"," 7","  77.0"," 7","1008.5"," 7","004.0"," 7"," 10.9"," 7","  3.6"," 7","  5.8","999.9","  89.6"," ","  76.6","*"," 0.22","B","999.9","010000"
"98653099999","2022-07-07","9.7833333","125.4833333","55.0","SURIGAO, RP","  84.2"," 6","  77.5"," 6","1008.4"," 6","003.9"," 6"," 11.5"," 6","  4.2"," 6","  7.8","999.9","  90.5"," ","  75.2"," "," 0.98","G","999.9","000000"
"98653099999","2022-07-08","9.7833333","125.4833333","55.0","SURIGAO, RP","  82.8"," 7","  76.6"," 7","1007.2"," 7","002.7"," 7","  9.3"," 7","  4.4"," 7","  7.8","999.9","  88.7"," ","  77.0"," "," 0.00","G","999.9","000000"
"98653099999","2022-07-09","9.7833333","125.4833333","55.0","SURIGAO, RP","  84.1"," 6","  76.9"," 6","1007.3"," 6","002.8"," 6","  9.5"," 6","  5.5"," 6","  9.7","999.9","  87.8"," ","  77.4"," "," 0.00","I","999.9","000000"
"98653099999","2022-07-10","9.7833333","125.4833333","55.0","SURIGAO, RP","  83.9"," 6","  77.6"," 6","1008.0"," 6","003.5"," 6","  9.2"," 6","  4.9"," 6","  9.7","999.9","  89.6"," ","  77.9"," "," 0.00","C","999.9","010000"
"98653099999","2022-07-11","9.7833333","125.4833333","55.0","SURIGAO, RP","  83.2"," 6","  75.1"," 6","1009.0"," 6","004.5"," 6"," 11.7"," 6","  3.6"," 6","  3.9","999.9","  91.4"," ","  77.4"," "," 0.03","G","999.9","000000"
"98653099999","2022-07-12","9.7833333","125.4833333","55.0","SURIGAO, RP","  84.9"," 6","  77.1"," 6","1008.5"," 6","004.0"," 6"," 11.2"," 6","  1.9"," 6","  3.9","999.9","  93.2"," ","  75.2"," "," 0.06","G","999.9","000000"
"98653099999","2022-07-13","9.7833333","125.4833333","55.0","SURIGAO, RP","  84.9"," 6","  78.0"," 6","1008.7"," 6","004.2"," 6"," 11.6"," 6","  1.3"," 6","  3.9","999.9","  93.2"," ","  77.0"," "," 0.00","G","999.9","000000"
"98653099999","2022-07-14","9.7833333","125.4833333","55.0","SURIGAO, RP","  85.9"," 6","  77.4"," 6","1008.6"," 6","004.1"," 6"," 11.2"," 6","  5.8"," 6","  9.7","999.9","  94.1"," ","  76.6"," "," 0.20","A","999.9","000000"
"98653099999","2022-07-15","9.7833333","125.4833333","55.0","SURIGAO, RP","  84.1"," 7","  76.9"," 7","1008.8"," 7","004.3"," 7"," 11.0"," 7","  2.8"," 7","  3.9","999.9","  88.7"," ","  75.9"," "," 0.00","I","999.9","000000"
"98653099999","2022-07-16","9.7833333","125.4833333","55.0","SURIGAO, RP","  84.0"," 7","  77.1"," 7","1008.9"," 7","004.4"," 7"," 10.6"," 7","  3.3"," 7","  9.7","999.9","  91.4"," ","  77.9"," "," 0.00","A","999.9","000010"
"98653099999","2022-07-17","9.7833333","125.4833333","55.0","SURIGAO, RP","  83.6"," 6","  77.4"," 6","1008.8"," 6","004.2"," 6","  9.3"," 6","  4.5"," 6"," 11.7","999.9","  91.4"," ","  75.2","*"," 0.00","G","999.9","010010"
"98653099999","2022-07-18","9.7833333","125.4833333","55.0","SURIGAO, RP","  79.5"," 8","  76.0"," 8","1008.9"," 8","004.4"," 8"," 11.5"," 8","  3.6"," 8","  9.7","999.9","  86.4","*","  72.0"," "," 1.00","G","999.9","010000"
"98653099999","2022-07-19","9.7833333","125.4833333","55.0","SURIGAO, RP","  84.1"," 6","  77.0"," 6","1009.4"," 5","004.9"," 5"," 12.2"," 6","  4.5"," 6","  9.7","999.9","  89.6"," ","  73.4"," "," 0.03","G","999.9","000000"
"98653099999","2022-07-20","9.7833333","125.4833333","55.0","SURIGAO, RP","  82.0"," 7","  77.8"," 7","1009.6"," 7","005.1"," 7","  9.9"," 7","  3.9"," 7","  9.7","999.9","  87.8"," ","  77.0"," "," 0.09","G","999.9","010000"
"98653099999","2022-07-21","9.7833333","125.4833333","55.0","SURIGAO, RP","  82.8"," 8","  77.3"," 8","1009.8"," 8","005.4"," 8"," 11.9"," 8","  2.9"," 8","  9.7","999.9","  91.4"," ","  76.1","*"," 0.02","G","999.9","010000"
"98653099999","2022-07-22","9.7833333","125.4833333","55.0","SURIGAO, RP","  80.8"," 6","  77.0"," 6","1009.8"," 6","005.2"," 6"," 10.4"," 6","  3.6"," 6","  9.7","999.9","  87.8"," ","  74.3"," "," 0.28","G","999.9","010010"
"98653099999","2022-07-23","9.7833333","125.4833333","55.0","SURIGAO, RP","  84.5"," 6","  76.5"," 6","1008.6"," 6","004.1"," 6"," 11.6"," 6","  2.3"," 6","  3.9","999.9","  91.4"," ","  71.6"," "," 2.69","G","999.9","000000"
"98653099999","2022-07-24","9.7833333","125.4833333","55.0","SURIGAO, RP","  82.7"," 6","  77.3"," 6","1007.5"," 6","003.0"," 6"," 10.3"," 6","  2.6"," 6","  3.9","999.9","  86.4","*","  77.4"," "," 0.00","G","999.9","000000"
"98653099999","2022-07-25","9.7833333","125.4833333","55.0","SURIGAO, RP","  81.8"," 6","  76.9"," 6","1008.2"," 6","003.7"," 6"," 12.0"," 6","  2.9"," 6","  9.7","999.9","  90.5"," ","  76.3"," "," 0.00","G","999.9","010000"
"98653099999","2022-07-26","9.7833333","125.4833333","55.0","SURIGAO, RP","  84.7"," 6","  77.5"," 6","1008.3"," 6","003.8"," 6"," 11.4"," 6","  2.6"," 6","  5.8","999.9","  95.0"," ","  74.3"," "," 0.00","G","999.9","000000"
"98653099999","2022-07-27","9.7833333","125.4833333","55.0","SURIGAO, RP","  84.6"," 8","  76.4"," 8","1007.9"," 8","003.4"," 8"," 10.7"," 8","  2.4"," 8","  5.8","999.9","  92.8"," ","  75.2"," "," 0.00","I","999.9","000000"
"98653099999","2022-07-28","9.7833333","125.4833333","55.0","SURIGAO, RP","  84.3"," 7","  76.9"," 7","1007.2"," 7","002.7"," 7"," 10.4"," 7","  2.5"," 7","  3.9","999.9","  92.1"," ","  75.6"," "," 0.00","G","999.9","000000"
"98653099999","2022-07-29","9.7833333","125.4833333","55.0","SURIGAO, RP","  82.9"," 6","  76.4"," 6","1007.2"," 6","002.8"," 6","  9.3"," 6","  3.9"," 6","  5.8","999.9","  89.2","*","  77.0"," "," 0.02","G","999.9","010000"
"98653099999","2022-07-30","9.7833333","125.4833333","55.0","SURIGAO, RP","  83.5"," 8","  77.2"," 8","1008.1"," 8","003.6"," 8","  9.3"," 8","  3.6"," 8","  5.8","999.9","  91.4"," ","  77.7"," "," 0.00","G","999.9","000000"
"98653099999","2022-07-31","9.7833333","125.4833333","55.0","SURIGAO, RP","  82.4"," 6","  75.9"," 6","1008.9"," 6","004.4"," 6","  9.8"," 6","  3.6"," 6","  9.7","999.9","  88.7"," ","  75.6"," "," 0.00","C","999.9","010000"
"98653099999","2022-08-01","9.7833333","125.4833333","55.0","SURIGAO, RP","  82.9"," 5","  76.0"," 5","1009.4"," 5","004.9"," 5"," 10.6"," 5","  5.4"," 5","  7.8","999.9","  91.4"," ","  76.3"," "," 0.00","G","999.9","000000"
"98653099999","2022-08-02","9.7833333","125.4833333","55.0","SURIGAO, RP","  82.7"," 8","  76.5"," 8","1009.7"," 8","005.2"," 8","  9.8"," 8","  4.9"," 8","  9.7","999.9","  89.6"," ","  76.1"," "," 0.24","A","999.9","010000"
"98653099999","2022-08-03","9.7833333","125.4833333","55.0","SURIGAO, RP","  83.4"," 6","  76.7"," 6","1008.8"," 6","004.3"," 6"," 11.2"," 6","  6.5"," 6","  9.7","999.9","  89.6"," ","  75.2"," "," 0.00","C","999.9","010000"
"98653099999","2022-08-04","9.7833333","125.4833333","55.0","SURIGAO, RP","  80.7"," 5","  76.5"," 5","1009.0"," 5","004.5"," 5","  8.9"," 5","  3.5"," 5","  7.8","999.9","  91.0"," ","  75.2"," "," 0.11","G","999.9","010000"
"98653099999","2022-08-05","9.7833333","125.4833333","55.0","SURIGAO, RP","  80.8"," 6","  76.1"," 6","1009.3"," 6","004.8"," 6","  8.1"," 6","  3.6"," 6","  9.7","999.9","  87.8"," ","  75.2"," "," 0.00","G","999.9","010000"
"98653099999","2022-08-06","9.7833333","125.4833333","55.0","SURIGAO, RP","  81.8"," 7","  76.9"," 7","1008.2"," 7","003.7"," 7"," 10.5"," 7","  4.7"," 7","  7.8","999.9","  88.2","*","  72.7"," "," 0.83","G","999.9","010000"
"98653099999","2022-08-08","9.7833333","125.4833333","55.0","SURIGAO, RP","  78.2"," 5","  75.5"," 5","1009.2"," 5","004.7"," 5","  7.6"," 5","  2.3"," 5","  3.9","999.9","  89.6"," ","  76.1","*"," 2.09","B","999.9","010000"
"98653099999","2022-08-09","9.7833333","125.4833333","55.0","SURIGAO, RP","  79.9"," 6","  76.2"," 6","1008.6"," 6","004.1"," 6","  8.0"," 6","  2.9"," 6","  5.8","999.9","  84.2"," ","  77.0","*"," 0.08","A","999.9","010000"
"98653099999","2022-08-11","9.7833333","125.4833333","55.0","SURIGAO, RP","  84.0"," 8","  76.8"," 8","1009.5"," 8","005.0"," 8"," 11.8"," 8","  2.2"," 8","  3.9","999.9","  92.3"," ","  74.3"," "," 0.00","I","999.9","000000"
"98653099999","2022-08-12","9.7833333","125.4833333","55.0","SURIGAO, RP","  84.7"," 6","  77.8"," 6","1009.5"," 6","005.0"," 6"," 10.0"," 6","  4.2"," 6","  5.8","999.9","  93.2"," ","  77.0"," "," 0.00","G","999.9","010010"
"98653099999","2022-08-13","9.7833333","125.4833333","55.0","SURIGAO, RP","  82.6"," 6","  77.7"," 6","1008.4"," 6","003.9"," 6","  8.7"," 6","  2.6"," 6","  3.9","999.9","  89.6"," ","  75.0"," "," 0.35","G","999.9","010000"
"98653099999","2022-08-14","9.7833333","125.4833333","55.0","SURIGAO, RP","  81.1"," 7","  76.5"," 7","1008.2"," 7","003.7"," 7","  8.4"," 7","  2.2"," 7","  3.9","999.9","  87.8"," ","  76.3"," "," 0.00","G","999.9","010000"
"98653099999","2022-08-15","9.7833333","125.4833333","55.0","SURIGAO, RP","  83.7"," 6","  74.3"," 6","1009.4"," 6","004.9"," 6"," 11.9"," 6","  3.2"," 6","  5.8","999.9","  90.3","*","  73.4"," "," 0.13","G","999.9","000000"
"98653099999","2022-08-16","9.7833333","125.4833333","55.0","SURIGAO, RP","  84.9"," 6","  77.4"," 6","1009.9"," 6","005.4"," 6"," 10.5"," 6","  2.9"," 6","  3.9","999.9","  93.2"," ","  74.3"," "," 0.00","G","999.9","000000"
"98653099999","2022-08-17","9.7833333","125.4833333","55.0","SURIGAO, RP","  83.4"," 8","  76.1"," 8","1009.9"," 8","005.4"," 8"," 11.1"," 8","  3.4"," 8","  3.9","999.9","  92.8"," ","  74.8"," "," 0.02","A","999.9","010000"
"98653099999","2022-08-18","9.7833333","125.4833333","55.0","SURIGAO, RP","  80.0"," 6","  74.9"," 6","1008.9"," 6","004.9"," 5"," 10.4"," 6","  2.9"," 6","  5.8","999.9","  85.6"," ","  75.2"," "," 0.02","A","999.9","000000"
"98653099999","2022-08-19","9.7833333","125.4833333","55.0","SURIGAO, RP","  81.7"," 6","  76.3"," 6","1009.4"," 6","004.9"," 6","  9.2"," 6","  3.9"," 6","  5.8","999.9","  87.8"," ","  73.8"," "," 0.04","A","999.9","000000"
"98653099999","2022-08-20","9.7833333","125.4833333","55.0","SURIGAO, RP","  83.9"," 6","  76.6"," 6","1009.1"," 6","004.6"," 6"," 11.0"," 6","  2.9"," 6","  3.9","999.9","  93.2"," ","  75.4"," "," 0.02","A","999.9","010010"
"98653099999","2022-08-21","9.7833333","125.4833333","55.0","SURIGAO, RP","  83.4"," 8","  76.8"," 8","1007.7"," 8","003.2"," 8","  9.8"," 8","  2.9"," 8","  5.8","999.9","  91.2"," ","  74.8"," "," 0.04","G","999.9","010010"
"98653099999","2022-08-22","9.7833333","125.4833333","55.0","SURIGAO, RP","  82.6"," 4","  76.6"," 4","1008.3"," 4","003.8"," 4","  9.2"," 4","  3.4"," 4","  3.9","999.9","  91.4"," ","  76.6","*"," 0.00","G","999.9","010010"
"98653099999","2022-08-23","9.7833333","125.4833333","55.0","SURIGAO, RP","  82.7"," 5","  76.2"," 5","1009.1"," 5","004.6"," 5"," 10.8"," 5","  5.4"," 5","  9.7","999.9","  87.8","*","  77.7","*"," 0.00","I","999.9","000000"
"98653099999","2022-08-24","9.7833333","125.4833333","55.0","SURIGAO, RP","  83.3"," 5","  76.9"," 5","1009.7"," 5","005.2"," 5"," 10.3"," 5","  3.1"," 5","  3.9","999.9","  89.6"," ","  78.8","*"," 0.01","A","999.9","010000"
"98653099999","2022-08-25","9.7833333","125.4833333","55.0","SURIGAO, RP","  81.4"," 6","  75.9"," 6","1010.0"," 6","005.5"," 6"," 10.9"," 6","  3.9"," 6","  5.8","999.9","  86.0"," ","  73.9"," "," 0.01","B","999.9","010000"
"98653099999","2022-08-26","9.7833333","125.4833333","55.0","SURIGAO, RP","  82.7"," 5","  76.0"," 5","1009.0"," 5","004.5"," 5"," 11.7"," 5","  5.1"," 5","  7.8","999.9","  87.4","*","  74.7"," "," 0.01","A","999.9","010000"
"98653099999","2022-08-27","9.7833333","125.4833333","55.0","SURIGAO, RP","  85.3"," 6","  76.2"," 6","1007.4"," 6","002.9"," 6"," 13.5"," 6","  2.9"," 6","  3.9","999.9","  92.1"," ","  76.3"," "," 0.00","I","999.9","000000"
"98653099999","2022-08-28","9.7833333","125.4833333","55.0","SURIGAO, RP","  85.4"," 6","  77.5"," 6","1008.5"," 6","004.0"," 6"," 10.8"," 6","  2.6"," 6","  5.8","999.9","  91.4"," ","  73.4"," "," 0.00","I","999.9","000000"
"98653099999","2022-08-29","9.7833333","125.4833333","55.0","SURIGAO, RP","  84.1"," 6","  77.8"," 6","1009.6"," 6","005.1"," 6"," 11.9"," 6","  2.9"," 6","  5.8","999.9","  91.4"," ","  76.6"," "," 0.20","A","999.9","000000"
"98653099999","2022-08-30","9.7833333","125.4833333","55.0","SURIGAO, RP","  83.2"," 7","  76.5"," 7","1007.6"," 7","003.1"," 7"," 10.5"," 7","  3.3"," 7","  5.8","999.9","  89.6"," ","  76.6"," "," 0.00","I","999.9","000000"
"98653099999","2022-08-31","9.7833333","125.4833333","55.0","SURIGAO, RP","  85.3"," 8","  77.2"," 8","1007.0"," 8","002.5"," 8"," 11.0"," 8","  2.7"," 8","  3.9","999.9","  93.9"," ","  76.1"," "," 0.00","I","999.9","000000"
"98653099999","2022-09-01","9.7833333","125.4833333","55.0","SURIGAO, RP","  87.7"," 4","  77.4"," 4","1008.8"," 4","004.3"," 4"," 12.4"," 4","  4.4"," 4","  7.8","999.9","  92.3","*","  76.6"," "," 0.00","I","999.9","000000"
"98653099999","2022-09-02","9.7833333","125.4833333","55.0","SURIGAO, RP","  86.5"," 4","  76.9"," 4","1008.2"," 4","003.8"," 4"," 10.3"," 4","  3.4"," 4","  5.8","999.9","  90.5","*","  76.3"," "," 0.00","I","999.9","000000"
"98653099999","2022-09-03","9.7833333","125.4833333","55.0","SURIGAO, RP","  84.6"," 6","  76.7"," 6","1008.2"," 6","003.7"," 6","  9.8"," 6","  3.2"," 6","  3.9","999.9","  91.4","*","  79.2","*"," 0.00","I","999.9","000000"
"98653099999","2022-09-04","9.7833333","125.4833333","55.0","SURIGAO, RP","  85.6"," 6","  77.5"," 6","1009.1"," 6","004.6"," 6","  9.4"," 6","  2.6"," 6","  3.9","999.9","  93.2"," ","  77.4"," "," 0.00","G","999.9","000000"
"98653099999","2022-09-05","9.7833333","125.4833333","55.0","SURIGAO, RP","  81.8"," 6","  76.7"," 6","1009.7"," 6","005.2"," 6","  9.3"," 6","  2.3"," 6","  3.9","999.9","  91.4"," ","  77.9","*"," 0.20","B","999.9","010000"
"98653099999","2022-09-06","9.7833333","125.4833333","55.0","SURIGAO, RP","  79.5"," 7","  76.0"," 7","1011.3"," 7","006.8"," 7"," 11.3"," 7","  2.8"," 7","  5.8","999.9","  89.6"," ","  68.0"," "," 0.16","A","999.9","010000"
"98653099999","2022-09-07","9.7833333","125.4833333","55.0","SURIGAO, RP","  83.5"," 6","  76.8"," 6","1010.7"," 6","006.2"," 6"," 12.5"," 6","  1.9"," 6","  3.9","999.9","  90.5","*","  78.1","*"," 0.00","I","999.9","000000"
"98653099999","2022-09-08","9.7833333","125.4833333","55.0","SURIGAO, RP","  83.0"," 8","  77.3"," 8","1010.5"," 8","006.0"," 8"," 11.3"," 8","  3.4"," 8","  7.8","999.9","  89.6"," ","  76.3"," "," 0.00","I","999.9","000000"
"98653099999","2022-09-09","9.7833333","125.4833333","55.0","SURIGAO, RP","  82.9"," 8","  76.2"," 8","1010.3"," 8","005.8"," 8"," 10.3"," 8","  3.4"," 8","  5.8","999.9","  92.3"," ","  76.8"," "," 0.00","B","999.9","010000"
"98653099999","2022-09-10","9.7833333","125.4833333","55.0","SURIGAO, RP","  85.1"," 8","  75.1"," 8","1010.1"," 8","005.6"," 8"," 12.3"," 8","  2.7"," 8","  3.9","999.9","  95.0"," ","  76.1"," "," 0.00","G","999.9","000000"
"98653099999","2022-09-11","9.7833333","125.4833333","55.0","SURIGAO, RP","  85.4"," 8","  75.5"," 8","1009.1"," 8","004.6"," 8"," 10.6"," 8","  3.6"," 8","  5.8","999.9","  95.0"," ","  76.3"," "," 0.00","I","999.9","000000"
"98653099999","2022-09-12","9.7833333","125.4833333","55.0","SURIGAO, RP","  84.6"," 7","  75.0"," 7","1009.0"," 7","004.5"," 7"," 11.9"," 7","  3.9"," 7","  7.8","999.9","  93.6"," ","  77.4"," "," 0.00","I","999.9","000000"
"98653099999","2022-09-13","9.7833333","125.4833333","55.0","SURIGAO, RP","  85.2"," 8","  75.7"," 8","1009.9"," 8","005.4"," 8"," 12.7"," 8","  3.2"," 8","  5.8","999.9","  95.0"," ","  77.0"," "," 0.00","I","999.9","000000"
"98653099999","2022-09-14","9.7833333","125.4833333","55.0","SURIGAO, RP","  86.5"," 7","  76.4"," 7","1009.5"," 7","005.0"," 7"," 11.6"," 7","  2.8"," 7","  5.8","999.9","  93.2"," ","  77.5"," "," 0.00","I","999.9","000000"
"98653099999","2022-09-15","9.7833333","125.4833333","55.0","SURIGAO, RP","  84.5"," 7","  77.1"," 7","1008.3"," 7","003.8"," 7","  8.7"," 7","  7.5"," 7","  9.7","999.9","  90.5"," ","  77.0"," "," 0.03","G","999.9","010000"
"98653099999","2022-09-16","9.7833333","125.4833333","55.0","SURIGAO, RP","  82.0"," 6","  75.9"," 6","1009.0"," 6","004.5"," 6","  8.7"," 6","  5.2"," 6","  9.7","999.9","  86.0"," ","  78.4"," "," 0.02","G","999.9","010000"
"98653099999","2022-09-17","9.7833333","125.4833333","55.0","SURIGAO, RP","  86.5"," 7","  75.6"," 7","1009.2"," 7","004.7"," 7"," 11.6"," 7","  3.6"," 7","  5.8","999.9","  95.0"," ","  75.2"," "," 0.01","G","999.9","000000"
"98653099999","2022-09-18","9.7833333","125.4833333","55.0","SURIGAO, RP","  87.0"," 5","  76.4"," 5","1009.3"," 5","004.8"," 5"," 11.7"," 5","  4.3"," 5","  5.8","999.9","  93.6","*","  77.7"," "," 0.00","G","999.9","000000"
"98653099999","2022-09-19","9.7833333","125.4833333","55.0","SURIGAO, RP","  84.9"," 6","  76.0"," 6","1009.3"," 6","004.8"," 6"," 11.4"," 6","  2.6"," 6","  3.9","999.9","  94.1"," ","  76.6"," "," 0.00","G","999.9","000000"
"98653099999","2022-09-20","9.7833333","125.4833333","55.0","SURIGAO, RP","  84.5"," 8","  76.1"," 8","1009.4"," 8","004.9"," 8"," 10.2"," 8","  3.6"," 8","  7.8","999.9","  93.2"," ","  77.0"," "," 0.00","I","999.9","000010"
"98653099999","2022-09-21","9.7833333","125.4833333","55.0","SURIGAO, RP","  84.7"," 4","  75.0"," 4","1009.6"," 4","005.1"," 4"," 10.6"," 4","  2.9"," 4","  3.9","999.9","  94.8"," ","  73.0"," "," 0.00","G","999.9","000010"
"98653099999","2022-09-22","9.7833333","125.4833333","55.0","SURIGAO, RP","  83.9"," 7","  75.0"," 7","1008.9"," 7","004.4"," 7"," 11.5"," 7","  3.1"," 7","  3.9","999.9","  94.1"," ","  73.8"," "," 0.01","G","999.9","000000"
"98653099999","2022-09-23","9.7833333","125.4833333","55.0","SURIGAO, RP","  83.5"," 7","  76.8"," 7","1007.9"," 6","003.4"," 6","  9.6"," 7","  3.6"," 7","  5.8","999.9","  89.6"," ","  77.0"," "," 0.00","G","999.9","010000"
"98653099999","2022-09-24","9.7833333","125.4833333","55.0","SURIGAO, RP","  83.8"," 6","  76.3"," 6","1005.0"," 6","000.5"," 6"," 10.3"," 6","  3.9"," 6","  5.8","999.9","  90.3","*","  77.9","*"," 0.01","A","999.9","010000"
"98653099999","2022-09-25","9.7833333","125.4833333","55.0","SURIGAO, RP","  84.6"," 5","  76.1"," 5","1005.8"," 5","001.3"," 5"," 12.1"," 5","  7.8"," 5"," 15.5","999.9","  87.8","*","  76.5"," "," 0.56","G","999.9","010000"
"98653099999","2022-09-26","9.7833333","125.4833333","55.0","SURIGAO, RP","  82.9"," 8","  76.4"," 8","1007.2"," 8","002.8"," 8"," 11.9"," 8","  3.6"," 8","  5.8","999.9","  91.4"," ","  75.6"," "," 0.01","G","999.9","000000"
"98653099999","2022-09-27","9.7833333","125.4833333","55.0","SURIGAO, RP","  84.6"," 7","  76.4"," 7","1007.5"," 7","003.0"," 7"," 10.9"," 7","  3.9"," 7","  5.8","999.9","  93.2"," ","  74.8"," "," 0.54","G","999.9","000000"
"98653099999","2022-09-28","9.7833333","125.4833333","55.0","SURIGAO, RP","  81.5"," 8","  76.5"," 8","1008.6"," 8","004.1"," 8","  9.6"," 8","  2.4"," 8","  3.9","999.9","  87.8"," ","  76.6"," "," 0.09","G","999.9","010000"
"98653099999","2022-09-29","9.7833333","125.4833333","55.0","SURIGAO, RP","  82.3"," 7","  77.0"," 7","1009.9"," 7","005.4"," 7"," 10.6"," 7","  5.0"," 7","  7.8","999.9","  87.1"," ","  72.7"," "," 0.13","G","999.9","000000"
"98653099999","2022-09-30","9.7833333","125.4833333","55.0","SURIGAO, RP","  83.6"," 6","  77.2"," 6","1010.7"," 6","006.2"," 6"," 10.5"," 6","  5.5"," 6","  7.8","999.9","  89.6"," ","  73.4"," "," 0.00","G","999.9","000010"
"98653099999","2022-10-01","9.7833333","125.4833333","55.0","SURIGAO, RP","  83.0"," 7","  77.6"," 7","1009.7"," 7","005.2"," 7"," 10.7"," 7","  4.7"," 7","  9.7","999.9","  89.6"," ","  72.0"," "," 0.35","G","999.9","010000"
"98653099999","2022-10-02","9.7833333","125.4833333","55.0","SURIGAO, RP","  84.4"," 5","  77.8"," 5","1008.3"," 5","003.8"," 5"," 11.4"," 5","  3.5"," 5","  5.8","999.9","  88.2","*","  74.8"," "," 0.20","G","999.9","010000"
"98653099999","2022-10-03","9.7833333","125.4833333","55.0","SURIGAO, RP","  81.9"," 6","  77.5"," 6","1009.7"," 6","005.2"," 6"," 10.4"," 6","  4.2"," 6","  5.8","999.9","  87.1"," ","  76.6"," "," 0.08","G","999.9","010000"
"98653099999","2022-10-04","9.7833333","125.4833333","55.0","SURIGAO, RP","  82.6"," 8","  76.9"," 8","1010.0"," 8","005.5"," 8"," 10.1"," 8","  3.4"," 8","  7.8","999.9","  88.7"," ","  73.4"," "," 0.00","G","999.9","000000"
"98653099999","2022-10-05","9.7833333","125.4833333","55.0","SURIGAO, RP","  77.3"," 6","  75.8"," 6","1010.4"," 6","005.9"," 6","  7.4"," 6","  3.9"," 6","  5.8","999.9","  83.3"," ","  73.8"," "," 0.06","G","999.9","010010"
"98653099999","2022-10-06","9.7833333","125.4833333","55.0","SURIGAO, RP","  82.1"," 7","  77.5"," 7","1009.8"," 7","005.3"," 7","  9.9"," 7","  3.6"," 7","  7.8","999.9","  89.6"," ","  73.4"," "," 1.51","G","999.9","000000"
"98653099999","2022-10-07","9.7833333","125.4833333","55.0","SURIGAO, RP","  84.1"," 6","  78.5"," 6","1009.4"," 6","004.9"," 6"," 10.8"," 6","  3.2"," 6","  3.9","999.9","  89.6"," ","  76.3"," "," 0.01","G","999.9","000000"
"98653099999","2022-10-08","9.7833333","125.4833333","55.0","SURIGAO, RP","  78.8"," 5","  76.5"," 5","1009.7"," 5","005.2"," 5","  8.2"," 5","  2.7"," 5","  3.9","999.9","  83.5"," ","  75.2"," "," 0.03","G","999.9","010000"
"98653099999","2022-10-09","9.7833333","125.4833333","55.0","SURIGAO, RP","  83.2"," 6","  77.8"," 6","1009.5"," 6","005.0"," 6"," 12.4"," 6","  3.2"," 6","  5.8","999.9","  89.6"," ","  73.2"," "," 0.20","G","999.9","000000"
"98653099999","2022-10-10","9.7833333","125.4833333","55.0","SURIGAO, RP","  83.8"," 8","  76.7"," 8","1008.1"," 8","003.6"," 8"," 11.5"," 8","  2.9"," 8","  5.8","999.9","  91.8"," ","  76.1"," "," 0.00","G","999.9","010010"
"98653099999","2022-10-11","9.7833333","125.4833333","55.0","SURIGAO, RP","  83.6"," 8","  76.4"," 8","1006.6"," 8","002.1"," 8"," 10.1"," 8","  3.6"," 8","  5.8","999.9","  91.4"," ","  76.1"," "," 0.01","G","999.9","010010"
"98653099999","2022-10-12","9.7833333","125.4833333","55.0","SURIGAO, RP","  85.4"," 6","  77.8"," 6","1006.6"," 6","002.1"," 6"," 10.5"," 6","  3.2"," 6","  5.8","999.9","  91.4"," ","  80.6","*"," 0.00","G","999.9","000000"
"98653099999","2022-10-13","9.7833333","125.4833333","55.0","SURIGAO, RP","  85.1"," 8","  77.4"," 8","1006.6"," 8","002.1"," 8"," 11.2"," 8","  4.1"," 8","  7.8","999.9","  91.4"," ","  76.6"," "," 0.00","I","999.9","000010"
"98653099999","2022-10-14","9.7833333","125.4833333","55.0","SURIGAO, RP","  84.6"," 7","  78.3"," 7","1005.8"," 7","001.3"," 7","  9.3"," 7","  5.5"," 7","  7.8","999.9","  91.4"," ","  80.2","*"," 2.05","A","999.9","010010"
"98653099999","2022-10-15","9.7833333","125.4833333","55.0","SURIGAO, RP","  85.8"," 6","  77.4"," 6","1006.3"," 6","002.2"," 5"," 11.0"," 6","  6.5"," 6","  9.7","999.9","  91.4"," ","  81.7","*"," 0.00","I","999.9","000000"
"98653099999","2022-10-16","9.7833333","125.4833333","55.0","SURIGAO, RP","  85.1"," 5","  76.8"," 5","1008.1"," 5","003.6"," 5"," 10.8"," 5","  3.9"," 5","  5.8","999.9","  91.4","*","  77.9"," "," 0.00","B","999.9","010000"
"98653099999","2022-10-17","9.7833333","125.4833333","55.0","SURIGAO, RP","  83.6"," 4","  75.9"," 4","1008.1"," 4","003.6"," 4"," 10.1"," 4","  3.4"," 4","  3.9","999.9","  91.4"," ","  80.2","*"," 0.08","B","999.9","010000"
"98653099999","2022-10-18","9.7833333","125.4833333","55.0","SURIGAO, RP","  83.7"," 5","  76.7"," 5","1008.7"," 5","004.2"," 5","  9.7"," 5","  3.9"," 5","  7.8","999.9","  90.5"," ","  79.5","*"," 0.00","A","999.9","000010"
"98653099999","2022-10-19","9.7833333","125.4833333","55.0","SURIGAO, RP","  80.3"," 7","  76.5"," 7","1010.2"," 7","005.7"," 7","  9.1"," 7","  4.7"," 7"," 11.7","999.9","  91.8"," ","  75.2"," "," 0.00","G","999.9","010010"
"98653099999","2022-10-20","9.7833333","125.4833333","55.0","SURIGAO, RP","  81.2"," 6","  77.2"," 6","1011.7"," 6","007.2"," 6"," 10.7"," 6","  2.3"," 6","  3.9","999.9","  86.7"," ","  74.3"," "," 0.97","G","999.9","000000"
"98653099999","2022-10-21","9.7833333","125.4833333","55.0","SURIGAO, RP","  81.8"," 4","  77.4"," 4","1011.6"," 4","007.1"," 4","  9.2"," 4","  3.9"," 4","  7.8","999.9","  87.8","*","  78.4","*"," 0.00","G","999.9","010000"
"98653099999","2022-10-22","9.7833333","125.4833333","55.0","SURIGAO, RP","  79.9"," 6","  77.7"," 6","1010.1"," 6","005.6"," 6","  6.9"," 6","  3.6"," 6","  5.8","999.9","  86.0"," ","  77.0","*"," 0.91","C","999.9","010000"
"98653099999","2022-10-23","9.7833333","125.4833333","55.0","SURIGAO, RP","  79.9"," 6","  77.4"," 6","1009.0"," 6","004.5"," 6","  9.5"," 6","  2.6"," 6","  3.9","999.9","  86.0"," ","  73.2"," "," 2.04","G","999.9","010000"
"98653099999","2022-10-24","9.7833333","125.4833333","55.0","SURIGAO, RP","  82.2"," 7","  78.1"," 7","1008.3"," 7","003.8"," 7"," 12.0"," 7","  3.3"," 7","  5.8","999.9","  87.8"," ","  75.2"," "," 0.18","G","999.9","010000"
"98653099999","2022-10-25","9.7833333","125.4833333","55.0","SURIGAO, RP","  79.3"," 7","  77.4"," 7","1008.1"," 7","003.6"," 7","  7.7"," 7","  2.5"," 7","  3.9","999.9","  84.2"," ","  73.4"," "," 0.91","G","999.9","010010"
"98653099999","2022-10-26","9.7833333","125.4833333","55.0","SURIGAO, RP","  78.7"," 6","  76.8"," 6","1006.6"," 6","002.1"," 6","  7.6"," 6","  3.2"," 6","  5.8","999.9","  82.4"," ","  73.0"," "," 1.93","G","999.9","010000"
"98653099999","2022-10-27","9.7833333","125.4833333","55.0","SURIGAO, RP","  82.8"," 7","  77.9"," 7","1003.8"," 7","998.7"," 7"," 10.9"," 7","  6.1"," 7","  7.8","999.9","  89.2"," ","  74.3"," "," 0.25","G","999.9","010000"
"98653099999","2022-10-28","9.7833333","125.4833333","55.0","SURIGAO, RP","  80.4","19","  74.0","19","1000.6","19","996.1","19","  7.8","19","  7.3","19"," 13.6","999.9","  82.8","*","  75.2"," "," 0.97","G","999.9","010010"
"98653099999","2022-10-30","9.7833333","125.4833333","55.0","SURIGAO, RP","  85.0"," 6","  78.1"," 6","1006.5"," 6","002.0"," 6"," 11.0"," 6","  3.2"," 6","  5.8","999.9","  91.8"," ","  79.5","*"," 0.00","I","999.9","000000"
"98653099999","2022-10-31","9.7833333","125.4833333","55.0","SURIGAO, RP","  84.1"," 7","  78.2"," 7","1008.2"," 7","003.7"," 7"," 10.3"," 7","  3.1"," 7","  9.7","999.9","  90.3","*","  75.7"," "," 0.00","I","999.9","000000"
"98653099999","2022-11-01","9.7833333","125.4833333","55.0","SURIGAO, RP","  82.5"," 5","  77.2"," 5","1008.8"," 5","004.3"," 5","  8.9"," 5","  4.3"," 5","  7.8","999.9","  86.9","*","  78.8","*"," 0.04","C","999.9","010000"
"98653099999","2022-11-02","9.7833333","125.4833333","55.0","SURIGAO, RP","  80.3"," 7","  76.4"," 7","1010.6"," 7","006.1"," 7","  9.8"," 7","  3.3"," 7","  5.8","999.9","  85.6"," ","  74.5"," "," 0.04","A","999.9","010000"
"98653099999","2022-11-03","9.7833333","125.4833333","55.0","SURIGAO, RP","  78.7"," 7","  75.8"," 7","1010.9"," 7","006.4"," 7","  7.5"," 7","  4.2"," 7","  5.8","999.9","  82.4"," ","  77.0","*"," 0.05","D","999.9","010000"
"98653099999","2022-11-04","9.7833333","125.4833333","55.0","SURIGAO, RP","  81.5"," 4","  77.4"," 4","1012.3"," 4","007.8"," 4","  8.9"," 4","  3.9"," 4","  7.8","999.9","  87.8"," ","  74.3"," "," 0.30","G","999.9","000010"
"98653099999","2022-11-05","9.7833333","125.4833333","55.0","SURIGAO, RP","  82.0"," 6","  76.2"," 6","1011.5"," 6","007.0"," 6"," 12.0"," 6","  2.3"," 6","  3.9","999.9","  89.6"," ","  73.0"," "," 0.01","G","999.9","000000"
"98653099999","2022-11-06","9.7833333","125.4833333","55.0","SURIGAO, RP","  82.4"," 7","  77.4"," 7","1010.1"," 7","005.7"," 7"," 10.2"," 7","  3.6"," 7","  9.7","999.9","  90.0"," ","  75.7"," "," 0.00","G","999.9","010000"
"98653099999","2022-11-07","9.7833333","125.4833333","55.0","SURIGAO, RP","  82.4"," 6","  77.6"," 6","1009.9"," 6","005.4"," 6"," 10.5"," 6","  2.9"," 6","  3.9","999.9","  87.8"," ","  76.1"," "," 0.34","G","999.9","000000"
"98653099999","2022-11-08","9.7833333","125.4833333","55.0","SURIGAO, RP","  85.5"," 5","  79.1"," 5","1009.9"," 5","005.4"," 5"," 12.6"," 5","  3.9"," 5","  5.8","999.9","  89.6"," ","  76.1"," "," 0.13","G","999.9","010000"
"98653099999","2022-11-09","9.7833333","125.4833333","55.0","SURIGAO, RP","  80.1"," 8","  76.5"," 8","1010.1"," 8","005.6"," 8","  9.1"," 8","  3.9"," 8","  7.8","999.9","  87.8"," ","  73.4"," "," 0.16","G","999.9","010010"
"98653099999","2022-11-10","9.7833333","125.4833333","55.0","SURIGAO, RP","  80.7"," 6","  76.0"," 6","1009.7"," 6","005.2"," 6"," 10.1"," 6","  5.2"," 6","  9.7","999.9","  85.1","*","  74.5"," "," 0.30","G","999.9","010000"
"98653099999","2022-11-11","9.7833333","125.4833333","55.0","SURIGAO, RP","  81.0"," 6","  76.7"," 6","1010.0"," 6","005.5"," 6"," 10.7"," 6","  3.6"," 6","  7.8","999.9","  87.8"," ","  73.4"," "," 0.37","G","999.9","010010"
"98653099999","2022-11-12","9.7833333","125.4833333","55.0","SURIGAO, RP","  82.4"," 5","  77.0"," 5","1009.3"," 5","004.8"," 5","  7.5"," 5","  3.9"," 5","  5.8","999.9","  89.6"," ","  78.3","*"," 0.00","G","999.9","010000"
"98653099999","2022-11-13","9.7833333","125.4833333","55.0","SURIGAO, RP","  79.3"," 6","  77.0"," 6","1009.6"," 6","005.1"," 6","  6.9"," 6","  3.2"," 6","  7.8","999.9","  83.5"," ","  76.3"," "," 0.52","G","999.9","010000"
"98653099999","2022-11-14","9.7833333","125.4833333","55.0","SURIGAO, RP","  81.7"," 7","  76.7"," 7","1008.5"," 7","004.0"," 7","  9.6"," 7","  3.3"," 7","  7.8","999.9","  89.6"," ","  75.6"," "," 1.61","G","999.9","010010"
"98653099999","2022-11-15","9.7833333","125.4833333","55.0","SURIGAO, RP","  83.5"," 6","  77.1"," 6","1007.8"," 6","003.3"," 6"," 11.9"," 6","  3.6"," 6","  7.8","999.9","  87.8"," ","  79.2","*"," 0.00","G","999.9","000000"
"98653099999","2022-11-16","9.7833333","125.4833333","55.0","SURIGAO, RP","  80.9"," 5","  76.6"," 5","1008.6"," 5","004.1"," 5","  8.7"," 5","  3.9"," 5","  7.8","999.9","  87.8"," ","  76.1"," "," 0.02","G","999.9","010000"
"98653099999","2022-11-17","9.7833333","125.4833333","55.0","SURIGAO, RP","  79.6"," 6","  76.0"," 6","1008.6"," 6","004.1"," 6","  9.0"," 6","  3.9"," 6","  9.7","999.9","  82.4"," ","  74.5"," "," 0.33","G","999.9","010000"
"98653099999","2022-11-18","9.7833333","125.4833333","55.0","SURIGAO, RP","  76.9"," 5","  75.6"," 5","1009.3"," 5","004.9"," 5","  6.3"," 5","  4.3"," 5","  7.8","999.9","  77.7","*","  74.8"," "," 1.61","G","999.9","010000"
"98653099999","2022-11-19","9.7833333","125.4833333","55.0","SURIGAO, RP","  80.2"," 6","  75.9"," 6","1008.9"," 6","004.4"," 6","  9.9"," 6","  2.6"," 6","  5.8","999.9","  86.0"," ","  74.3"," "," 0.98","G","999.9","000000"
"98653099999","2022-11-20","9.7833333","125.4833333","55.0","SURIGAO, RP","  79.2"," 6","  76.0"," 6","1009.0"," 6","004.5"," 6","  9.5"," 6","  1.9"," 6","  3.9","999.9","  84.2"," ","  74.1"," "," 0.00","G","999.9","010000"
"98653099999","2022-11-21","9.7833333","125.4833333","55.0","SURIGAO, RP","  82.2"," 6","  76.6"," 6","1009.5"," 6","005.0"," 6"," 11.4"," 6","  4.2"," 6","  7.8","999.9","  89.6"," ","  77.4","*"," 0.00","B","999.9","010000"
"98653099999","2022-11-22","9.7833333","125.4833333","55.0","SURIGAO, RP","  83.2"," 6","  76.6"," 6","1009.9"," 6","005.4"," 6"," 11.2"," 6","  2.6"," 6","  5.8","999.9","  87.8"," ","  76.1"," "," 0.10","G","999.9","000000"
"98653099999","2022-11-23","9.7833333","125.4833333","55.0","SURIGAO, RP","  82.6"," 7","  76.5"," 7","1010.9"," 7","006.4"," 7","  9.6"," 7","  4.4"," 7","  9.7","999.9","  90.3"," ","  76.8"," "," 0.01","G","999.9","010010"
"98653099999","2022-11-24","9.7833333","125.4833333","55.0","SURIGAO, RP","  81.8"," 8","  76.6"," 8","1011.3"," 8","006.8"," 8"," 11.1"," 8","  5.8"," 8","  9.7","999.9","  89.2"," ","  74.5"," "," 0.22","G","999.9","000000"
"98653099999","2022-11-25","9.7833333","125.4833333","55.0","SURIGAO, RP","  82.0"," 6","  75.3"," 6","1012.4"," 6","007.9"," 6","  9.3"," 6","  5.5"," 6","  9.7","999.9","  89.6"," ","  75.2"," "," 0.08","G","999.9","000000"
"98653099999","2022-11-26","9.7833333","125.4833333","55.0","SURIGAO, RP","  84.1"," 5","  75.6"," 5","1011.4"," 5","006.9"," 5"," 11.1"," 5","  4.7"," 5","  7.8","999.9","  88.2"," ","  75.9"," "," 0.00","G","999.9","000000"
"98653099999","2022-11-27","9.7833333","125.4833333","55.0","SURIGAO, RP","  81.5"," 6","  75.4"," 6","1010.1"," 6","005.6"," 6","  9.0"," 6","  2.9"," 6","  7.8","999.9","  89.6"," ","  76.1"," "," 0.13","G","999.9","010000"
"98653099999","2022-11-28","9.7833333","125.4833333","55.0","SURIGAO, RP","  83.9"," 5","  77.1"," 5","1009.9"," 5","005.4"," 5"," 11.4"," 5","  5.1"," 5","  7.8","999.9","  91.4"," ","  74.5"," "," 1.22","G","999.9","010000"
"98653099999","2022-11-29","9.7833333","125.4833333","55.0","SURIGAO, RP","  83.6"," 4","  76.4"," 4","1009.0"," 4","004.5"," 4","  9.5"," 4","  6.8"," 4","  9.7","999.9","  87.4","*","  76.1"," "," 0.25","G","999.9","000010"
"98653099999","2022-11-30","9.7833333","125.4833333","55.0","SURIGAO, RP","  77.7"," 8","  76.1"," 8","1008.3"," 8","003.8"," 8","  4.8"," 8","  4.1"," 8","  7.8","999.9","  82.0"," ","  74.1"," "," 1.58","G","999.9","010010"
"98653099999","2022-12-01","9.7833333","125.4833333","55.0","SURIGAO, RP","  80.5"," 5","  76.1"," 5","1008.0"," 5","003.5"," 5","  7.8"," 5","  5.8"," 5","  9.7","999.9","  86.4","*","  74.3"," "," 4.59","G","999.9","010000"
"98653099999","2022-12-02","9.7833333","125.4833333","55.0","SURIGAO, RP","  81.0"," 5","  77.5"," 5","1007.7"," 5","003.2"," 5","  7.5"," 5","  4.3"," 5","  9.7","999.9","  86.0"," ","  77.7","*"," 0.00","G","999.9","010000"
"98653099999","2022-12-03","9.7833333","125.4833333","55.0","SURIGAO, RP","  81.1"," 8","  76.4"," 8","1008.4"," 8","003.9"," 8","  9.6"," 8","  3.4"," 8","  5.8","999.9","  88.2"," ","  75.2"," "," 0.41","G","999.9","010000"
"98653099999","2022-12-04","9.7833333","125.4833333","55.0","SURIGAO, RP","  80.8"," 5","  76.6"," 5","1009.4"," 5","004.9"," 5","  8.0"," 5","  2.7"," 5","  5.8","999.9","  87.8"," ","  75.6"," "," 0.18","G","999.9","010010"
"98653099999","2022-12-05","9.7833333","125.4833333","55.0","SURIGAO, RP","  77.3"," 6","  74.4"," 6","1009.8"," 6","005.3"," 6"," 10.1"," 6","  3.2"," 6","  3.9","999.9","  80.6"," ","  73.0"," "," 2.29","G","999.9","000010"
"98653099999","2022-12-06","9.7833333","125.4833333","55.0","SURIGAO, RP","  78.2"," 4","  74.2"," 4","1008.5"," 4","004.0"," 4","  9.3"," 4","  2.9"," 4","  3.9","999.9","  81.5","*","  73.8"," "," 0.14","G","999.9","000000"
"98653099999","2022-12-07","9.7833333","125.4833333","55.0","SURIGAO, RP","  82.7"," 7","  75.0"," 7","1008.3"," 7","003.8"," 7"," 10.6"," 7","  3.6"," 7","  5.8","999.9","  88.2"," ","  73.4"," "," 0.57","G","999.9","010000"
"98653099999","2022-12-08","9.7833333","125.4833333","55.0","SURIGAO, RP","  76.9"," 5","  74.7"," 5","1006.4"," 5","001.9"," 5","  6.0"," 5","  3.5"," 5","  3.9","999.9","  80.6"," ","  76.1","*"," 0.00","G","999.9","010000"
"98653099999","2022-12-09","9.7833333","125.4833333","55.0","SURIGAO, RP","  78.1"," 9","  74.9"," 9","1005.4"," 9","000.9"," 9","  9.0"," 9","  2.8"," 9","  3.9","999.9","  82.0","*","  74.8"," "," 0.95","G","999.9","010000"
"98653099999","2022-12-10","9.7833333","125.4833333","55.0","SURIGAO, RP","  85.1"," 9","  75.7"," 9","1006.1"," 9","001.6"," 9"," 13.3"," 9","  4.3"," 9","  7.8","999.9","  90.5"," ","  81.0","*"," 0.00","G","999.9","000000"
"98653099999","2022-12-11","9.7833333","125.4833333","55.0","SURIGAO, RP","  81.6"," 7","  72.5"," 7","1007.4"," 7","002.9"," 7"," 10.4"," 7","  3.1"," 7","  3.9","999.9","  89.6"," ","  76.3","*"," 0.00","I","999.9","000000"
"98653099999","2022-12-12","9.7833333","125.4833333","55.0","SURIGAO, RP","  81.4"," 8","  76.3"," 8","1008.1"," 8","003.6"," 8","  9.6"," 8","  2.2"," 8","  3.9","999.9","  87.4"," ","  75.0"," "," 0.29","G","999.9","010000"
"98653099999","2022-12-13","9.7833333","125.4833333","55.0","SURIGAO, RP","  82.5"," 5","  76.6"," 5","1009.6"," 5","005.1"," 5","  8.1"," 5","  3.9"," 5","  5.8","999.9","  89.6"," ","  77.7","*"," 0.00","G","999.9","010000"
"98653099999","2022-12-14","9.7833333","125.4833333","55.0","SURIGAO, RP","  79.6"," 7","  77.1"," 7","1009.2"," 7","004.7"," 7","  8.6"," 7","  3.6"," 7","  5.8","999.9","  82.4"," ","  74.8"," "," 0.98","G","999.9","010010"
"98653099999","2022-12-15","9.7833333","125.4833333","55.0","SURIGAO, RP","  80.9"," 7","  76.5"," 7","1007.6"," 7","003.1"," 7","  9.1"," 7","  3.9"," 7","  5.8","999.9","  89.6"," ","  76.6"," "," 1.35","G","999.9","010000"
"98653099999","2022-12-16","9.7833333","125.4833333","55.0","SURIGAO, RP","  81.9"," 5","  76.4"," 5","1006.4"," 5","002.8"," 5","  9.3"," 5","  5.1"," 5","  9.7","999.9","  86.0"," ","  81.0","*"," 0.00","G","999.9","010000"
"98653099999","2022-12-17","9.7833333","125.4833333","55.0","SURIGAO, RP","  80.4"," 6","  76.4"," 6","1007.8"," 6","003.3"," 6","  9.0"," 6","  4.9"," 6","  7.8","999.9","  87.8"," ","  76.1"," "," 0.05","G","999.9","010010"
"98653099999","2022-12-18","9.7833333","125.4833333","55.0","SURIGAO, RP","  80.9"," 4","9999.9"," 0","1006.8"," 4","002.2"," 4","  6.5"," 4","  3.4"," 4","  5.8","999.9","  86.9"," ","  74.3"," "," 1.19","G","999.9","010010"
"98653099999","2022-12-19","9.7833333","125.4833333","55.0","SURIGAO, RP","  78.8"," 6","  74.5"," 6","1006.2"," 6","001.7"," 6"," 11.0"," 6","  5.5"," 6","  7.8","999.9","  81.7","*","  73.4"," "," 1.00","G","999.9","010000"
"98653099999","2022-12-20","9.7833333","125.4833333","55.0","SURIGAO, RP","  76.3"," 8","  74.4"," 8","1005.4"," 8","000.9"," 8","  6.1"," 8","  4.1"," 8","  5.8","999.9","  81.5"," ","  74.3"," "," 0.80","G","999.9","010000"
"98653099999","2022-12-21","9.7833333","125.4833333","55.0","SURIGAO, RP","  78.3"," 7","  75.8"," 7","1004.9"," 7","000.4"," 7","  9.9"," 7","  1.9"," 7","  1.9","999.9","  85.6"," ","  71.6"," "," 3.06","G","999.9","010000"
"98653099999","2022-12-22","9.7833333","125.4833333","55.0","SURIGAO, RP","  79.8"," 5","  75.6"," 5","1004.5"," 5","000.0"," 5"," 10.3"," 5","  3.1"," 5","  3.9","999.9","  84.6"," ","  74.1"," "," 0.02","G","999.9","000000"
"98653099999","2022-12-23","9.7833333","125.4833333","55.0","SURIGAO, RP","  81.5"," 6","  76.9"," 6","1005.3"," 6","000.8"," 6"," 10.6"," 6","  2.9"," 6","  5.8","999.9","  86.0","*","  76.1"," "," 0.02","G","999.9","010000"
"98653099999","2022-12-24","9.7833333","125.4833333","55.0","SURIGAO, RP","  80.7"," 4","  75.4"," 4","1007.1"," 4","002.6"," 4","  9.8"," 4","  6.3"," 4"," 17.5","999.9","  84.2","*","  73.4"," "," 0.56","G","999.9","010000"
"98653099999","2022-12-25","9.7833333","125.4833333","55.0","SURIGAO, RP","  75.7"," 6","  74.3"," 6","1010.2"," 6","005.7"," 6","  3.9"," 6","  6.2"," 6","  9.7","999.9","  76.1","*","  72.0"," "," 6.09","G","999.9","010000"
"98653099999","2022-12-26","9.7833333","125.4833333","55.0","SURIGAO, RP","  74.5"," 7","  73.7"," 7","1012.1"," 7","007.6"," 7","  4.1"," 7","  4.7"," 7","  9.7","999.9","  77.7"," ","  72.5"," "," 3.47","G","999.9","010000"
"98653099999","2022-12-27","9.7833333","125.4833333","55.0","SURIGAO, RP","  76.4"," 8","  74.3"," 8","1011.6"," 8","007.1"," 8","  5.7"," 8","  4.9"," 8","  9.7","999.9","  80.2"," ","  72.5"," "," 4.90","G","999.9","010000"
"98653099999","2022-12-28","9.7833333","125.4833333","55.0","SURIGAO, RP","  77.2"," 6","  75.2"," 6","1010.5"," 6","006.0"," 6","  6.5"," 6","  1.9"," 6","  3.9","999.9","  82.4"," ","  71.8"," "," 1.28","G","999.9","010000"
"98653099999","2022-12-29","9.7833333","125.4833333","55.0","SURIGAO, RP","  81.5"," 6","  76.2"," 6","1010.7"," 6","006.2"," 6"," 10.8"," 6","  2.9"," 6","  3.9","999.9","  86.0"," ","  73.4"," "," 0.28","G","999.9","000000"
"98653099999","2022-12-31","9.7833333","125.4833333","55.0","SURIGAO, RP","  81.1"," 6","  75.9"," 6","1012.1"," 6","007.6"," 6","  8.8"," 6","  2.9"," 6","  3.9","999.9","  89.6"," ","  76.6"," "," 0.24","B","999.9","010000"
